0	0	0	760	0	0	0	751	0	0	0	0	804	-16	0	88
12	-98	175	190	0	-17	32	643	0	0	0	0	646	-16	-108	88
24	51	-166	180	0	-3	-5	554	0	0	0	0	513	-18	-196	88
36	24	33	-230	2	2	2	404	0	0	0	0	401	-24	-266	88
54	-28	111	280	2	-2	11	277	0	0	0	0	263	-37	-346	88
66	45	-172	-910	1	0	1	158	0	0	0	0	187	-48	-387	88
75	45	-172	-910	4	4	-16	51	0	0	0	0	153	-54	-403	88
87	-81	151	-380	4	-11	15	-31	0	0	0	0	92	-67	-428	88
105	-67	9	10	5	-3	-14	32	0	0	0	0	11	-89	-459	88
117	-63	111	-110	6	-14	1	15	0	0	0	0	-33	-104	-474	88
135	-89	149	220	3	-31	37	42	0	0	0	0	-91	-128	-494	88
147	-19	13	120	3	-28	31	56	0	0	0	0	-127	-145	-505	88
165	1	27	100	2	-23	27	70	0	0	0	0	-171	-165	-518	88
177	1	27	100	0	-17	27	75	0	0	0	0	-196	-178	-525	88
192	-10	32	-430	0	-13	23	11	0	0	0	0	-223	-194	-529	88
204	-1	-63	-40	0	-10	14	-33	0	0	0	0	-250	-211	-531	88
222	0	26	-30	0	-7	9	-31	0	0	0	0	-287	-236	-532	88
234	-4	-27	-20	0	-5	1	-28	0	0	0	0	-312	-253	-532	88
252	0	0	70	0	-9	4	2	0	0	0	0	-350	-279	-534	88
264	4	-21	-450	0	-6	0	-37	0	0	0	2	-375	-297	-534	88
282	4	-26	70	0	-2	-6	-49	0	0	2	4	-410	-325	-531	88
294	-70	-2	-510	0	-7	-7	-84	0	0	3	6	-431	-343	-529	88
312	-154	-108	-830	-3	-21	-18	-84	0	-2	4	9	-467	-373	-523	88
324	-154	-108	-830	-2	-46	-35	-225	0	-4	5	11	-488	-392	-517	88
342	-88	29	-840	-4	-64	-60	-214	0	-7	7	14	-520	-421	-508	88
360	-88	29	-840	-6	-70	-34	-382	0	-10	9	19	-547	-447	-497	88
378	-56	-83	-1160	-8	-70	-27	-537	0	-13	11	25	-573	-474	-485	88
396	-32	-98	370	-7	-60	-44	-448	0	-16	14	31	-601	-504	-470	88
414	-280	-37	-690	-9	-91	-83	-331	0	-19	17	36	-630	-533	-458	88
432	-48	-24	-920	-12	-96	-67	-470	-3	-25	17	42	-656	-566	-438	88
450	-493	-406	-1140	-16	-151	-121	-437	-6	-32	18	50	-683	-600	-417	88
468	-132	-20	-1070	-18	-174	-124	-613	-9	-39	19	57	-706	-636	-391	88
486	-251	102	-300	-21	-189	-167	-518	-11	-47	21	66	-731	-675	-363	88
504	-329	-544	-790	-26	-220	-216	-551	-14	-56	23	75	-754	-713	-336	88
522	-284	101	-140	-25	-236	-129	-438	-16	-65	23	83	-777	-751	-312	88
540	-318	-274	-350	-34	-271	-166	-402	-19	-75	23	92	-800	-791	-288	88
558	-246	-131	-20	-34	-275	-179	-353	-22	-86	22	101	-820	-825	-269	88
576	-572	-546	-880	-42	-329	-244	-425	-25	-97	20	110	-840	-859	-249	88
606	-311	-244	-340	-53	-378	-256	-178	-33	-119	15	128	-878	-909	-233	88
624	-396	-348	1200	-59	-379	-286	-149	-39	-133	14	139	-904	-942	-221	88
639	-626	-470	300	-60	-404	-309	17	-42	-144	13	148	-922	-959	-219	88
657	-495	-439	450	-68	-441	-344	120	-47	-161	12	162	-946	-976	-218	88
675	-594	-386	270	-73	-464	-363	190	-53	-179	11	177	-965	-987	-218	88
696	-568	-432	640	-78	-485	-378	307	-58	-198	10	192	-982	-991	-224	88
714	-834	-596	640	-83	-557	-423	397	-64	-218	9	207	-1000	-989	-234	88
732	-487	-421	1140	-86	-592	-441	534	-68	-236	9	223	-1018	-982	-248	88
753	-487	-421	1140	-94	-562	-435	697	-74	-254	9	238	-1035	-972	-265	88
771	-766	-504	670	-95	-616	-452	688	-78	-269	11	252	-1049	-962	-282	88
789	-659	-853	530	-99	-650	-539	675	-81	-284	14	267	-1065	-949	-296	88
801	-855	-504	540	-100	-670	-563	648	-83	-292	16	275	-1075	-941	-304	88
813	-739	-668	160	-102	-693	-568	589	-85	-300	18	283	-1083	-933	-311	88
831	-1129	-724	-510	-105	-742	-598	388	-88	-312	21	296	-1092	-925	-312	88
849	-877	-620	-290	-107	-820	-620	166	-91	-324	24	310	-1097	-922	-304	88
873	-907	-818	-510	-111	-842	-639	-105	-95	-337	28	326	-1093	-928	-274	88
897	-805	-894	-610	-111	-868	-705	66	-99	-350	32	341	-1094	-928	-254	88
915	-841	-414	-830	-112	-857	-664	-157	-102	-359	35	353	-1090	-933	-231	88
936	-1088	-735	-30	-115	-922	-757	-53	-105	-368	38	365	-1075	-926	-208	88
954	-1088	-735	-30	-114	-966	-750	-46	-105	-376	41	376	-1060	-926	-175	88
978	-1137	-831	-500	-117	-984	-772	-218	-108	-386	45	388	-1037	-935	-113	88
996	-823	-661	-630	-117	-993	-769	-306	-108	-392	47	395	-1021	-945	-81	88
1014	-1036	-823	-70	-117	-987	-769	-286	-109	-398	46	403	-1006	-954	-57	88
1032	-1043	-841	-580	-114	-1001	-787	-455	-109	-402	44	409	-986	-969	-40	88
1050	-839	-675	-330	-115	-972	-771	-440	-109	-405	41	414	-967	-985	-28	88
1068	-1059	-808	210	-117	-1028	-826	-550	-109	-408	38	417	-929	-987	20	88
1086	-1043	-848	0	-116	-1033	-828	-383	-109	-411	35	419	-884	-975	57	88
1107	-943	-761	220	-118	-997	-807	-223	-109	-414	32	419	-841	-961	86	88
1128	-1307	-1049	40	-120	-1050	-848	-136	-111	-417	28	419	-793	-935	109	88
1146	-832	-803	230	-121	-990	-835	-36	-112	-420	23	419	-742	-902	128	88
1170	-972	-816	980	-111	-969	-812	157	-111	-424	15	418	-680	-855	142	88
1188	-1288	-1068	1780	-104	-1000	-837	459	-108	-426	10	416	-628	-806	129	88
1212	-1075	-801	50	-92	-1063	-857	583	-103	-426	5	415	-556	-739	83	88
1230	-854	-823	10	-81	-1013	-819	613	-97	-424	2	412	-497	-683	59	88
1248	-905	-765	380	-73	-978	-808	518	-90	-421	0	409	-438	-627	42	88
1272	-491	-614	-310	-60	-910	-776	400	-79	-414	0	405	-364	-548	26	88
1290	-993	-1070	440	-51	-912	-808	242	-71	-408	0	401	-301	-486	48	88
1308	-993	-1070	440	-44	-933	-878	294	-63	-401	0	393	-219	-372	81	88
1326	-627	-606	-1690	-39	-879	-840	-71	-56	-393	-1	379	-147	-262	116	88
1344	-756	-1029	-950	-34	-834	-856	-367	-50	-380	-4	358	-89	-177	154	88
1365	-1028	-1142	1000	-31	-818	-862	-318	-44	-362	-7	332	-37	-107	191	88
1383	-665	-697	650	-21	-804	-853	-26	-38	-342	-10	305	10	-49	216	88
1401	-447	-752	-1170	-11	-706	-824	-335	-31	-323	-12	281	50	1	246	88
1422	-484	-414	-920	-6	-656	-738	-421	-23	-301	-15	256	90	44	278	88
1440	-329	-676	10	0	-545	-688	-221	-16	-280	-17	233	129	84	303	88
1458	-311	-425	-690	6	-482	-635	-290	-10	-258	-20	211	166	121	327	88
1476	-142	-169	-570	12	-389	-508	-365	-4	-235	-23	191	199	156	351	88
1497	163	-305	-680	19	-282	-458	-340	1	-211	-25	170	235	190	369	88
1515	-243	-201	-790	23	-228	-419	-150	5	-188	-28	150	272	223	379	88
1533	9	-121	-680	26	-183	-344	-302	8	-166	-31	132	306	257	395	88
1551	9	-121	-680	30	-129	-283	-403	12	-146	-32	116	333	284	409	88
1566	65	5	1380	31	-91	-228	-63	14	-132	-33	107	352	299	408	88
1581	228	-115	980	32	-36	-213	-40	16	-119	-35	99	374	317	411	88
1602	245	116	10	36	2	-153	-137	19	-100	-38	86	409	349	416	88
1620	170	76	-120	36	59	-83	-109	22	-82	-40	72	441	378	419	88
1638	202	-43	1110	37	86	-79	169	25	-64	-41	56	479	406	413	88
1656	256	-147	510	41	121	-78	363	28	-47	-43	39	515	430	402	88
1674	88	57	1080	43	149	-40	393	31	-32	-44	23	552	455	389	88
1686	88	57	1080	46	136	-21	522	33	-22	-46	11	577	470	379	88
1710	398	-79	120	50	208	0	446	37	-3	-50	-11	629	501	358	88
1728	325	234	1450	50	252	10	489	40	8	-53	-28	668	522	341	88
1746	325	234	1450	55	271	70	748	43	20	-54	-45	703	538	320	88
1761	516	313	30	59	287	94	676	45	28	-56	-55	730	549	305	88
1770	516	313	30	59	309	115	611	46	32	-57	-61	742	555	298	88
1791	588	104	410	62	314	110	632	49	46	-59	-78	785	570	271	88
1809	526	284	580	67	375	141	603	52	60	-61	-95	826	585	246	88
1827	744	234	1060	73	387	130	703	55	74	-64	-112	872	597	204	88
1845	416	175	660	75	420	146	723	58	87	-67	-127	918	606	147	88
1860	675	326	860	79	468	180	748	61	95	-69	-138	950	612	118	88
1878	562	300	590	83	497	217	682	65	108	-72	-154	1000	621	85	88
1896	598	269	2370	93	520	233	993	71	123	-75	-172	1049	622	61	88
1914	713	271	1210	98	541	250	805	77	135	-78	-187	1099	624	43	88
1932	746	265	860	111	590	254	878	84	149	-81	-205	1145	624	30	88
1950	746	265	860	118	631	256	872	91	162	-84	-220	1185	624	21	88
1968	678	283	1510	125	645	287	792	98	177	-89	-238	1226	625	-3	88
1986	978	498	310	133	735	344	660	105	191	-94	-255	1272	622	-54	88
1998	966	336	1220	133	758	343	716	107	196	-96	-261	1293	617	-77	88
2022	942	297	2440	152	820	343	941	118	219	-104	-287	1368	597	-161	88
2040	932	655	890	161	851	397	1052	127	239	-110	-314	1427	575	-231	88
2058	1188	633	1070	168	920	462	1041	136	261	-116	-343	1480	553	-293	88
2082	1240	369	-570	184	959	414	764	148	288	-124	-381	1552	526	-369	88
2106	2569	1185	-1390	203	1187	479	222	164	313	-132	-415	1616	515	-419	88
2124	1222	670	1270	225	1188	506	307	178	331	-138	-437	1666	509	-457	88
2145	1222	670	1270	235	1196	549	567	192	349	-144	-456	1710	500	-494	88
2163	1222	670	1270	269	1202	580	757	209	368	-152	-476	1753	494	-524	88
2181	1256	658	1560	280	1220	565	890	226	387	-159	-496	1798	481	-562	88
2193	1184	630	270	300	1212	576	772	238	400	-165	-511	1829	470	-590	88
2205	1474	391	1900	305	1261	540	985	250	414	-171	-525	1863	451	-626	88
2217	1146	412	-210	309	1268	513	947	260	427	-176	-539	1893	437	-656	88
2229	2275	887	1630	325	1458	583	1076	271	441	-182	-553	1927	420	-690	88
2247	1712	649	-310	343	1476	596	935	289	460	-191	-575	1978	394	-743	88
2265	1608	523	970	369	1528	596	725	307	479	-199	-599	2024	373	-789	88
2280	1104	407	-290	382	1446	560	531	319	492	-204	-614	2057	361	-819	88
2292	2369	806	-110	396	1621	606	408	333	507	-210	-631	2089	352	-847	88
2310	1442	477	-1130	445	1647	612	77	359	528	-217	-659	2136	352	-878	88
2328	1832	750	-1090	492	1664	626	-241	390	549	-225	-686	2178	368	-896	88
2352	1511	497	-1530	550	1659	619	-614	436	578	-234	-716	2223	400	-905	88
2370	1889	1024	-910	588	1720	727	-693	473	602	-242	-740	2255	433	-905	88
2388	1532	872	210	605	1716	749	-548	506	626	-248	-763	2289	470	-910	88
2406	1610	815	-1700	617	1725	790	-558	534	653	-251	-787	2323	505	-918	88
2424	2207	968	-2080	627	1752	811	-904	557	680	-252	-811	2354	553	-915	88
2448	1656	946	-2870	648	1774	882	-1176	585	712	-251	-838	2393	640	-907	88
2466	2189	1405	-3360	663	1842	985	-1727	602	733	-249	-854	2402	723	-883	88
2484	2295	1474	-1240	667	1902	1024	-1457	618	753	-246	-869	2401	803	-865	88
2502	1844	1306	-2370	661	1922	1113	-1612	628	772	-242	-882	2390	886	-848	88
2526	2211	1529	-1870	654	1986	1239	-1445	636	797	-235	-895	2369	985	-831	88
2544	2212	1254	-760	645	2046	1290	-1448	638	814	-229	-905	2352	1048	-822	88
2568	2165	1486	80	604	1969	1394	-1474	631	834	-217	-920	2320	1136	-810	88
2586	2121	1953	-1020	598	2013	1507	-1261	621	848	-208	-931	2298	1192	-814	88
2610	1837	1486	-1820	540	1956	1441	-1386	594	867	-189	-948	2259	1271	-814	88
2628	2151	1954	-1040	493	2007	1579	-1291	570	880	-175	-958	2224	1334	-815	88
2649	2721	2506	-1370	468	2100	1744	-1339	544	892	-160	-965	2172	1398	-817	88
2667	1874	1674	-530	453	2039	1725	-1331	518	903	-146	-971	2114	1461	-822	88
2691	1702	1724	-270	415	1952	1780	-1175	486	915	-127	-979	2047	1534	-841	88
2709	2364	2486	-740	391	2009	1909	-1018	462	921	-114	-983	1997	1572	-869	88
2730	1986	2093	-450	373	2002	1958	-863	438	930	-100	-986	1954	1602	-905	88
2748	1923	1957	-220	358	1985	1967	-706	416	939	-87	-991	1921	1624	-942	88
2772	1490	1286	590	333	1905	1862	-251	387	949	-68	-1003	1901	1633	-1024	88
2790	2164	2107	-2190	308	2072	2028	-107	369	956	-56	-1008	1886	1618	-1105	88
2814	2091	2164	1440	285	2019	1984	-483	341	968	-39	-1015	1842	1628	-1187	88
2832	1773	1904	-2080	271	1977	1983	-630	322	977	-26	-1018	1804	1633	-1248	88
2853	1820	2178	-3220	255	1933	2034	-1331	304	986	-13	-1018	1750	1663	-1284	88
2871	1820	2178	-3220	244	1901	2072	-1842	287	995	0	-1018	1710	1684	-1311	88
2892	1820	2178	-3220	217	1877	2099	-2214	270	1002	11	-1014	1680	1700	-1330	88
2910	1820	2178	-3220	213	1860	2119	-2485	253	1008	24	-1008	1659	1711	-1344	88
2928	1820	2178	-3220	187	1848	2133	-2683	235	1014	38	-999	1643	1720	-1354	88
2946	1820	2178	-3220	171	1839	2144	-2827	218	1019	52	-991	1632	1726	-1361	88
2970	1109	2414	-1390	160	1760	2178	-2777	196	1024	70	-981	1583	1753	-1382	88
2988	1643	2388	-2130	134	1635	2238	-2474	180	1027	84	-973	1472	1809	-1417	88
3018	2013	3002	-2300	107	1651	2357	-2114	152	1031	117	-956	1293	1866	-1468	88
3042	5318	9238	-8050	56	2402	3762	-3269	127	1029	145	-941	1133	1884	-1478	88
3060	1225	2989	-2970	40	2080	3475	-2874	103	1026	168	-928	992	1884	-1475	88
3096	724	2517	-2160	-50	1546	3079	-2763	43	1009	223	-888	699	1848	-1436	88
3114	828	2693	-2300	-88	1341	2959	-2624	11	996	251	-865	561	1811	-1411	88
3138	850	2773	-2510	-134	1166	2881	-2550	-32	976	290	-831	407	1762	-1382	88
3156	599	2635	-1740	-168	1031	2824	-2392	-64	959	318	-802	307	1719	-1362	88
3174	593	2864	-3070	-183	906	2817	-2464	-93	942	344	-776	196	1654	-1337	88
3192	238	2418	-1320	-219	752	2743	-2294	-123	923	370	-744	101	1590	-1314	88
3216	192	2406	-2000	-269	582	2692	-2112	-167	893	405	-680	-25	1475	-1278	88
3234	204	3072	-170	-282	476	2680	-1898	-196	871	428	-631	-100	1390	-1257	88
3258	-207	2424	-4030	-307	298	2677	-2500	-232	825	460	-559	-199	1264	-1208	88
3288	-440	1838	-1750	-366	-5	2480	-2746	-277	733	504	-463	-320	1084	-1091	88
3306	-754	2227	-4380	-389	-245	2610	-3066	-303	673	529	-409	-377	966	-1010	88
3327	-908	2169	-4380	-423	-423	2489	-3421	-331	609	552	-352	-422	863	-933	88
3345	-906	2004	-1550	-443	-553	2356	-2912	-357	547	573	-299	-448	764	-864	88
3369	-1854	2562	-4040	-479	-743	2223	-2708	-392	465	601	-225	-463	627	-775	88
3393	-953	1364	-1000	-505	-908	2121	-2605	-426	391	623	-157	-454	491	-681	88
3414	-1311	1702	-1890	-525	-1028	2019	-2370	-450	341	637	-108	-426	392	-615	88
3432	-1338	1408	-1780	-538	-1106	1903	-2228	-471	292	648	-61	-388	304	-553	88
3450	-1611	1682	-830	-549	-1220	1819	-1925	-490	246	648	-19	-341	228	-500	88
3468	-1451	1293	-1020	-534	-1326	1716	-1822	-502	204	636	18	-280	163	-449	88
3492	-1440	1239	-490	-487	-1365	1554	-1400	-504	156	611	61	-188	104	-397	88
3528	-1598	1467	3470	-409	-1463	1498	648	-469	100	545	115	-74	64	-406	88
3546	-990	1240	-40	-377	-1333	1427	461	-446	78	504	133	-40	55	-416	88
3570	-1056	1239	3140	-337	-1246	1335	1149	-411	55	449	151	-28	29	-464	88
3588	-937	892	-1380	-320	-1192	1262	1054	-385	41	416	160	-82	-70	-514	88
3609	-787	936	590	-290	-1094	1167	768	-360	29	385	168	-147	-228	-552	88
3627	-957	803	-210	-279	-1056	1067	502	-337	18	358	177	-177	-366	-582	88
3645	-631	699	2470	-262	-973	1003	873	-316	7	329	186	-184	-471	-626	88
3657	-350	602	590	-247	-879	935	987	-303	1	312	193	-184	-525	-660	88
3669	-467	709	440	-237	-800	891	882	-290	-3	294	202	-178	-570	-693	88
3687	-464	462	1060	-220	-708	791	900	-271	-10	267	216	-166	-623	-743	88
3714	-521	107	1830	-194	-634	609	1101	-245	-18	233	230	-151	-673	-811	88
3732	-61	191	460	-169	-514	488	1036	-225	-24	208	236	-144	-700	-856	88
3750	-402	52	1090	-154	-402	393	1111	-205	-28	184	236	-143	-718	-905	88
3768	-159	207	990	-123	-355	328	1085	-183	-31	160	227	-142	-731	-952	88
3786	42	-75	610	-113	-246	217	955	-163	-34	140	215	-144	-740	-993	88
3798	-300	62	330	-99	-255	187	835	-151	-36	127	205	-143	-744	-1016	88
3810	-79	-201	-730	-91	-221	113	537	-139	-38	116	197	-140	-748	-1031	88
3822	-2	-479	1220	-82	-179	0	666	-128	-40	106	189	-142	-750	-1049	88
3840	-232	-301	-1060	-61	-169	-6	195	-111	-43	92	176	-136	-756	-1057	88
3858	-232	-301	-1060	-49	-185	-85	-144	-94	-45	79	164	-127	-759	-1057	88
3876	-231	-222	-380	-34	-138	-139	210	-78	-48	64	153	-121	-762	-1053	88
3894	-8	-454	400	-30	-120	-204	197	-64	-51	51	144	-117	-765	-1049	88
3912	-305	86	-2890	-10	-169	-123	-638	-49	-54	39	135	-100	-768	-1022	88
3933	62	-129	260	0	-117	-138	-556	-36	-55	27	128	-94	-769	-1011	88
3951	-193	-376	-1540	9	-116	-181	-676	-23	-57	15	122	-89	-771	-998	88
3981	-183	-204	-1180	28	-149	-195	-433	-4	-60	0	112	-79	-772	-989	88
3999	45	-291	-870	33	-49	-238	-546	6	-61	-6	108	-75	-772	-970	88
4017	-56	-149	1300	39	-41	-224	-221	12	-61	-12	105	-73	-772	-959	88
4035	109	-253	-1210	49	1	-230	-488	20	-64	-18	102	-70	-772	-940	88
4053	169	-328	-300	50	23	-279	-462	27	-65	-24	99	-66	-772	-919	88
4077	177	-195	-920	59	27	-241	-491	35	-65	-31	95	-62	-773	-894	88
4095	92	-332	-280	62	37	-248	-512	41	-65	-36	91	-61	-773	-870	88
4113	92	-332	-280	70	51	-269	-448	47	-65	-42	86	-61	-773	-849	88
4131	55	-433	-580	71	51	-312	-482	53	-65	-47	83	-61	-773	-827	88
4155	357	-278	400	73	78	-303	-282	58	-65	-51	79	-64	-773	-805	88
4167	357	-278	400	78	130	-297	-151	60	-65	-53	77	-69	-773	-797	88
4191	1	-375	1050	78	92	-310	-192	64	-65	-57	73	-77	-773	-772	88
4209	-178	-322	-590	82	47	-321	-19	67	-65	-60	70	-83	-773	-760	88
4227	309	-428	-2410	80	77	-340	-519	70	-65	-63	69	-85	-773	-734	88
4245	-41	-86	-50	82	97	-300	-234	73	-65	-66	68	-99	-770	-715	88
4263	-136	-599	-420	83	41	-338	-253	75	-65	-69	68	-106	-769	-697	88
4281	-171	-262	-1310	84	44	-334	-215	75	-65	-72	66	-206	-691	-682	88
4299	161	-226	-460	80	47	-307	-349	75	-65	-72	66	-284	-644	-661	88
4323	102	-371	-430	65	74	-305	-381	72	-67	-72	66	-360	-607	-637	88
4341	11	-224	-360	60	23	-325	-239	69	-70	-71	66	-411	-598	-623	88
4353	11	-224	-360	54	20	-305	-261	65	-72	-69	67	-439	-596	-614	88
4377	-231	-374	520	45	-37	-330	-107	58	-77	-65	70	-494	-610	-591	88
4395	-179	-181	-680	37	-79	-304	-164	52	-82	-62	72	-533	-627	-579	88
4413	-404	-187	-1170	24	-128	-270	-351	44	-88	-59	74	-570	-646	-573	88
4437	-23	-145	560	11	-183	-235	-457	33	-96	-52	78	-620	-673	-575	88
4455	-244	-482	2340	2	-181	-274	157	24	-100	-47	81	-663	-691	-590	88
4473	-151	-354	230	-7	-190	-273	351	15	-105	-41	85	-705	-709	-606	88
4491	-450	-239	560	-13	-208	-283	350	6	-111	-38	90	-745	-729	-620	88
4515	-39	-20	1220	-22	-248	-245	487	-4	-119	-33	99	-792	-749	-641	88
4527	-623	-390	210	-29	-266	-238	525	-8	-124	-29	105	-817	-758	-654	88
4551	-472	-338	680	-36	-304	-261	424	-16	-133	-21	116	-868	-780	-674	88
4575	-378	-156	910	-42	-306	-244	316	-24	-143	-13	128	-918	-806	-688	88
4593	-522	-76	-1410	-47	-351	-204	35	-29	-150	-5	138	-955	-829	-695	88
4617	-558	-290	550	-50	-380	-256	-89	-34	-159	4	152	-996	-864	-691	88
4635	-498	-258	-750	-54	-399	-262	-149	-37	-168	10	164	-1027	-895	-683	88
4659	-585	-396	-470	-57	-459	-297	-361	-41	-179	18	181	-1062	-947	-655	88
4677	-332	-282	160	-58	-443	-300	-269	-44	-189	24	197	-1088	-985	-634	88
4701	-1269	-1140	-4160	-58	-726	-588	-1606	-48	-205	32	221	-1110	-1041	-595	88
4719	-505	-313	-2700	-60	-727	-580	-2019	-50	-219	38	242	-1114	-1086	-554	88
4737	-836	-597	-1090	-60	-758	-595	-1717	-51	-235	42	264	-1114	-1139	-504	88
4755	-805	-669	-2250	-62	-772	-608	-1766	-52	-251	44	285	-1108	-1201	-441	88
4773	-608	-393	-1200	-62	-757	-609	-1555	-54	-272	44	310	-1095	-1266	-379	88
4791	-1087	-1021	-1500	-57	-807	-669	-1515	-54	-296	40	335	-1076	-1326	-290	88
4815	-995	-938	-2370	-48	-780	-698	-1492	-53	-334	31	369	-1039	-1395	-189	88
4833	-892	-794	-610	-42	-818	-735	-1394	-50	-362	23	391	-1002	-1441	-137	88
4857	-1075	-1274	-1690	-36	-881	-846	-1667	-45	-400	12	419	-930	-1504	-38	88
4875	-916	-1188	-780	-36	-916	-952	-1581	-42	-426	3	437	-873	-1545	36	88
4899	-1105	-1241	-1040	-33	-979	-1050	-1393	-38	-456	-6	457	-801	-1592	127	88
4917	-986	-1273	-960	-19	-989	-1107	-1281	-32	-477	-12	471	-756	-1620	182	88
4941	-981	-1225	-10	-11	-1011	-1160	-896	-25	-500	-21	488	-701	-1650	249	88
4959	-920	-1379	730	-6	-996	-1191	-581	-19	-515	-30	497	-666	-1668	290	88
4980	-838	-1177	480	6	-967	-1220	-403	-12	-527	-41	504	-636	-1682	326	88
4998	-999	-1220	-1420	19	-947	-1211	-352	-4	-536	-54	507	-605	-1695	360	88
5016	-1182	-1299	320	31	-1032	-1303	79	4	-545	-67	510	-577	-1706	387	88
5034	-943	-1670	-790	31	-1048	-1337	32	10	-554	-81	513	-552	-1715	411	88
5049	-763	-1331	510	34	-1009	-1366	6	14	-560	-89	515	-535	-1721	427	88
5067	-1176	-1927	-40	34	-1009	-1394	194	18	-566	-100	517	-521	-1721	435	88
5091	-1116	-1262	490	33	-1049	-1396	256	22	-574	-112	518	-504	-1708	439	88
5109	-1202	-1480	-20	41	-1082	-1399	222	25	-578	-119	518	-492	-1702	442	88
5133	-978	-1127	1630	45	-1032	-1400	388	29	-582	-127	518	-482	-1697	441	88
5151	-1176	-1666	-120	42	-1054	-1427	391	32	-585	-133	518	-476	-1682	433	88
5169	-983	-1458	2290	42	-1046	-1409	589	33	-586	-137	518	-471	-1666	421	88
5187	-943	-1169	250	39	-1037	-1378	624	33	-587	-140	517	-469	-1654	405	88
5208	-1206	-1588	2060	37	-1061	-1399	865	33	-587	-142	516	-465	-1634	387	88
5226	-1092	-1380	900	33	-1077	-1409	967	33	-587	-142	516	-456	-1598	370	88
5244	-1043	-1264	900	31	-1070	-1401	726	31	-587	-142	513	-439	-1559	358	88
5262	-1226	-1570	560	30	-1076	-1384	818	30	-587	-142	512	-428	-1523	336	88
5283	-978	-1202	-20	29	-1068	-1364	637	28	-587	-139	512	-413	-1489	317	88
5301	-978	-1202	-20	28	-1042	-1319	457	27	-586	-136	512	-400	-1465	304	88
5325	-1156	-1434	1370	25	-1052	-1321	556	25	-583	-132	512	-379	-1426	289	88
5343	-792	-976	310	25	-1010	-1264	574	25	-580	-129	512	-357	-1389	279	88
5367	-1257	-1592	370	27	-995	-1284	339	25	-575	-126	511	-320	-1335	276	88
5385	-706	-1439	-270	30	-960	-1337	225	25	-569	-126	508	-280	-1278	278	88
5403	-752	-1155	240	32	-932	-1294	346	25	-564	-126	505	-244	-1216	278	88
5415	-752	-1155	240	37	-897	-1267	325	27	-559	-126	501	-222	-1178	278	88
5433	-1127	-1471	570	38	-949	-1309	335	29	-552	-124	495	-178	-1107	282	88
5451	-735	-1249	-1020	42	-889	-1292	-32	32	-545	-121	489	-132	-1034	293	88
5478	-677	-1134	30	44	-848	-1263	34	35	-533	-121	480	-67	-919	305	88
5514	-729	-1041	-100	64	-765	-1187	85	43	-512	-121	435	9	-767	316	88
5532	-1778	-2550	-720	67	-953	-1433	-82	49	-499	-121	409	43	-688	326	88
5550	-996	-1414	1310	73	-963	-1427	294	53	-481	-122	382	72	-606	326	88
5580	-861	-1221	2960	85	-852	-1270	863	63	-445	-122	341	97	-455	312	88
5604	-649	-920	1860	90	-792	-1129	835	71	-413	-121	306	94	-339	284	88
5622	-427	-651	960	84	-726	-1031	927	74	-389	-118	281	95	-273	253	88
5640	-387	-453	1990	71	-637	-890	1131	74	-364	-113	258	148	-268	196	88
5661	-92	-557	550	65	-538	-797	1196	71	-337	-107	237	232	-294	142	88
5679	-488	-500	-390	62	-491	-720	841	68	-311	-101	217	313	-312	102	88
5697	-488	-500	-390	60	-488	-660	506	65	-285	-96	197	374	-322	72	88
5712	-339	-420	1510	59	-443	-613	599	63	-267	-93	183	409	-322	57	88
5733	-78	-432	-850	59	-371	-540	528	60	-246	-90	166	452	-316	40	88
5751	-89	-272	1120	59	-291	-494	351	58	-219	-86	146	486	-305	28	88
5775	176	-285	-770	62	-161	-380	155	58	-186	-82	122	520	-291	17	88
5793	74	-141	350	63	-87	-326	116	58	-163	-79	107	539	-279	11	88
5811	82	-157	70	64	-40	-279	102	58	-143	-76	93	554	-269	7	88
5826	173	-167	-250	66	4	-255	116	58	-131	-75	83	562	-264	5	88
5850	129	-29	1160	65	29	-211	130	58	-111	-75	64	574	-252	1	88
5868	275	-135	-1880	70	83	-180	-169	61	-98	-75	50	581	-244	0	88
5886	343	1	1840	74	153	-129	373	63	-85	-75	36	584	-244	0	88
5904	283	-59	410	78	193	-104	498	66	-71	-75	24	585	-246	0	88
5928	146	-262	1130	80	200	-71	103	70	-52	-75	8	586	-246	0	88
5946	517	91	-130	81	233	-79	278	72	-41	-75	-1	585	-250	0	88
5964	217	-112	-2660	88	279	-51	-86	74	-30	-76	-9	584	-254	0	88
5988	258	123	-820	90	258	-22	-244	78	-14	-77	-20	583	-260	0	88
6012	244	124	-1420	92	294	-11	-177	82	0	-80	-28	576	-273	0	88
6030	249	-172	500	94	281	-30	-148	84	9	-83	-34	535	-317	0	88
6039	447	161	370	97	297	-10	-96	85	12	-84	-36	520	-337	0	88
6057	335	-103	-180	107	316	-13	-73	89	20	-87	-42	487	-391	0	88
6072	-13	-25	540	114	253	-15	44	92	24	-89	-46	473	-425	0	88
6090	395	54	-300	119	290	4	-48	98	30	-92	-52	463	-471	0	88
6108	434	252	-1270	119	328	70	-379	102	36	-95	-55	463	-508	0	88
6126	429	161	540	118	309	41	-192	105	42	-101	-58	470	-545	0	88
6144	389	62	380	122	333	53	-23	108	48	-107	-61	478	-582	0	88
6162	376	87	-1140	138	273	31	-30	114	51	-113	-64	491	-621	0	88
6186	147	65	1870	150	273	61	-68	124	51	-124	-67	518	-669	0	88
6195	147	65	1870	150	260	61	125	126	51	-127	-67	523	-681	0	88
6210	393	27	-930	148	288	68	71	130	51	-135	-69	536	-710	0	88
6231	72	-128	700	139	254	25	108	131	51	-149	-70	556	-751	0	88
6243	72	-128	700	139	218	-4	220	131	51	-157	-71	570	-779	0	88
6267	332	11	90	147	242	11	213	134	48	-173	-72	597	-832	0	88
6285	212	94	1240	149	243	26	397	137	45	-185	-73	613	-872	0	88
6303	81	-43	780	151	220	29	578	140	41	-198	-73	624	-908	0	88
6321	335	-107	1870	156	229	-3	839	143	37	-210	-73	629	-948	-34	88
6351	178	-100	1570	150	226	-19	904	145	27	-229	-71	633	-1029	-117	88
6369	48	-140	2180	143	187	-48	1199	143	21	-233	-68	626	-1080	-173	88
6399	331	-135	-440	140	241	-94	1161	140	11	-233	-63	609	-1170	-263	88
6417	448	-333	820	146	277	-124	852	140	5	-230	-57	601	-1219	-307	88
6435	278	-379	1050	148	235	-191	940	140	0	-227	-51	587	-1275	-357	88
6453	365	-356	-780	153	262	-236	621	142	-3	-224	-45	581	-1326	-393	88
6477	453	-415	590	165	290	-264	601	147	-10	-224	-32	576	-1392	-429	88
6495	250	-499	1190	174	313	-312	657	152	-15	-224	-22	569	-1436	-454	88
6513	593	-595	780	183	329	-370	760	158	-21	-227	-11	560	-1481	-482	88
6537	195	-605	1450	202	339	-426	805	170	-29	-235	3	547	-1542	-515	88
6555	602	-601	400	207	364	-475	883	179	-35	-241	12	529	-1592	-546	88
6573	329	-525	500	222	400	-500	761	189	-41	-250	22	511	-1641	-575	88
6594	642	-799	2580	244	437	-557	891	201	-47	-263	28	489	-1693	-608	88
6612	532	-632	-1580	261	470	-590	557	215	-53	-281	33	469	-1745	-635	88
6630	533	-722	1000	281	486	-617	467	228	-56	-301	36	453	-1792	-656	88
6651	561	-568	-180	296	476	-639	77	244	-59	-328	40	454	-1837	-659	88
6669	170	-725	-860	309	451	-657	-200	259	-63	-351	46	472	-1880	-645	88
6687	170	-725	-860	332	373	-674	-378	276	-69	-372	53	496	-1916	-624	88
6711	725	-831	1020	358	472	-730	-84	300	-77	-397	62	517	-1967	-606	88
6729	357	-797	-50	375	470	-750	11	317	-83	-417	67	526	-2003	-598	88
6753	749	-1070	600	405	563	-839	296	342	-91	-454	71	520	-2063	-602	88
6771	614	-1034	-360	427	598	-897	281	363	-97	-491	74	516	-2107	-603	88
6789	581	-850	-10	436	595	-898	172	382	-102	-527	77	516	-2150	-599	88
6813	558	-1086	770	472	603	-1004	-56	409	-110	-571	84	537	-2204	-575	88
6831	630	-1125	340	493	609	-1035	-119	430	-117	-603	93	552	-2246	-557	88
6855	620	-1235	2350	553	669	-1087	155	463	-128	-645	106	557	-2305	-542	88
6873	1041	-1626	-50	594	735	-1200	292	494	-138	-677	112	544	-2352	-543	88
6897	833	-1154	2230	612	847	-1274	401	531	-154	-717	120	572	-2389	-549	88
6915	728	-1404	-1130	630	814	-1308	-14	554	-165	-738	127	543	-2435	-550	88
6933	707	-1690	-1860	641	787	-1380	-282	576	-180	-758	139	525	-2483	-545	88
6951	1100	-1334	910	643	821	-1411	-50	592	-195	-773	154	493	-2532	-550	88
6975	817	-1787	2550	659	852	-1527	400	612	-219	-790	178	421	-2601	-572	88
6993	889	-1673	1650	658	855	-1575	811	623	-240	-804	199	343	-2642	-604	88
7017	652	-2218	3990	651	824	-1688	1355	633	-280	-816	228	216	-2680	-660	88
7035	967	-2195	3960	633	828	-1780	1815	634	-315	-823	249	79	-2696	-727	88
7056	388	-1904	1940	614	783	-1872	2193	630	-361	-829	278	-66	-2701	-800	88
7071	388	-1904	1940	596	675	-1879	2123	622	-410	-829	319	-186	-2701	-860	88
7095	272	-1956	290	564	553	-1896	1745	604	-475	-818	381	-302	-2701	-915	88
7113	296	-2396	1850	557	480	-1995	1646	590	-520	-807	426	-390	-2695	-953	88
7137	186	-2484	1300	522	388	-2081	1768	571	-572	-789	480	-538	-2672	-1017	88
7158	-143	-2198	170	500	264	-2138	1426	553	-613	-770	523	-638	-2652	-1053	88
7182	-201	-3770	-260	479	122	-2263	969	528	-662	-741	576	-740	-2624	-1077	88
7206	-322	-2374	-2260	464	-3	-2640	345	506	-708	-710	629	-799	-2593	-1077	88
7224	-217	-1812	-1740	452	-60	-2415	47	491	-738	-686	666	-807	-2585	-1043	88
7248	-97	-2096	260	442	-83	-2466	-319	474	-768	-654	704	-790	-2585	-977	88
7266	-188	-2784	-1100	441	-103	-2496	-419	464	-791	-631	730	-774	-2587	-924	88
7284	-321	-1858	-1430	444	-138	-2480	-636	457	-810	-611	750	-753	-2592	-872	88
7302	-192	-2444	-730	449	-162	-2421	-717	453	-827	-593	768	-721	-2599	-811	88
7320	-291	-2966	-2900	454	-195	-2568	-1307	451	-841	-577	786	-667	-2611	-734	88
7338	-175	-2331	-2240	462	-195	-2526	-1623	452	-849	-562	797	-576	-2628	-627	88
7356	-1	-2170	-1900	469	-155	-2441	-1724	455	-855	-550	802	-484	-2643	-522	88
7374	-76	-2552	-1650	478	-121	-2472	-1785	460	-864	-542	802	-368	-2657	-379	88
7392	34	-2964	-4700	496	-86	-2571	-2326	469	-873	-538	796	-240	-2667	-250	88
7413	49	-2749	-2770	496	-35	-2583	-2328	475	-880	-535	792	-92	-2669	-103	88
7434	222	-2457	-2090	530	69	-2524	-2403	489	-877	-546	775	67	-2664	53	88
7452	493	-2437	-2080	565	160	-2501	-2314	507	-860	-573	746	217	-2652	200	88
7476	379	-2337	-2940	596	233	-2443	-2527	531	-830	-610	704	409	-2627	385	88
7494	515	-2640	-1940	610	312	-2465	-2408	551	-803	-640	671	544	-2602	516	88
7512	327	-2222	270	652	330	-2432	-1860	573	-773	-670	637	655	-2579	629	88
7536	657	-2241	-550	723	433	-2428	-1382	615	-725	-717	583	771	-2553	759	88
7554	581	-2701	160	762	472	-2501	-963	649	-691	-748	545	836	-2538	838	88
7572	437	-2106	1700	785	487	-2402	-397	681	-661	-774	510	872	-2531	898	88
7596	751	-2370	400	826	571	-2556	-412	724	-623	-805	465	908	-2501	975	88
7620	914	-2814	480	840	630	-2590	-171	762	-590	-832	427	921	-2462	1036	88
7638	522	-1657	1530	847	631	-2430	205	784	-568	-855	401	904	-2429	1067	88
7662	1238	-3595	0	856	838	-2829	133	807	-544	-883	372	872	-2378	1100	88
7680	1238	-3595	0	863	946	-3036	96	822	-528	-901	352	849	-2334	1117	88
7698	1238	-3595	0	853	1024	-3186	69	831	-514	-915	335	827	-2286	1129	88
7710	1238	-3595	0	845	1064	-3262	55	833	-507	-922	325	810	-2248	1135	88
7728	1238	-3595	0	840	1110	-3352	39	834	-498	-928	312	784	-2183	1142	88
7746	1238	-3595	0	820	1143	-3416	27	830	-491	-931	300	757	-2115	1148	88
7758	1238	-3595	0	806	1160	-3449	21	826	-487	-930	294	738	-2066	1150	88
7776	1238	-3595	0	796	1180	-3487	14	817	-484	-927	286	711	-1995	1153	88
7800	515	-2811	1370	779	971	-3187	362	803	-483	-919	275	561	-1916	1158	88
7818	369	-2414	1520	742	819	-3008	662	788	-485	-907	269	461	-1852	1153	88
7842	388	-2554	1100	720	673	-2911	1133	765	-489	-887	263	334	-1762	1128	88
7860	290	-2530	1630	685	576	-2809	1224	743	-495	-869	263	252	-1694	1109	88
7884	217	-3095	1860	636	462	-2819	1406	710	-506	-842	268	162	-1614	1083	88
7902	235	-2583	2990	629	399	-2754	1834	686	-513	-822	274	90	-1536	1048	88
7926	-91	-2197	1760	525	285	-3358	2004	638	-525	-790	286	0	-1431	997	88
7944	-118	-2731	1580	467	177	-3144	1903	597	-534	-768	297	-59	-1348	957	88
7968	-249	-1973	3520	392	65	-2848	1964	532	-546	-727	313	-129	-1229	900	88
7986	-437	-1947	3410	329	-77	-2880	2074	481	-558	-684	328	-181	-1131	833	88
8010	-643	-2334	2130	268	-282	-2704	2222	413	-575	-614	349	-240	-997	743	88
8028	-579	-1731	2770	242	-367	-2488	2317	367	-588	-562	366	-275	-896	671	88
8058	-1098	-2194	1110	182	-678	-2387	1903	299	-609	-482	395	-304	-734	563	88
8079	-1118	-1801	3260	174	-794	-2259	2095	264	-619	-436	412	-311	-652	504	88
8097	-1016	-1877	-1250	115	-854	-2154	1188	226	-626	-387	430	-301	-569	469	88
8121	-1114	-1704	1190	97	-1084	-2280	679	180	-623	-328	452	-273	-463	439	88
8139	-1232	-1602	680	52	-1114	-2104	720	147	-604	-284	456	-244	-386	418	88
8157	-1216	-1767	-1400	29	-1141	-2011	145	116	-571	-243	447	-208	-314	418	88
8175	-1214	-1756	210	13	-1133	-1909	93	89	-532	-209	431	-163	-241	427	88
8190	-1178	-1502	-760	5	-1141	-1831	-69	73	-502	-189	415	-129	-192	439	88
8214	-987	-1218	-700	-7	-1058	-1633	-22	45	-446	-156	382	-68	-111	456	88
8232	-1107	-1410	1630	-32	-1070	-1572	424	25	-404	-134	355	-35	-70	456	88
8256	-905	-1202	-650	-45	-1026	-1458	219	1	-344	-110	320	-4	-32	464	88
8298	-968	-677	-210	-67	-946	-1165	238	-30	-263	-80	266	40	-29	466	88
8316	-964	-1071	720	-76	-949	-1138	368	-40	-231	-68	241	67	-36	460	88
8337	-563	-475	-130	-83	-866	-986	272	-49	-204	-57	218	99	-46	456	88
8355	-828	-493	150	-89	-837	-898	548	-58	-184	-45	196	135	-60	439	88
8373	-729	-354	770	-91	-815	-760	557	-66	-166	-34	176	170	-74	421	88
8391	-580	-483	540	-94	-750	-684	551	-72	-149	-25	159	206	-89	402	88
8412	-755	-406	3110	-84	-718	-611	850	-75	-136	-18	144	245	-105	390	88
8430	-679	-311	1660	-74	-706	-529	1068	-74	-127	-12	128	281	-124	362	88
8448	-498	-368	-140	-66	-641	-465	716	-71	-121	-7	116	321	-142	347	88
8466	-372	-34	440	-63	-588	-404	541	-68	-115	-4	105	355	-158	334	88
8484	-114	-210	600	-50	-479	-336	543	-63	-108	-1	94	389	-175	319	88
8502	-237	-221	180	-42	-402	-302	477	-57	-99	0	83	422	-191	307	88
8526	-44	31	470	-32	-285	-202	517	-49	-89	0	70	470	-218	282	88
8541	-24	-190	80	-28	-236	-179	468	-44	-83	0	63	496	-233	269	88
8556	58	-33	1240	-19	-186	-165	510	-38	-75	0	55	521	-249	254	88
8574	90	59	-30	-11	-112	-110	465	-30	-64	-2	43	558	-274	233	88
8592	63	-21	1240	-5	-70	-75	287	-23	-52	-5	31	597	-298	220	88
8616	185	-30	-1990	4	5	-56	262	-14	-39	-9	18	646	-332	174	88
8631	64	-35	210	15	27	-51	53	-9	-32	-12	11	673	-346	177	88
8646	346	62	1500	20	61	-37	211	-3	-25	-14	4	698	-363	174	88
8664	47	-61	270	30	107	-22	436	5	-16	-18	-5	731	-389	149	88
8679	219	27	-530	35	112	-19	324	10	-10	-21	-11	754	-405	135	88
8697	291	68	-860	49	147	-1	58	19	0	-26	-23	787	-425	140	88
8712	265	-69	-390	50	168	-13	-27	24	4	-28	-29	814	-437	148	88
8730	303	-97	690	62	204	-34	166	31	10	-33	-37	853	-460	151	88
8748	781	50	1810	72	320	-21	520	40	16	-41	-46	893	-478	160	88
8766	384	0	440	79	316	-48	359	49	22	-48	-53	935	-496	172	88
8784	361	60	-410	90	331	-28	295	58	27	-56	-59	972	-513	179	88
8796	362	-156	60	95	336	-51	249	64	30	-61	-63	1000	-526	185	88
8820	275	-69	460	109	348	-77	254	76	36	-72	-71	1050	-554	190	88
8856	408	-170	330	135	371	-123	277	99	43	-93	-81	1121	-600	186	88
8880	534	-139	-370	174	462	-91	339	120	49	-109	-88	1161	-635	177	88
8898	711	-245	920	191	479	-119	308	137	53	-122	-94	1193	-660	172	88
8916	430	-36	210	210	487	-112	338	155	58	-136	-98	1225	-689	164	88
8934	778	-183	-810	242	536	-118	108	174	61	-151	-103	1257	-713	162	88
8955	481	-287	490	258	537	-161	117	195	65	-168	-108	1296	-737	166	88
8973	980	-271	970	326	615	-190	308	227	70	-192	-114	1328	-763	164	88
8994	718	-174	-470	381	618	-178	194	261	73	-216	-120	1361	-791	161	88
9012	527	-279	1540	417	608	-196	395	299	76	-241	-127	1391	-824	129	88
9033	1004	-268	1280	436	695	-208	614	332	77	-266	-136	1415	-874	93	88
9063	701	-183	1130	509	695	-196	823	390	79	-309	-154	1433	-948	53	88
9084	724	-461	200	530	714	-260	674	425	79	-333	-166	1437	-981	37	88
9102	1244	-565	10	547	787	-337	840	454	79	-354	-176	1428	-1021	26	88
9120	1017	-567	500	588	866	-397	707	484	79	-378	-187	1418	-1054	18	88
9144	1232	-907	-520	629	938	-488	533	526	79	-413	-200	1406	-1088	10	88
9162	1170	-838	230	640	1005	-586	389	554	79	-439	-208	1395	-1111	7	88
9186	1405	-1098	-240	643	1087	-679	405	583	79	-472	-217	1378	-1141	3	88
9204	1311	-703	1000	642	1154	-716	465	597	79	-491	-223	1360	-1166	0	88
9228	1405	-1184	-970	650	1192	-806	420	613	79	-517	-228	1337	-1196	-24	88
9246	1437	-783	1380	653	1255	-831	489	622	79	-536	-230	1321	-1216	-44	88
9270	1242	-1124	360	654	1279	-878	601	631	79	-558	-230	1301	-1240	-78	88
9288	1766	-1529	230	666	1409	-1053	499	638	76	-576	-230	1276	-1243	-94	88
9312	1318	-1274	1120	676	1382	-1090	476	649	69	-596	-228	1244	-1253	-109	88
9330	1576	-1102	650	672	1413	-1106	560	654	63	-610	-225	1217	-1268	-124	88
9354	1095	-1078	910	662	1420	-1117	722	656	52	-625	-221	1162	-1282	-150	88
9375	1508	-1238	2240	659	1427	-1165	651	656	43	-634	-217	1127	-1294	-164	88
9393	1193	-1281	-110	648	1388	-1191	634	653	34	-640	-211	1091	-1311	-180	88
9414	1095	-1273	1060	646	1364	-1227	808	650	24	-646	-205	1037	-1323	-207	88
9432	1604	-1378	1240	638	1387	-1258	909	646	14	-649	-198	976	-1324	-238	88
9450	1098	-1512	1760	626	1308	-1325	1139	641	3	-652	-186	910	-1321	-268	88
9468	1378	-1353	660	621	1304	-1344	1097	635	-7	-653	-171	850	-1311	-292	88
9492	1295	-1482	1420	611	1288	-1395	1141	627	-22	-653	-149	762	-1282	-326	88
9510	1027	-1592	1100	603	1216	-1447	1128	621	-34	-651	-131	684	-1244	-357	88
9534	1472	-1601	120	598	1193	-1468	953	613	-49	-647	-108	582	-1184	-392	88
9552	1006	-1777	610	593	1180	-1535	819	607	-61	-644	-92	510	-1130	-409	88
9570	1006	-1777	610	587	1132	-1599	762	601	-71	-639	-77	450	-1073	-422	88
9588	1109	-1240	950	583	1212	-1701	602	595	-80	-633	-64	383	-1007	-429	88
9609	1178	-1711	550	580	1171	-1648	514	589	-89	-627	-53	324	-939	-429	88
9627	862	-1355	-610	567	1110	-1598	302	583	-98	-621	-41	269	-865	-420	88
9651	912	-1582	670	545	1041	-1591	427	572	-107	-609	-26	204	-771	-410	88
9669	1123	-1390	-10	513	1062	-1535	307	558	-113	-592	-17	163	-707	-403	88
9693	1104	-1819	1650	440	1016	-1494	190	526	-121	-555	-9	111	-605	-383	88
9711	713	-1391	-510	403	1000	-1538	174	496	-127	-522	-3	76	-526	-368	88
9729	666	-1417	330	370	909	-1504	215	465	-132	-490	2	49	-447	-354	88
9747	620	-1181	680	335	861	-1389	350	434	-136	-458	7	26	-367	-348	88
9765	367	-949	1340	307	774	-1315	392	401	-139	-419	11	14	-280	-343	88
9783	491	-1130	910	305	675	-1233	604	374	-142	-388	14	14	-192	-345	88
9807	247	-828	290	252	535	-1120	611	333	-138	-349	20	18	-107	-352	88
9825	228	-781	1120	216	454	-1034	606	302	-132	-322	23	6	-84	-358	88
9843	135	-811	-850	188	367	-973	211	273	-125	-296	27	-18	-90	-358	88
9861	108	-682	1240	171	297	-903	319	246	-119	-270	32	-62	-120	-363	88
9882	220	-627	-570	161	234	-818	48	223	-113	-247	35	-163	-201	-358	88
9900	2	-255	-910	132	204	-710	-77	198	-109	-221	40	-270	-273	-348	88
9918	6	-254	-910	115	150	-586	-302	176	-106	-198	46	-351	-323	-335	88
9942	56	-375	300	93	112	-494	-271	149	-103	-169	50	-437	-354	-315	88
9960	-328	-434	270	76	22	-472	-120	129	-103	-146	53	-487	-359	-305	88
9978	-84	-19	-490	72	-26	-382	-157	112	-103	-125	56	-524	-363	-294	88
9999	-5	-375	800	39	-19	-379	102	93	-103	-101	60	-557	-357	-291	88
10017	-94	-103	140	27	-73	-373	229	75	-103	-80	64	-585	-342	-294	88
10035	-469	-201	250	11	-149	-318	225	57	-105	-61	69	-606	-329	-297	88
10053	-469	-201	250	-2	-235	-285	231	42	-105	-46	73	-622	-319	-300	88
10077	-82	-208	40	-13	-249	-284	380	23	-107	-30	80	-561	-264	-313	88
10095	-520	-183	10	-22	-286	-257	281	10	-107	-19	84	-395	-187	-320	88
10113	-577	-231	300	-32	-282	-234	162	-1	-107	-10	86	-261	-126	-321	88
10137	-522	-146	-310	-40	-307	-200	52	-13	-104	0	86	-120	-64	-320	88
10155	-179	-76	1020	-44	-299	-171	205	-20	-101	3	85	-35	-28	-323	88
10173	-140	-36	90	-45	-293	-146	252	-26	-98	6	83	36	1	-328	88
10191	-556	-91	340	-47	-292	-121	232	-29	-92	9	79	96	23	-332	88
10209	-53	-28	50	-41	-267	-100	204	-32	-86	12	73	151	43	-337	88
10230	-92	191	1240	-38	-220	-57	345	-32	-78	13	67	205	60	-348	88
10248	-42	16	-400	-29	-179	-6	422	-31	-70	13	60	252	74	-361	88
10266	42	23	220	-23	-132	1	260	-28	-64	13	54	294	86	-369	88
10284	-9	82	-160	-17	-93	17	176	-25	-58	13	48	335	99	-376	88
10302	33	93	-740	-10	-73	17	-64	-20	-50	11	43	377	115	-371	88
10311	47	-47	-220	-10	-60	10	-79	-19	-48	11	42	393	121	-368	88
10335	16	33	330	-1	-25	3	-51	-13	-38	9	36	450	144	-359	88
10353	62	45	-140	5	-8	11	5	-8	-30	6	29	491	159	-356	88
10365	59	101	-510	9	5	22	-59	-4	-24	4	23	518	170	-352	88
10383	332	60	-370	12	71	34	-154	1	-15	0	14	558	186	-344	88
10401	177	46	680	17	79	22	60	4	-6	-2	5	601	200	-345	88
10419	98	38	180	21	89	26	132	7	2	-5	-2	644	212	-349	88
10437	505	113	60	27	200	48	111	10	8	-8	-8	685	224	-354	88
10455	22	9	180	32	190	45	118	14	14	-11	-15	720	234	-359	88
10473	192	-102	-70	36	162	32	102	18	20	-14	-22	759	245	-364	88
10491	336	160	220	39	183	20	83	22	26	-17	-28	798	255	-369	88
10509	417	67	450	49	218	0	0	28	32	-20	-36	838	268	-370	88
10527	138	60	-210	55	218	15	-3	34	38	-24	-44	878	281	-372	88
10545	352	55	-160	60	236	25	-48	40	45	-27	-53	915	294	-372	88
10569	208	25	30	70	244	46	-10	48	54	-32	-64	968	312	-376	88
10584	475	142	840	76	292	66	69	52	60	-35	-69	998	320	-381	88
10602	263	14	-170	92	319	72	176	60	68	-41	-78	1040	330	-389	88
10620	492	292	230	102	346	108	157	69	76	-45	-87	1081	339	-397	88
10638	234	9	-40	121	315	81	103	81	83	-51	-98	1121	349	-403	88
10656	514	201	700	133	344	96	204	93	92	-57	-110	1157	356	-413	88
10674	590	230	610	145	395	162	314	105	101	-63	-122	1197	358	-431	88
10686	196	38	1320	156	392	155	440	113	107	-67	-130	1225	356	-448	88
10707	528	417	1120	162	404	176	582	125	116	-72	-142	1273	348	-480	88
10725	773	125	270	162	483	185	565	134	126	-76	-155	1322	339	-515	88
10743	515	143	720	167	512	171	569	140	137	-80	-166	1369	330	-546	88
10767	656	105	110	171	575	218	233	148	154	-85	-186	1427	330	-574	88
10785	623	261	-350	175	584	260	96	154	168	-88	-200	1471	334	-589	88
10803	801	182	-210	188	627	245	0	161	183	-93	-215	1514	342	-599	88
10821	707	211	850	199	648	235	229	169	198	-98	-230	1557	345	-616	88
10842	1101	338	-40	214	769	262	155	178	213	-104	-246	1596	348	-630	88
10860	813	344	680	225	771	281	226	189	230	-110	-266	1638	350	-646	88
10878	813	344	680	233	781	297	347	198	246	-115	-284	1678	352	-660	88
10896	890	178	910	245	809	264	498	209	263	-121	-305	1720	356	-675	88
10914	884	395	320	274	829	281	497	222	280	-127	-326	1760	365	-686	88
10932	884	395	320	294	843	311	448	239	297	-133	-347	1800	375	-694	88
10956	1342	509	650	307	1006	365	547	259	323	-141	-381	1860	381	-720	88
10974	1123	681	860	319	1054	436	614	272	344	-147	-411	1905	378	-743	88
10995	1255	495	-300	334	1084	415	429	287	367	-153	-445	1952	376	-768	88
11013	1006	418	-990	359	1082	421	99	303	390	-159	-482	1995	384	-783	88
11031	1723	575	-770	370	1255	461	-136	319	416	-165	-524	2035	401	-791	88
11049	1135	514	-340	386	1269	479	-225	334	444	-169	-565	2069	418	-797	88
11073	1895	675	50	417	1397	567	-751	357	485	-173	-620	2110	463	-788	88
11091	1324	875	-2940	433	1370	565	-1201	376	517	-173	-657	2139	522	-766	88
11115	1725	760	-650	467	1410	643	-1423	402	557	-173	-699	2167	629	-716	88
11133	1587	1119	-1920	476	1468	741	-1453	421	585	-173	-728	2185	711	-680	88
11157	1951	944	-490	478	1519	824	-1452	440	624	-169	-762	2203	819	-634	88
11175	1667	1290	-1440	462	1566	909	-1457	446	651	-165	-786	2212	911	-597	88
11193	1662	1160	-2410	446	1592	998	-1548	446	677	-159	-810	2215	1008	-558	88
11211	1631	1180	-2990	439	1604	1045	-1891	443	700	-150	-831	2205	1118	-508	88
11229	1159	890	-1890	427	1483	1002	-1890	437	722	-141	-848	2184	1238	-451	88
11250	1585	1464	-1750	417	1575	1192	-2085	431	741	-131	-862	2145	1342	-399	88
11268	1600	1562	-2440	383	1578	1274	-2062	419	759	-119	-875	2097	1442	-348	88
11292	1527	1679	-1580	361	1609	1434	-1830	400	784	-104	-889	2019	1572	-288	88
11310	1488	1520	-2190	343	1578	1469	-1877	385	799	-93	-898	1959	1658	-223	88
11334	1622	1989	-240	318	1609	1583	-1590	362	818	-74	-900	1873	1765	-180	88
11352	1226	1623	-1250	284	1572	1655	-1324	341	833	-56	-911	1814	1833	-168	88
11376	2019	2116	-2660	265	1591	1756	-1308	315	848	-33	-920	1736	1915	-145	88
11394	1539	1646	-750	219	1614	1763	-1310	290	860	-15	-926	1673	1973	-132	88
11415	1536	1943	-1540	204	1584	1829	-1270	266	871	0	-932	1611	2026	-144	88
11433	1536	1943	-1540	149	1570	1859	-1342	236	883	14	-939	1561	2069	-152	88
11457	1609	2472	-80	112	1604	1960	-854	196	896	30	-952	1515	2107	-187	88
11475	2338	2949	510	96	1569	1966	-552	169	906	42	-964	1491	2121	-238	88
11493	2090	2164	40	77	1729	2083	-352	144	918	51	-973	1468	2123	-292	88
11511	1551	1948	890	66	1671	2043	-250	122	929	59	-982	1449	2125	-355	88
11529	1658	1923	980	50	1658	2012	76	104	939	64	-989	1446	2119	-434	88
11547	1601	2041	680	45	1641	2018	239	87	950	67	-998	1452	2109	-519	88
11565	1569	1793	1780	45	1635	1995	646	74	962	70	-1010	1482	2083	-636	88
11583	1687	1982	1770	49	1648	1990	950	66	970	69	-1019	1525	2047	-763	88
11607	1815	1890	380	58	1628	1870	893	61	973	65	-1026	1589	1993	-947	88
11625	1815	1890	380	70	1677	1874	752	61	973	62	-1030	1625	1963	-1061	88
11643	1804	1790	2480	79	1710	1850	1219	64	973	59	-1032	1671	1922	-1181	88
11661	1954	1773	970	94	1764	1835	962	70	976	55	-1034	1698	1897	-1294	88
11682	1954	1773	970	105	1815	1817	962	78	977	51	-1034	1722	1876	-1384	88
11700	1954	1773	970	125	1851	1804	962	89	977	45	-1020	1739	1861	-1450	88
11718	1954	1773	970	143	1878	1794	962	100	977	39	-1005	1751	1850	-1498	88
11736	1954	1773	970	157	1897	1787	962	112	976	33	-993	1760	1842	-1533	88
11760	1954	1773	970	170	1915	1781	962	127	976	28	-982	1768	1834	-1566	88
11778	1954	1773	970	171	1924	1778	962	137	976	29	-979	1775	1828	-1624	88
11799	2024	1883	-2070	171	1903	1811	274	145	976	31	-976	1733	1850	-1735	88
11817	1791	1919	-2310	172	1872	1838	-426	151	979	37	-971	1663	1871	-1813	88
11835	1565	2132	-1480	164	1806	1899	-778	155	982	46	-965	1596	1885	-1872	88
11853	1912	2068	-920	155	1782	1948	-913	155	987	55	-959	1518	1889	-1919	88
11877	1487	1871	-2200	137	1785	2033	-1404	149	994	71	-948	1374	1887	-1959	88
11895	1498	2328	-2390	121	1705	2075	-1654	140	999	87	-939	1252	1882	-1971	88
11919	1431	2149	-3510	82	1604	2179	-2027	122	1003	115	-922	1077	1870	-1965	88
11937	1305	2596	-4430	67	1531	2255	-2603	107	1004	137	-908	929	1859	-1935	88
11955	970	2247	-1970	15	1389	2265	-2572	84	1000	166	-890	769	1836	-1893	88
11973	1012	2826	-5340	-14	1282	2369	-3047	58	994	195	-870	605	1804	-1838	88
11997	997	3402	-3360	-58	1133	2508	-3007	22	980	238	-839	383	1738	-1753	88
12015	511	2486	-3160	-99	963	2501	-3047	-9	966	273	-808	232	1678	-1689	88
12033	273	2296	-4070	-99	794	2459	-3250	-33	953	303	-778	101	1620	-1625	88
12051	310	2010	-3420	-170	662	2430	-3267	-66	933	342	-718	-25	1547	-1554	88
12072	-102	3405	-5370	-170	475	2581	-3678	-93	917	373	-669	-154	1454	-1467	88
12090	-205	2660	-2600	-260	289	2601	-3385	-133	879	417	-596	-266	1354	-1384	88
12111	-631	2011	-3780	-305	70	2536	-3588	-173	830	458	-529	-379	1220	-1269	88
12129	-980	2509	-4140	-346	-154	2442	-3675	-214	771	498	-461	-475	1082	-1149	88
12147	-980	2509	-4140	-376	-377	2459	-3799	-254	707	534	-397	-538	956	-1047	88
12165	-1221	2194	-3140	-407	-748	2743	-4318	-290	647	563	-340	-589	798	-918	88
12186	-1798	1880	-5360	-440	-935	2500	-4199	-323	581	590	-282	-616	650	-791	88
12204	-1479	1837	30	-466	-1136	2327	-3974	-358	507	616	-218	-622	514	-674	88
12234	-1343	1194	-910	-505	-1258	2030	-2860	-413	391	646	-117	-596	330	-534	88
12252	-1673	1345	-4690	-522	-1313	1817	-2709	-441	331	659	-65	-563	239	-458	88
12270	-2185	1438	-660	-542	-1507	1705	-2479	-466	274	664	-14	-516	156	-380	88
12288	-1760	1314	-1450	-548	-1541	1576	-2023	-486	225	658	27	-452	89	-320	88
12315	-1802	1126	-540	-505	-1626	1433	-1599	-496	160	620	81	-347	27	-255	88
12333	-1741	882	-920	-494	-1651	1294	-1414	-494	119	590	114	-271	3	-195	88
12351	-1531	1377	3090	-422	-1635	1275	-517	-475	80	547	144	-191	7	-185	88
12375	-1401	987	1620	-367	-1563	1203	324	-439	38	486	178	-159	-56	-200	88
12399	-1295	997	770	-364	-1513	1116	461	-412	8	440	201	-187	-228	-219	88
12414	-1295	997	770	-286	-1471	1093	518	-390	-7	410	211	-202	-325	-231	88
12432	-1319	801	610	-257	-1427	1031	448	-356	-25	366	224	-198	-444	-246	88
12456	-1146	736	-430	-252	-1354	940	305	-320	-46	315	239	-161	-559	-263	88
12474	-782	406	1470	-225	-1242	796	458	-296	-61	283	248	-113	-619	-277	88
12498	-853	400	-2080	-203	-1102	659	-156	-266	-75	246	260	-40	-726	-273	88
12516	-1110	521	1200	-179	-1083	611	-53	-242	-85	222	269	13	-791	-280	88
12537	-481	271	1540	-165	-993	516	-41	-221	-94	200	278	68	-834	-290	88
12555	-477	249	1470	-146	-852	444	373	-200	-100	176	287	106	-864	-315	88
12573	-70	132	1210	-130	-826	376	728	-182	-106	155	296	136	-886	-355	88
12591	42	90	2670	-117	-598	300	1135	-164	-109	137	305	146	-905	-408	88
12615	-557	-65	1970	-99	-582	173	1421	-141	-111	112	317	148	-923	-486	88
12633	-116	-174	2700	-85	-455	77	1766	-126	-111	93	320	140	-934	-549	88
12651	569	-124	1040	-61	-267	26	1541	-109	-110	73	314	129	-943	-605	88
12669	1	-127	1590	-43	-245	-47	1454	-91	-107	55	302	115	-949	-661	88
12687	-183	-268	-1280	-23	-212	-95	944	-74	-104	38	285	105	-954	-702	88
12711	109	-509	10	-7	-147	-191	514	-51	-100	18	260	104	-958	-728	88
12723	-24	-25	0	10	-111	-202	416	-39	-98	8	246	104	-960	-737	88
12741	227	-431	540	20	-85	-226	205	-22	-95	-5	227	110	-961	-738	88
12753	227	-431	540	31	-24	-264	268	-12	-94	-12	216	113	-961	-738	88
12771	94	-294	-1000	35	10	-299	213	1	-92	-22	200	114	-961	-737	88
12789	110	-444	400	56	18	-307	-7	13	-90	-31	185	122	-961	-723	88
12807	110	-444	400	63	42	-343	102	25	-89	-40	170	128	-961	-710	88
12825	-81	-739	-460	71	23	-425	17	35	-88	-49	157	137	-961	-697	88
12843	104	-333	740	81	44	-328	-26	45	-88	-58	145	144	-961	-682	88
12867	230	-749	-1560	89	66	-383	26	57	-86	-68	131	147	-961	-673	88
12885	68	-102	-1540	96	78	-358	-398	66	-85	-76	122	156	-959	-649	88
12909	-27	-355	20	104	76	-354	-167	77	-84	-85	111	160	-959	-627	88
12939	275	-478	610	110	123	-429	-210	88	-83	-95	100	161	-934	-597	88
12957	61	-482	0	116	123	-441	-103	94	-83	-101	94	158	-925	-584	88
13011	301	-301	550	124	147	-414	120	108	-83	-115	86	144	-894	-555	88
13029	64	-543	550	125	123	-447	235	111	-83	-118	86	135	-880	-549	88
13053	324	-707	-600	129	159	-453	72	115	-84	-122	85	124	-868	-533	88
13071	304	-252	980	132	198	-434	188	118	-84	-125	82	108	-863	-527	88
13089	202	-375	-120	132	193	-431	170	121	-84	-128	79	86	-860	-524	88
13107	185	-696	-780	135	191	-476	-34	124	-84	-131	76	66	-846	-515	88
13125	400	-532	-210	137	219	-459	33	127	-82	-133	72	38	-824	-508	88
13143	136	-282	-990	137	217	-430	-180	128	-81	-134	69	10	-797	-493	88
13173	340	-647	-1250	136	187	-453	-226	128	-80	-135	64	-108	-693	-469	88
13191	162	-185	190	136	194	-417	-229	128	-80	-135	61	-187	-644	-450	88
13215	235	-685	-1800	126	189	-386	-283	126	-77	-135	59	-262	-604	-427	88
13233	-59	-316	1290	115	144	-396	-105	123	-76	-134	59	-310	-595	-410	88
13257	81	-181	610	104	117	-367	119	116	-78	-130	59	-366	-600	-394	88
13275	62	-413	90	93	102	-359	153	110	-81	-127	59	-406	-614	-383	88
13293	219	-721	-740	88	120	-431	-22	103	-84	-124	59	-439	-631	-371	88
13311	58	-544	660	69	77	-386	101	94	-87	-121	59	-473	-652	-364	88
13323	0	-338	1560	69	69	-381	246	91	-88	-120	59	-488	-659	-368	88
13347	-223	-191	510	55	18	-333	468	78	-96	-112	59	-547	-687	-389	88
13365	-121	-468	1640	47	-27	-346	693	69	-102	-106	61	-593	-706	-411	88
13383	-172	-130	-40	29	-65	-286	493	57	-108	-98	64	-634	-726	-430	88
13416	-141	-229	160	9	-87	-279	945	39	-118	-85	70	-708	-745	-485	88
13440	-291	-209	1330	-3	-132	-253	949	24	-126	-73	78	-766	-762	-523	88
13461	-256	-216	1590	-14	-174	-244	1084	13	-131	-64	84	-819	-772	-564	88
13485	-210	-140	-140	-24	-208	-232	878	0	-139	-54	95	-883	-785	-609	88
13503	-476	-409	1310	-29	-258	-256	877	-6	-144	-46	104	-929	-796	-636	88
13521	-444	-334	-150	-39	-307	-276	597	-12	-148	-38	112	-972	-810	-656	88
13539	-421	-238	-780	-44	-330	-264	203	-18	-154	-29	123	-1008	-836	-656	88
13563	-569	-473	-1120	-50	-365	-266	236	-27	-164	-15	143	-1055	-870	-656	88
13581	-482	-451	-50	-54	-395	-315	157	-33	-173	-3	161	-1086	-900	-644	88
13599	-630	-417	-330	-54	-458	-342	24	-37	-183	4	181	-1113	-930	-632	88
13617	-718	-480	-2280	-56	-491	-367	-244	-40	-195	11	202	-1136	-962	-614	88
13635	-733	-443	-2340	-54	-553	-393	-801	-43	-213	18	227	-1149	-1004	-579	88
13659	-759	-462	-980	-53	-607	-416	-948	-44	-245	26	268	-1157	-1076	-515	88
13677	-756	-700	-3690	-52	-647	-473	-1470	-44	-270	32	301	-1152	-1138	-453	88
13695	-707	-545	-1090	-50	-625	-473	-1272	-44	-297	35	332	-1143	-1205	-388	88
13722	-661	-749	-2010	-51	-687	-538	-1679	-44	-330	34	370	-1110	-1294	-267	88
13740	-869	-687	-2830	-48	-718	-582	-1923	-44	-359	30	399	-1065	-1358	-194	88
13761	-654	-924	-870	-41	-711	-659	-1669	-43	-389	24	424	-1011	-1418	-111	88
13779	-1276	-1154	-1240	-36	-813	-773	-1522	-40	-417	18	444	-962	-1467	-30	88
13800	-988	-1123	-3440	-26	-859	-867	-2040	-36	-444	11	460	-897	-1516	61	88
13821	-2030	-2195	-900	-18	-996	-1043	-2165	-30	-466	2	473	-839	-1549	137	88
13839	-1112	-1289	-20	-10	-1081	-1172	-1742	-24	-485	-4	483	-772	-1573	217	88
13860	-927	-1181	-1990	-4	-1053	-1181	-1648	-18	-502	-11	492	-705	-1596	294	88
13878	-991	-1241	-1020	1	-1030	-1192	-1555	-12	-515	-20	499	-642	-1617	366	88
13902	-884	-1452	-1240	8	-1010	-1237	-1140	-4	-528	-32	506	-570	-1641	443	88
13920	-884	-1452	-1240	15	-974	-1294	-1167	1	-534	-42	509	-524	-1655	492	88
13938	-836	-1486	-540	24	-943	-1325	-905	5	-538	-53	510	-487	-1667	531	88
13956	-915	-1526	-560	29	-964	-1320	-576	11	-541	-65	510	-457	-1676	561	88
13986	-1069	-1314	1420	39	-980	-1345	-42	21	-545	-85	508	-417	-1687	592	88
14016	-631	-1428	-1380	44	-896	-1362	-202	27	-548	-104	505	-385	-1695	617	88
14037	-1037	-1446	870	48	-918	-1364	47	31	-548	-113	503	-367	-1699	626	88
14055	-891	-1398	-1480	54	-934	-1380	34	36	-548	-123	500	-350	-1703	634	88
14073	-891	-1398	-1480	59	-921	-1383	-375	41	-548	-132	497	-328	-1708	648	88
14091	-817	-1275	1790	61	-891	-1353	211	44	-548	-141	494	-322	-1709	645	88
14115	-943	-1262	1300	65	-934	-1377	87	48	-548	-151	490	-310	-1712	641	88
14133	-989	-1243	1290	65	-944	-1341	413	51	-548	-157	487	-309	-1712	626	88
14154	-949	-1711	1060	64	-944	-1441	587	54	-548	-163	484	-309	-1689	602	88
14184	-1070	-1385	2730	65	-929	-1403	948	56	-548	-170	479	-306	-1636	568	88
14202	-1070	-1385	2730	62	-966	-1397	1430	56	-548	-173	476	-309	-1606	540	88
14232	-908	-1412	1160	60	-977	-1378	1039	56	-546	-174	470	-298	-1544	507	88
14250	-952	-1402	1470	53	-969	-1384	1155	54	-543	-171	467	-290	-1492	483	88
14268	-943	-1112	960	49	-955	-1321	1074	51	-541	-168	464	-281	-1455	458	88
14286	-861	-1457	130	46	-934	-1329	884	48	-540	-165	461	-270	-1417	439	88
14310	-776	-1073	-90	43	-928	-1277	845	44	-536	-160	459	-246	-1340	409	88
14328	-849	-1159	550	40	-899	-1237	712	41	-532	-154	456	-224	-1286	392	88
14370	-649	-1169	350	35	-781	-1198	575	35	-522	-141	449	-182	-1163	338	88
14394	-885	-1029	1320	39	-842	-1174	544	35	-514	-136	445	-150	-1085	314	88
14412	-1058	-1245	-490	33	-887	-1173	409	34	-508	-133	441	-124	-1022	299	88
14436	-695	-915	-800	40	-862	-1158	528	33	-499	-129	434	-91	-960	275	88
14454	-706	-1184	760	43	-818	-1142	463	34	-491	-128	429	-63	-952	264	88
14496	-789	-1171	260	63	-791	-1136	203	43	-472	-128	417	15	-850	250	88
14517	-829	-1124	1120	64	-796	-1135	381	47	-465	-128	407	49	-785	245	88
14535	-675	-1105	-1650	71	-755	-1112	-54	53	-455	-128	391	85	-700	254	88
14559	-726	-913	2970	75	-762	-1083	523	57	-436	-128	362	118	-588	244	88
14577	-586	-843	-410	79	-724	-1023	543	61	-419	-127	341	131	-502	223	88
14595	-590	-810	2910	85	-686	-970	615	66	-400	-124	317	137	-428	191	88
14613	-571	-740	580	83	-655	-912	793	69	-381	-120	294	133	-354	137	88
14631	-470	-533	1440	74	-604	-808	967	70	-357	-114	269	179	-348	99	88
14655	-561	-480	1630	64	-639	-922	1343	68	-324	-106	236	263	-367	64	88
14673	-319	-416	-880	61	-571	-788	942	65	-298	-100	213	342	-388	45	88
14697	-353	-475	-90	60	-459	-652	463	61	-265	-92	184	426	-393	28	88
14715	-239	-343	-670	64	-387	-586	304	61	-242	-86	164	478	-382	19	88
14733	-118	-319	1330	63	-334	-517	239	61	-219	-83	146	520	-366	13	88
14757	53	-280	-1120	66	-211	-420	149	61	-188	-79	123	561	-345	7	88
14775	170	-166	-1600	69	-116	-360	-286	61	-169	-76	109	587	-325	4	88
14793	170	-166	-1600	72	-37	-306	-641	63	-149	-73	96	606	-309	1	88
14814	302	-203	-590	71	36	-271	-489	63	-132	-73	82	620	-297	0	88
14832	161	-250	1130	78	50	-240	-236	66	-115	-73	67	631	-286	0	88
14850	161	-250	1130	80	80	-241	133	69	-100	-73	53	639	-278	0	88
14865	396	-258	-280	84	139	-243	53	71	-89	-74	44	645	-270	0	88
14889	234	-22	280	85	177	-164	118	75	-66	-74	24	651	-264	0	88
14907	194	-214	1620	88	199	-151	194	78	-51	-75	12	653	-262	0	88
14925	314	137	-2140	93	219	-100	-134	81	-37	-75	0	654	-262	0	88
14949	316	-230	1480	97	293	-93	0	85	-19	-79	-12	654	-267	0	88
14991	335	7	380	114	272	-44	-234	95	4	-86	-31	652	-277	0	88
15009	171	-85	670	118	257	-46	-11	100	10	-89	-37	601	-328	0	88
15033	552	141	630	135	299	-14	215	109	18	-93	-46	536	-410	0	88
15057	182	-136	40	150	299	-3	-38	120	26	-97	-54	507	-477	0	88
15075	232	190	780	147	276	22	123	127	30	-103	-60	498	-523	0	88
15093	505	163	1390	145	336	59	465	131	33	-109	-63	492	-569	0	88
15117	170	101	-980	148	342	47	268	135	36	-117	-67	497	-632	0	88
15135	85	-75	2080	137	278	27	510	137	36	-122	-70	504	-676	0	88
15153	370	222	950	135	279	54	720	135	36	-129	-73	510	-718	-29	88
15183	134	-135	-170	139	255	-13	483	134	36	-144	-76	523	-789	-89	88
15201	291	141	1660	136	256	-10	589	134	34	-154	-76	528	-829	-123	88
15219	140	-184	-130	129	236	-30	538	131	29	-167	-74	534	-873	-157	88
15237	350	41	1300	125	249	-28	627	128	26	-182	-71	538	-915	-189	88
15261	168	-166	350	128	241	-50	625	126	22	-204	-64	540	-975	-236	88
15279	124	-214	980	128	223	-57	352	126	18	-221	-58	551	-1018	-255	88
15297	211	-172	-420	130	211	-91	255	126	14	-236	-53	562	-1060	-271	88
15315	-61	-117	-1880	128	136	-97	-323	126	11	-244	-49	586	-1094	-265	88
15339	29	-237	-850	128	148	-146	-282	126	7	-245	-42	619	-1144	-257	88
15357	394	-302	330	135	184	-182	-210	126	1	-240	-36	645	-1180	-249	88
15381	160	-250	-180	144	192	-208	-162	127	-1	-235	-28	674	-1224	-240	88
15399	134	-312	630	153	177	-231	-11	132	-4	-231	-19	691	-1257	-237	88
15423	425	-509	490	167	258	-283	55	141	-8	-229	-7	713	-1302	-237	88
15441	406	-479	680	185	298	-302	115	149	-11	-230	2	727	-1341	-239	88
15459	297	-482	510	195	305	-349	234	159	-14	-233	11	738	-1382	-247	88
15513	561	-588	620	248	597	-566	888	199	-27	-261	44	743	-1525	-295	88
15531	742	-692	1000	265	620	-591	886	214	-33	-275	54	731	-1577	-322	88
15591	981	-876	-300	324	644	-741	1097	272	-49	-342	62	653	-1754	-439	88
15627	423	-988	840	386	695	-786	770	314	-61	-388	60	633	-1845	-473	88
15645	669	-1253	3450	406	687	-880	875	336	-67	-411	58	619	-1894	-489	88
15669	955	-791	-630	440	734	-919	983	368	-79	-451	55	591	-1960	-516	88
15687	843	-1492	-1260	444	755	-1037	592	387	-85	-477	55	572	-2013	-531	88
15711	588	-1329	210	477	730	-1055	340	414	-97	-516	58	557	-2077	-541	88
15729	1027	-1189	190	480	774	-1101	300	431	-104	-538	61	548	-2124	-545	88
15753	1070	-1848	940	505	808	-1235	423	453	-117	-568	69	528	-2189	-551	88
15771	831	-1311	2530	528	832	-1298	864	471	-129	-590	74	496	-2236	-570	88
15795	648	-1220	40	547	828	-1325	800	493	-146	-601	79	453	-2296	-593	88
15813	977	-1601	2770	548	841	-1367	1112	506	-161	-604	85	409	-2343	-618	88
15831	817	-1512	1450	550	833	-1405	1202	517	-176	-607	93	349	-2391	-651	88
15849	763	-1826	-1160	548	798	-1469	636	524	-195	-610	108	315	-2439	-662	88
15870	949	-1454	590	549	838	-1463	622	530	-217	-615	128	285	-2489	-668	88
15894	1031	-1705	770	545	831	-1497	706	534	-248	-625	156	237	-2553	-682	88
15921	635	-1797	1540	548	811	-1615	1066	538	-296	-641	190	159	-2614	-712	88
15942	551	-1614	1090	543	749	-1641	1169	538	-337	-657	215	75	-2646	-747	88
15960	551	-1614	1090	533	695	-1632	1146	536	-378	-674	243	-2	-2670	-780	88
15984	392	-1637	-600	519	610	-1686	1106	530	-438	-695	295	-119	-2687	-833	88
16002	296	-2149	1710	509	531	-1769	1081	524	-481	-703	338	-193	-2694	-863	88
16020	133	-1999	-330	497	439	-1847	808	516	-523	-706	385	-267	-2695	-887	88
16044	1	-2052	-450	490	323	-1881	684	507	-579	-701	447	-350	-2693	-908	88
16065	97	-2194	100	479	261	-1957	584	499	-617	-692	492	-405	-2691	-915	88
16089	-83	-2055	-370	469	165	-2023	305	489	-661	-676	547	-460	-2688	-908	88
16107	53	-1966	-850	465	120	-2014	30	481	-693	-661	584	-477	-2688	-884	88
16131	-229	-2261	-2750	462	40	-2095	-565	473	-725	-641	625	-466	-2692	-830	88
16164	-192	-2123	-1870	467	-62	-2145	-1157	467	-759	-617	673	-394	-2705	-721	88
16188	-69	-2754	-930	474	-42	-2212	-1509	467	-785	-601	700	-292	-2717	-606	88
16206	-51	-2196	-2510	479	-44	-2252	-1651	469	-798	-591	715	-202	-2723	-509	88
16224	213	-2212	-920	492	-47	-2308	-2026	473	-810	-585	721	-73	-2724	-370	88
16242	395	-2376	-980	504	42	-2297	-1731	479	-820	-585	721	32	-2723	-269	88
16266	132	-1920	-2580	529	96	-2323	-1851	491	-819	-598	709	175	-2715	-127	88
16287	111	-2413	-1870	556	101	-2306	-1912	506	-806	-620	689	295	-2703	-10	88
16305	1533	-11880	-11560	582	373	-4132	-3740	523	-786	-645	666	423	-2671	116	88
16329	491	-2175	80	612	444	-4265	-3403	548	-756	-679	635	569	-2626	266	88
16353	641	-2410	-220	646	477	-3689	-2035	576	-724	-711	603	657	-2599	376	88
16371	641	-2410	-220	672	520	-3341	-1542	599	-702	-733	579	704	-2585	437	88
16392	564	-2665	-310	710	495	-3135	-1056	624	-680	-757	554	725	-2579	485	88
16416	1155	-3967	680	735	495	-2953	-295	656	-653	-794	519	713	-2575	519	88
16434	430	-2607	570	737	535	-2968	-51	677	-637	-816	497	691	-2566	538	88
16452	220	-2277	90	749	444	-2807	68	695	-621	-836	474	662	-2563	553	88
16470	267	-2059	1120	737	391	-2621	269	707	-609	-851	454	630	-2556	566	88
16491	279	-2430	1520	719	373	-2684	568	711	-600	-861	436	580	-2546	571	88
16509	287	-2679	1980	703	348	-2661	912	709	-594	-869	421	524	-2542	567	88
16527	132	-2531	1000	693	312	-2608	1311	705	-590	-874	409	437	-2545	542	88
16545	140	-2952	2930	685	254	-2650	1429	699	-590	-877	400	345	-2531	516	88
16569	5	-2550	3140	671	199	-2712	1965	690	-596	-875	394	217	-2500	471	88
16587	-203	-2191	660	639	105	-2598	1811	678	-603	-867	392	123	-2483	435	88
16611	-203	-2191	660	608	-1	-2457	1413	657	-616	-850	394	33	-2467	401	88
16629	-203	-2191	660	575	-55	-2384	1208	637	-629	-829	401	-13	-2459	384	88
16647	-203	-2191	660	575	-94	-2330	1058	619	-640	-811	408	-45	-2453	372	88
16665	-203	-2191	660	506	-122	-2291	949	590	-657	-784	420	-69	-2449	363	88
16683	-203	-2191	660	480	-143	-2263	870	563	-671	-758	433	-86	-2446	357	88
16707	-359	-2544	2130	434	-178	-2272	944	524	-693	-719	453	-193	-2412	316	88
16725	-540	-1942	2590	407	-261	-2230	1351	494	-708	-689	469	-443	-2325	229	88
16749	-1136	-2615	1930	341	-534	-2339	1453	449	-731	-649	497	-702	-2193	149	88
16767	-1136	-2615	1930	317	-696	-2412	1581	413	-751	-614	523	-840	-2112	108	88
16785	-1012	-2503	1520	251	-758	-2414	1632	372	-775	-568	552	-961	-2007	25	88
16809	-1378	-2626	1130	229	-853	-2352	1373	322	-802	-503	592	-1082	-1887	-50	88
16833	-1312	-2267	960	173	-1049	-2367	1317	272	-824	-435	631	-1166	-1756	-104	88
16851	-1630	-2274	490	124	-1180	-2340	1129	240	-836	-393	655	-1205	-1657	-132	88
16875	-1824	-2554	900	113	-1310	-2320	815	194	-850	-338	685	-1219	-1532	-142	88
16893	-1628	-2237	630	72	-1394	-2296	764	160	-857	-299	705	-1219	-1442	-145	88
16911	-1504	-2102	0	23	-1419	-2237	421	123	-861	-260	723	-1196	-1361	-105	88
16929	-1804	-2247	270	1	-1522	-2238	378	93	-863	-227	738	-1169	-1282	-75	88
16947	-1843	-2237	-320	-21	-1566	-2196	49	62	-861	-191	749	-1121	-1212	-54	88
16965	-1843	-2237	-320	-33	-1640	-2206	-50	36	-858	-161	757	-1083	-1158	-38	88
16989	-1486	-1941	-130	-47	-1599	-2174	-78	7	-851	-129	764	-1027	-1076	-24	88
17010	-1693	-2358	-1090	-56	-1606	-2188	-273	-9	-844	-109	767	-973	-1015	23	88
17028	-1693	-2358	-1090	-61	-1628	-2233	-493	-21	-835	-88	770	-916	-958	73	88
17046	-1485	-1803	-1240	-66	-1721	-2328	-737	-31	-828	-72	770	-855	-895	139	88
17070	-1583	-2127	-30	-67	-1656	-2208	-678	-42	-817	-53	770	-777	-812	215	88
17088	-1583	-2127	-30	-68	-1635	-2184	-501	-48	-808	-41	770	-723	-751	261	88
17106	-1635	-2205	-1290	-68	-1599	-2138	-633	-51	-799	-31	770	-664	-680	312	88
17130	-1421	-1724	-550	-66	-1534	-2019	-837	-55	-787	-19	766	-590	-593	382	88
17148	-1825	-2512	-810	-67	-1579	-2088	-808	-58	-774	-12	757	-458	-463	435	88
17172	-905	-1210	-970	-65	-1488	-1985	-838	-59	-745	-5	734	-284	-307	496	88
17190	-1444	-1829	-1520	-65	-1568	-2056	-950	-59	-703	-2	698	-176	-229	550	88
17208	-1342	-1849	-440	-66	-1513	-1997	-899	-59	-653	-2	652	-89	-174	598	88
17226	-1237	-1682	-1120	-70	-1437	-1910	-958	-61	-601	-4	605	-13	-134	654	88
17250	-1183	-1910	330	-76	-1375	-1888	-1043	-63	-531	-8	539	73	-93	735	88
17268	-1074	-1334	-90	-73	-1300	-1784	-749	-65	-475	-13	481	130	-71	782	88
17286	-1025	-1283	-510	-62	-1224	-1647	-683	-64	-426	-19	432	183	-54	822	88
17304	-559	-1667	-1180	-60	-1063	-1618	-861	-61	-379	-25	384	236	-35	877	88
17325	-900	-1232	-480	-39	-1007	-1479	-381	-57	-339	-32	343	288	-22	906	88
17343	-795	-1059	-1360	-25	-957	-1378	-574	-48	-305	-38	306	336	-8	940	88
17361	-795	-1059	-1360	-14	-912	-1291	-785	-39	-275	-44	272	374	2	969	88
17379	-405	-930	920	-6	-805	-1202	-506	-30	-248	-50	240	415	6	981	88
17397	-405	-930	920	6	-696	-1127	-118	-20	-223	-56	212	456	9	985	88
17421	-405	-930	920	11	-594	-1058	238	-8	-195	-61	179	516	13	989	88
17439	-405	-930	920	18	-542	-1022	422	0	-176	-64	157	560	16	992	88
17457	-405	-930	920	20	-504	-995	555	4	-159	-67	138	594	19	993	88
17475	-405	-930	920	22	-477	-976	652	7	-144	-67	119	619	22	993	88
17499	-405	-930	920	25	-450	-958	742	11	-124	-67	93	642	22	993	88
17511	-405	-930	920	25	-441	-952	775	13	-114	-67	81	650	22	993	88
17529	-405	-930	920	28	-430	-945	813	16	-101	-67	63	660	22	993	88
17547	-405	-930	920	29	-422	-939	840	19	-89	-67	46	667	22	993	88
17565	-405	-930	920	31	-416	-936	861	21	-80	-67	29	673	22	993	88
17583	-405	-930	920	31	-412	-933	875	22	-69	-67	13	676	22	993	88
17607	-405	-930	920	31	-408	-930	889	22	-53	-68	-7	680	22	993	88
17625	-405	-930	920	34	-405	-930	896	24	-41	-69	-19	682	22	993	88
17643	-405	-930	920	35	-405	-930	902	26	-30	-71	-31	682	22	993	88
17661	-405	-930	920	38	-405	-930	905	29	-18	-74	-43	682	22	993	88
17685	-405	-930	920	41	-405	-930	909	32	-3	-78	-60	682	22	993	88
17703	-405	-930	920	47	-405	-930	911	34	6	-81	-72	682	22	993	88
17715	-405	-930	920	48	-405	-930	911	36	12	-83	-80	682	22	993	88
17739	-405	-930	920	54	-405	-930	911	40	24	-87	-94	682	22	993	88
17757	-405	-930	920	56	-405	-930	911	43	32	-90	-103	682	22	993	88
17775	11	-131	1030	61	-325	-778	932	46	40	-93	-112	676	-39	803	88
17793	272	214	840	66	-145	-516	1110	49	49	-96	-120	675	-122	584	88
17817	507	61	2790	71	62	-286	925	53	58	-100	-128	688	-211	381	88
17835	357	109	430	73	167	-186	1193	56	64	-102	-134	700	-269	276	88
17853	829	247	4290	78	265	-91	1371	60	70	-104	-140	718	-323	183	88
17871	648	27	180	87	382	-40	1379	64	75	-106	-143	738	-376	84	88
17889	399	12	460	94	406	-23	1107	70	81	-109	-148	758	-421	8	88
17913	434	228	760	100	409	30	940	78	85	-113	-153	790	-477	-66	88
17928	417	157	1220	101	409	53	993	82	87	-115	-155	807	-509	-103	88
17946	417	157	1220	115	409	80	1053	88	91	-118	-161	829	-549	-146	88
17964	605	-179	370	125	445	36	936	97	94	-121	-167	849	-583	-179	88
17988	476	136	-540	138	455	28	639	109	98	-127	-175	882	-632	-216	88
18006	555	-246	550	151	467	17	427	118	100	-132	-181	908	-666	-236	88
18024	532	-261	-420	160	485	-56	275	127	100	-137	-183	935	-698	-250	88
18045	702	-247	-230	175	522	-58	-53	138	100	-144	-182	969	-724	-248	88
18063	675	-278	1250	188	565	-114	180	149	100	-153	-180	999	-754	-252	88
18087	1004	-582	-1120	210	588	-152	65	166	100	-165	-176	1041	-800	-260	88
18129	834	-160	10	260	690	-208	-62	207	100	-196	-169	1118	-864	-254	88
18150	482	-293	-930	293	689	-220	-79	228	101	-211	-166	1149	-893	-252	88
18186	638	-189	-500	323	692	-219	-242	265	105	-235	-164	1213	-939	-236	88
18204	976	-293	-1610	333	758	-248	-496	282	107	-246	-164	1252	-956	-221	88
18222	786	-456	-880	375	777	-287	-658	303	110	-260	-164	1294	-969	-172	88
18240	1177	-359	-10	400	843	-320	-612	324	113	-275	-164	1339	-981	-124	88
18264	1097	-523	-390	452	890	-373	-627	357	117	-301	-166	1397	-994	-80	88
18282	1119	-471	-1940	440	947	-408	-716	379	121	-325	-169	1433	-995	-57	88
18303	1323	-496	-500	461	1007	-435	-743	398	124	-350	-175	1469	-979	-40	88
18327	1409	-520	1370	531	1082	-495	-331	433	125	-386	-185	1501	-969	-25	88
18345	1409	-520	1370	577	1169	-501	130	466	123	-413	-193	1512	-972	-17	88
18369	1146	-704	2530	612	1150	-579	669	512	118	-449	-201	1512	-991	-9	88
18387	1498	-775	990	612	1214	-625	880	539	115	-470	-207	1503	-1014	-6	88
18411	1294	-1117	1050	672	1224	-735	1215	576	108	-501	-215	1466	-1071	-53	88
18435	1253	-1009	670	704	1239	-845	1084	614	98	-529	-219	1430	-1122	-105	88
18453	1828	-1299	3630	717	1332	-926	1558	639	89	-550	-219	1389	-1171	-158	88
18471	1376	-1016	1950	728	1379	-972	1799	661	80	-570	-219	1344	-1221	-215	88
18489	1514	-1308	930	734	1415	-1062	1562	680	74	-587	-217	1300	-1267	-268	88
18513	1804	-1738	1390	731	1386	-1144	1651	697	65	-608	-213	1225	-1330	-345	88
18531	1084	-1203	1190	719	1361	-1203	1541	703	56	-620	-208	1163	-1365	-399	88
18549	1411	-1357	1200	704	1318	-1218	1445	704	43	-631	-197	1111	-1395	-445	88
18573	1224	-1319	2440	690	1308	-1270	1372	699	25	-640	-177	1041	-1437	-502	88
18591	1479	-1629	700	681	1333	-1341	1330	693	11	-646	-162	978	-1461	-548	88
18615	1004	-1767	740	668	1289	-1422	1155	685	-7	-650	-141	900	-1480	-598	88
18633	1549	-1703	30	666	1314	-1502	932	679	-17	-653	-127	838	-1474	-627	88
18657	1562	-2003	-530	652	1278	-1526	514	670	-32	-653	-109	768	-1456	-646	88
18675	1294	-1513	910	644	1281	-1521	620	662	-44	-651	-97	707	-1418	-659	88
18705	798	-1339	510	630	1823	-2274	497	648	-62	-646	-77	623	-1353	-652	88
18723	1404	-1864	-350	622	1709	-2162	266	640	-71	-641	-62	579	-1312	-642	88
18747	1364	-1562	480	613	1549	-1939	130	631	-83	-634	-44	522	-1251	-626	88
18765	1173	-1454	170	608	1479	-1825	193	625	-89	-628	-32	478	-1206	-617	88
18786	971	-1562	-1580	601	1347	-1732	-185	619	-95	-622	-23	431	-1143	-593	88
18804	1087	-1403	120	596	1266	-1655	-239	613	-99	-615	-14	386	-1079	-570	88
18822	862	-1587	-130	593	1237	-1600	-498	607	-102	-609	-6	344	-1006	-533	88
18840	862	-1587	-130	586	1134	-1595	-397	601	-105	-601	0	306	-932	-503	88
18855	1250	-1210	-1850	584	1155	-1521	-672	597	-105	-595	2	277	-881	-475	88
18873	967	-1397	-2190	572	1103	-1486	-1082	590	-104	-586	3	239	-794	-419	88
18897	837	-1305	-920	534	1071	-1398	-910	574	-100	-571	3	190	-688	-362	88
18915	1304	-1244	-750	483	1095	-1360	-879	552	-97	-549	3	154	-608	-317	88
18936	882	-1382	-920	426	1035	-1365	-889	524	-95	-520	3	121	-530	-269	88
18954	1095	-1591	1540	402	1023	-1341	-677	492	-92	-485	2	92	-456	-207	88
18978	962	-938	-430	347	1013	-1318	-248	445	-92	-434	0	57	-350	-135	88
18996	628	-1157	1260	322	964	-1236	-127	415	-92	-400	0	39	-265	-97	88
19020	589	-1247	1180	280	827	-1154	115	372	-92	-358	0	28	-162	-63	88
19038	487	-932	800	255	742	-1118	330	342	-90	-330	-1	27	-102	-45	88
19056	433	-764	1200	228	658	-1021	565	313	-87	-304	-1	27	-59	-69	88
19080	288	-719	450	188	540	-891	466	273	-82	-269	-1	-13	-67	-92	88
19098	154	-488	-70	155	445	-799	362	244	-78	-244	0	-67	-95	-77	88
19116	175	-532	-700	134	371	-726	73	215	-75	-219	0	-168	-149	-55	88
19137	304	-499	-80	104	352	-663	30	187	-72	-196	0	-245	-183	-39	88
19155	192	-278	20	89	308	-557	27	161	-71	-172	0	-305	-202	-27	88
19173	168	-403	690	74	285	-510	0	137	-71	-148	2	-352	-207	-18	88
19191	0	-301	1140	67	230	-470	216	123	-71	-134	4	-380	-200	-14	88
19209	87	-227	-170	47	181	-415	360	102	-71	-114	7	-416	-182	-51	88
19227	47	-209	330	34	146	-360	311	84	-71	-97	10	-443	-163	-77	88
19245	-398	-190	1480	20	53	-281	461	66	-71	-83	13	-463	-144	-110	88
19269	-151	-57	-250	3	-20	-206	426	46	-71	-67	19	-483	-122	-146	88
19287	-209	-108	910	-9	-65	-174	462	31	-71	-55	22	-494	-108	-168	88
19305	-177	-18	220	-17	-106	-143	359	18	-71	-44	26	-502	-95	-187	88
19323	-219	-119	1220	-24	-132	-127	510	6	-71	-34	30	-508	-81	-208	88
19341	-219	-119	1220	-35	-154	-124	701	-4	-71	-23	34	-513	-70	-227	88
19362	-48	-26	940	-43	-163	-108	581	-13	-71	-13	37	-362	-45	-241	88
19380	-424	5	610	-49	-209	-92	556	-22	-69	-4	40	-237	-23	-261	88
19398	-185	151	-30	-51	-221	-37	447	-28	-66	3	42	-135	-3	-278	88
19422	-102	63	-170	-54	-273	-54	324	-36	-62	11	42	-26	18	-294	88
19437	-140	88	-50	-55	-243	-28	241	-38	-60	15	42	19	28	-299	88
19446	-630	-105	-360	-54	-281	-35	180	-39	-58	17	41	42	34	-300	88
19470	-83	54	0	-48	-250	-19	135	-41	-50	21	37	127	55	-308	88
19488	-115	294	40	-43	-210	46	104	-41	-44	24	34	181	70	-314	88
19500	-83	56	70	-38	-185	47	97	-39	-40	26	32	216	80	-318	88
19524	170	184	-3210	-31	-99	72	-536	-35	-30	28	28	282	102	-315	88
19542	-59	-41	-110	-24	-48	79	-949	-32	-22	28	25	321	117	-306	88
19560	-17	11	-670	-16	-42	55	-827	-27	-14	28	22	359	133	-295	88
19578	61	1	60	-12	-12	39	-586	-21	-8	25	19	397	149	-286	88
19596	26	40	-760	-6	-5	40	-562	-15	-2	23	16	437	166	-276	88
19620	54	60	-420	2	25	31	-560	-8	3	19	12	488	192	-257	88
19638	135	42	830	8	40	30	-415	-3	7	17	8	528	212	-243	88
19650	135	42	830	12	57	32	-178	0	11	16	4	553	223	-237	88
19668	36	8	-650	17	68	37	-326	3	16	13	0	593	246	-220	88
19686	92	49	-40	23	73	32	-383	6	22	13	-3	631	271	-200	88
19698	92	49	-40	26	75	34	-317	8	26	12	-5	655	286	-188	88
19716	179	96	-230	30	95	46	-277	13	31	9	-8	693	313	-147	88
19734	179	96	-230	35	116	59	-263	18	37	6	-14	723	335	-106	88
19746	179	96	-230	40	127	65	-256	22	41	4	-18	744	349	-85	88
19761	60	19	-50	45	114	55	-223	25	45	1	-22	768	365	-68	88
19779	186	20	-890	50	153	63	-334	31	51	-2	-30	802	389	-48	88
19797	21	70	-30	57	129	60	-320	37	57	-5	-39	834	412	-34	88
19809	386	166	-440	64	177	79	-342	41	61	-7	-44	856	429	-27	88
19824	462	93	730	67	199	91	-138	45	65	-11	-50	884	444	-21	88
19842	146	183	-1190	70	237	100	-94	51	71	-16	-60	921	466	-14	88
19860	540	165	1060	76	286	118	37	57	77	-20	-72	957	487	-9	88
19878	612	230	710	77	302	110	138	60	83	-24	-82	997	504	-6	88
19896	552	255	-60	82	373	147	146	64	92	-30	-94	1037	520	-3	88
19914	278	-8	780	86	346	104	317	68	99	-35	-105	1077	533	-42	88
19935	518	325	-840	88	392	163	2	71	108	-41	-117	1112	550	-29	88
19950	6410	10037	450	94	409	169	86	75	116	-45	-128	1136	559	-52	88
19971	259	74	680	99	415	181	261	81	132	-52	-151	1188	574	-94	88
19989	518	277	-300	103	465	212	221	85	144	-56	-170	1230	585	-123	88
20007	526	270	500	110	480	227	230	89	157	-59	-189	1271	596	-147	88
20031	680	225	-310	112	548	245	182	95	175	-64	-216	1325	611	-177	88
20049	767	432	220	122	582	263	139	101	191	-68	-237	1366	625	-193	88
20067	943	325	110	124	664	287	139	106	206	-72	-257	1409	638	-210	88
20085	754	435	1450	138	702	317	385	113	222	-77	-277	1450	644	-232	88
20109	1007	473	340	157	773	338	210	124	242	-84	-303	1506	659	-256	88
20121	677	460	60	174	754	361	181	132	255	-88	-319	1535	666	-269	88
20139	1039	533	210	193	769	394	162	145	275	-94	-342	1571	675	-285	88
20151	1095	489	1750	196	825	415	324	154	288	-98	-357	1598	677	-301	88
20163	1033	283	950	211	870	408	514	164	302	-102	-375	1628	673	-324	88
20175	1048	752	1740	215	902	430	675	173	317	-106	-394	1660	665	-352	88
20187	1191	646	1410	223	943	480	843	182	333	-111	-415	1695	650	-387	88
20199	1438	531	620	233	1014	499	871	190	351	-117	-438	1731	634	-424	88
20211	1201	557	350	241	1070	507	795	198	369	-122	-458	1766	619	-459	88
20223	1201	557	350	250	1094	516	710	206	387	-127	-469	1797	607	-489	88
20241	1829	668	1540	262	1146	534	780	219	414	-134	-484	1847	583	-541	88
20259	1579	758	-790	283	1282	587	542	233	442	-138	-506	1894	568	-586	88
20277	1173	492	-2740	298	1269	582	-171	247	470	-140	-532	1937	586	-604	88
20295	1608	915	-2360	305	1302	629	-781	261	497	-140	-562	1970	631	-595	88
20316	1334	661	-2240	305	1332	657	-1185	272	518	-140	-585	1993	702	-567	88
20334	1334	661	-2240	358	1332	657	-1470	289	545	-138	-618	2009	759	-538	88
20358	2915	1977	-2990	388	1453	872	-1723	317	586	-132	-666	2026	857	-493	88
20376	1565	1209	-2330	383	1592	1024	-1940	335	615	-126	-699	2025	955	-444	88
20400	1911	1567	-480	368	1582	1153	-1720	346	653	-115	-743	2022	1080	-387	88
20418	1675	1440	-2520	347	1571	1193	-1725	347	679	-107	-773	2015	1177	-345	88
20442	1399	1382	-3020	336	1552	1292	-2077	343	710	-95	-809	1981	1334	-261	88
20460	1495	1549	-1590	324	1527	1347	-2059	337	730	-86	-833	1945	1456	-189	88
20484	1451	1759	-1260	309	1486	1402	-2079	328	753	-74	-858	1888	1608	-123	88
20502	1824	2149	-1710	300	1546	1572	-1942	319	769	-62	-872	1837	1708	-89	88
20526	1306	1318	-1610	259	1462	1483	-1826	301	790	-42	-888	1765	1822	-57	88
20544	1786	1798	-390	238	1492	1555	-1555	285	805	-24	-898	1715	1890	-40	88
20568	1525	2228	-590	198	1483	1670	-1469	259	821	-1	-906	1645	1971	-25	88
20589	1525	2228	-590	169	1493	1820	-1229	237	833	14	-912	1601	2019	-17	88
20607	3029	3059	-2940	143	1525	1850	-1343	213	845	29	-918	1546	2061	-11	88
20631	1261	1568	-520	143	1648	2027	-1232	188	856	45	-922	1466	2103	-6	88
20649	1756	2136	-170	143	1636	2010	-971	175	862	53	-925	1416	2129	-3	88
20667	1296	1920	750	85	1543	1984	-503	149	876	64	-936	1386	2145	0	88
20679	1748	2070	-1350	79	1581	1999	-663	135	885	70	-943	1360	2160	0	88
20691	1395	1768	510	73	1545	1954	-439	122	894	75	-951	1342	2170	-29	88
20709	1895	2137	2000	57	1609	2000	68	105	910	81	-964	1334	2174	-100	88
20727	1895	2137	2000	46	1685	2036	590	89	930	85	-977	1334	2174	-160	88
20748	2350	2229	3730	33	1774	2067	1091	74	949	87	-987	1337	2158	-241	88
20772	1533	2141	1410	15	1697	1982	960	54	969	85	-997	1354	2126	-363	88
20784	1523	1608	2770	18	1664	1958	1181	46	977	83	-1001	1375	2104	-436	88
20802	1918	2027	1310	28	1641	1906	1411	38	986	79	-1007	1442	2044	-594	88
20823	2443	2322	3740	37	1818	1990	1844	37	995	73	-1013	1505	1973	-757	88
20841	1759	1455	2540	66	1801	1843	2031	41	1004	67	-1017	1575	1892	-928	88
20865	2485	1641	3440	103	1904	1712	2419	56	1015	55	-1021	1689	1748	-1200	88
20883	2122	1307	4720	131	1992	1628	2938	72	1021	39	-1023	1775	1616	-1419	88
20901	1960	1520	290	162	1982	1598	2219	90	1027	21	-1023	1847	1504	-1614	88
20919	1838	899	2020	194	1942	1408	2164	114	1029	-6	-1019	1910	1403	-1791	88
20937	1838	899	2020	217	1912	1269	2124	139	1027	-31	-1013	1956	1329	-1921	88
20955	1838	899	2020	245	1891	1168	2094	164	1022	-57	-1005	1990	1275	-2015	88
20979	1838	899	2020	301	1871	1074	2067	205	1010	-95	-988	2021	1224	-2102	88
20997	1838	899	2020	327	1861	1025	2053	237	1001	-121	-975	2037	1198	-2147	88
21021	2025	1200	770	358	1871	1010	1915	275	994	-150	-959	2067	1142	-2261	88
21039	2401	973	-1210	358	1949	1038	1406	296	991	-166	-950	2103	1052	-2461	88
21057	2102	1122	-2190	407	2013	1048	510	323	970	-184	-938	2112	1004	-2606	88
21075	2090	897	90	420	2109	1091	81	346	945	-199	-925	2095	982	-2717	88
21099	2451	1162	-890	435	2137	1049	-16	372	918	-215	-909	2072	962	-2834	88
21117	2451	1162	-890	435	2221	1079	-251	388	904	-224	-899	2048	952	-2900	88
21141	2281	1354	-330	442	2213	1146	-411	405	895	-228	-883	2010	952	-2968	88
21162	2138	1158	-1700	436	2183	1164	-801	413	893	-227	-872	1952	959	-3002	88
21180	2454	1339	-1490	431	2229	1195	-1004	418	893	-222	-861	1881	971	-3026	88
21201	2060	1463	-2630	421	2177	1251	-1457	419	896	-212	-849	1787	993	-3028	88
21219	2057	1551	-3480	411	2144	1324	-1935	416	898	-198	-837	1682	1023	-3010	88
21237	1791	1567	-2330	390	2108	1384	-1970	409	898	-182	-825	1565	1051	-2983	88
21255	1483	1349	-1600	368	1962	1391	-1928	399	898	-162	-813	1457	1081	-2952	88
21279	862	946	-1940	340	1951	1557	-2507	380	898	-130	-797	1308	1126	-2891	88
21297	2655	2811	-4710	294	2385	2184	-3000	358	897	-99	-782	1185	1156	-2833	88
21321	1220	1583	-3540	253	2296	2308	-3469	327	894	-58	-763	1036	1183	-2755	88
21339	1547	2192	-3020	218	2065	2226	-3389	299	889	-23	-748	919	1194	-2688	88
21360	1154	2353	-4480	173	1820	2212	-3684	269	882	14	-730	782	1194	-2596	88
21378	1107	1950	-1980	150	1629	2173	-3423	238	876	48	-713	650	1181	-2503	88
21396	680	1983	-3870	90	1412	2171	-3596	200	867	87	-691	508	1152	-2393	88
21414	645	2674	-2500	39	1205	2251	-3409	158	854	129	-658	379	1111	-2288	88
21432	640	2293	-4200	20	1051	2261	-3623	119	841	168	-620	258	1060	-2180	88
21450	246	2502	-3930	-21	849	2267	-3832	80	824	208	-575	132	989	-2044	88
21474	-225	1922	-3830	-98	521	2213	-4154	25	778	266	-504	-12	878	-1854	88
21492	-341	1728	-4760	-133	307	2155	-4442	-14	733	307	-451	-103	777	-1688	88
21513	-479	1695	-4760	-182	93	2029	-4526	-54	673	351	-391	-176	680	-1528	88
21531	-713	1932	-5140	-220	-125	2002	-4691	-94	607	393	-332	-230	585	-1374	88
21549	-956	1690	-4300	-242	-329	1933	-4632	-131	545	431	-276	-263	477	-1206	88
21567	-1108	1471	-5550	-289	-526	1824	-4728	-169	481	466	-217	-272	373	-1031	88
21597	-1414	1309	-5070	-328	-865	1645	-4641	-229	383	513	-124	-233	214	-726	88
21615	-1197	834	-2450	-361	-971	1463	-4258	-261	328	526	-73	-193	147	-544	88
21639	-1508	1000	-2050	-388	-1220	1358	-4037	-299	258	525	-8	-134	78	-342	88
