0	6150	5723	-5827	-6414	0	0	-7390	0	-1	-1	-1	-35	-24	-39	88
60	3141	3632	3030	-3355	31	-4	100	2	-2	-1	-1	5	1	-1	88
167	3307	4702	3000	-4469	-53	-34	-630	5	1	3	-2	4	46	17	88
252	3310	5339	3026	-5195	-3	35	-1210	16	17	7	-1	16	40	3	88
289	3250	5618	3120	-5476	92	-31	-460	21	24	9	-1	44	81	20	88
308	3178	5793	3185	-5675	234	99	-840	23	28	10	-3	63	111	29	88
356	3047	6265	3272	-6268	-14	-22	-730	25	37	16	-2	48	92	23	88
377	3054	6393	3288	-6396	-9	-2	-100	30	44	18	-2	33	64	3	88
425	-3056	6678	3607	-6664	130	100	-1440	35	55	22	-6	25	138	-9	88
466	-3287	6919	3793	-6966	13	44	-1520	32	62	25	-11	35	107	29	88
485	-3343	6996	3839	-7068	-63	165	-1680	30	64	26	-11	50	101	78	88
498	-3578	7208	4113	-7226	68	-169	-740	28	66	27	-16	42	184	54	88
511	-3645	7173	4140	-7225	62	102	-1660	24	71	28	-23	35	125	17	88
524	-3639	7163	4142	-7214	62	102	-1660	22	74	27	-26	42	140	26	88
537	-3781	7098	4270	-7118	316	338	-1240	22	74	27	-30	43	129	59	88
550	-3615	7385	4216	-7355	-12	296	490	20	76	27	-34	60	155	71	88
563	-3868	7568	4433	-7572	-52	18	-1260	18	81	27	-40	61	136	66	88
576	-3770	7543	4399	-7478	168	362	370	17	83	27	-46	57	195	40	88
589	-3885	7644	4523	-7577	290	295	-100	15	89	29	-49	45	160	36	88
603	-4013	7954	4676	-7909	-49	-38	-930	14	95	26	-54	62	188	20	88
624	-4045	7941	4722	-7871	108	153	-350	12	103	29	-62	58	145	37	88
633	-4111	7922	4806	-7828	367	344	-80	11	105	28	-62	61	141	34	88
646	-4111	7922	4806	-7828	367	344	-80	11	105	28	-62	97	200	91	88
672	-4249	8347	4985	-8251	82	43	-1160	10	113	29	-73	76	181	36	88
694	-4265	8321	5027	-8189	252	295	-240	9	118	30	-78	59	223	24	88
712	-4295	8445	5087	-8300	252	295	-240	8	123	30	-83	74	204	30	88
733	-4293	8878	5221	-8645	-137	-104	2260	7	124	30	-87	77	268	24	88
755	-4493	8813	5313	-8646	-56	85	-910	7	127	32	-93	63	344	47	88
777	-4490	8785	5305	-8621	-56	85	-910	6	135	34	-100	104	437	60	88
799	-4537	8576	5334	-8364	292	324	-540	6	138	35	-111	114	382	66	88
814	-4609	8677	5408	-8455	77	108	-520	5	142	37	-119	99	269	83	88
829	-4599	8674	5404	-8452	77	108	-520	2	143	38	-120	86	216	70	88
853	-4679	8512	5450	-8306	168	270	-1220	-3	149	39	-124	70	302	49	88
875	-4806	8261	5545	-8017	466	540	-690	-5	150	40	-129	79	236	69	88
897	-4870	8519	5644	-8269	51	82	-490	-9	154	43	-134	70	265	36	88
918	-4889	8329	5649	-8053	272	332	-250	-13	157	47	-139	79	262	75	88
933	-4865	8316	5637	-8046	272	332	-250	-20	161	50	-141	88	331	53	88
959	-4697	8384	5575	-8082	233	272	1060	-35	171	53	-146	97	290	113	88
981	-4876	8102	5643	-7886	369	514	-1640	-47	177	56	-149	72	271	80	88
1003	-4917	8197	5724	-7952	224	313	-460	-45	185	57	-152	53	228	32	88
1024	-5002	8033	5771	-7770	388	453	-270	-40	193	59	-161	118	366	88	88
1046	-5321	7863	6015	-7592	409	452	-840	-39	194	57	-167	83	301	51	88
1070	-5466	7815	6138	-7518	467	382	-410	-35	197	59	-170	122	256	106	88
1091	-5363	7792	6051	-7475	378	523	-560	-35	199	59	-178	101	177	103	88
1110	-5436	7661	6086	-7355	415	650	-610	-32	205	60	-180	62	173	71	88
1132	-5252	7765	5989	-7407	291	659	1090	-32	209	61	-183	102	174	97	88
1156	-5456	7791	6138	-7463	261	414	-630	-29	212	60	-186	122	217	140	88
1173	-5468	7752	6156	-7400	321	453	70	-29	213	63	-187	101	232	108	88
1186	-5493	7739	6192	-7357	406	440	360	-30	213	66	-188	91	175	80	88
1199	-5478	7718	6166	-7350	306	502	-140	-32	213	67	-188	121	223	62	88
1221	-5500	7734	6212	-7355	311	409	60	-41	216	72	-188	133	261	80	88
1243	-5564	7651	6256	-7263	369	461	-180	-39	221	75	-191	84	180	53	88
1265	-5568	7638	6236	-7270	140	505	-720	-41	220	77	-191	108	172	109	88
1315	-5776	7483	6396	-7087	275	495	-650	-43	226	89	-193	116	192	142	88
1343	-5799	7454	6448	-7017	379	526	220	-45	223	90	-190	92	247	72	88
1364	-5761	7437	6385	-7030	89	616	-430	-48	223	95	-188	79	123	43	88
1386	-5964	7247	6546	-6812	414	672	-660	-49	222	95	-190	103	135	78	88
1430	-5937	7374	6615	-6847	295	505	1060	-59	217	100	-191	80	148	63	88
1493	-5943	7262	6613	-6751	236	649	-80	-66	220	104	-187	117	173	93	88
1523	-6211	7201	6858	-6644	316	456	180	-64	220	105	-189	106	178	92	88
1547	-6044	6974	6672	-6445	227	990	-60	-65	222	105	-187	67	112	49	88
1569	-6302	7027	6930	-6467	353	591	-240	-67	224	106	-188	87	135	95	88
1595	-6094	7130	6789	-6558	-26	665	920	-69	227	109	-186	112	157	126	88
1619	-6303	7104	6972	-6520	229	463	-30	-71	224	110	-184	93	218	65	88
1649	-6319	6915	6949	-6366	98	694	0	-74	230	114	-180	114	163	146	88
1671	-6409	6796	7015	-6269	154	732	-550	-79	234	115	-178	151	173	182	88
1695	-6451	6972	7135	-6361	244	440	960	-80	228	117	-175	144	187	144	88
1716	-6225	7002	6913	-6411	-68	688	0	-84	222	123	-172	154	201	74	88
1735	-6218	7018	6910	-6430	-68	688	0	-86	219	124	-168	147	185	159	88
1757	-6605	7020	7242	-6416	85	250	-630	-87	212	126	-163	115	190	148	88
1853	-6365	6916	7060	-6245	-107	728	100	-101	194	140	-147	115	163	137	88
1870	-6354	6924	7046	-6266	-107	728	100	-104	192	144	-141	102	149	150	88
1883	-6339	6927	7029	-6269	-107	728	100	-108	191	149	-140	127	166	122	88
1905	-6522	6868	7154	-6210	-139	591	-140	-112	186	160	-134	108	160	148	88
1936	-6696	6776	7337	-6079	220	496	90	-120	182	162	-129	130	198	130	88
1962	-6697	6741	7317	-6064	14	521	-590	-128	179	167	-126	115	158	127	88
1985	-6532	6724	7185	-6039	-90	744	70	-131	176	168	-123	126	171	134	88
2016	-6824	6526	7379	-5870	-187	634	-1340	-135	173	173	-118	135	153	163	88
2039	-6958	6559	7590	-5796	180	389	830	-142	172	179	-116	129	149	126	88
2057	-7055	6383	7631	-5639	189	500	-400	-144	170	180	-114	139	149	162	88
2070	-7061	6389	7626	-5636	189	500	-400	-142	168	182	-115	111	124	107	88
2091	-7289	6232	7750	-5519	49	404	-1530	-139	166	183	-113	149	179	157	88
2109	-7462	5930	7896	-5162	225	549	-480	-139	165	184	-112	145	132	153	88
2122	-7459	5927	7896	-5159	225	549	-480	-140	166	184	-113	172	182	186	88
2143	-7367	6040	7849	-5271	-65	506	200	-138	167	182	-109	204	122	256	88
2178	-7486	5793	7911	-5035	-99	625	0	-140	164	184	-102	168	135	213	88
2202	-7520	5675	7924	-4934	-213	681	-400	-142	166	183	-101	222	119	84	88
2219	-7749	5544	8130	-4756	44	526	-50	-142	166	186	-101	143	133	126	88
2232	-7788	5370	8125	-4601	-60	644	-610	-144	165	186	-100	164	191	149	88
2258	-7790	5481	8187	-4673	-85	466	500	-148	165	190	-95	156	194	210	88
2288	-7378	4890	7617	-4261	-288	626	-1070	-154	165	191	-91	342	123	389	88
2328	3844	-3617	-4161	3111	-384	564	-90	-161	160	196	-86	129	75	123	88
2362	4252	-3556	-4564	2966	-493	948	-1180	-146	137	175	-66	56	59	46	88
2407	4353	-3337	-4545	-2996	-280	759	320	-121	114	133	-54	56	38	72	88
2425	4351	-3218	-4597	-3189	-244	621	-1580	-110	104	119	-51	26	24	61	88
2446	4684	-3057	-4877	-3355	-338	711	-1290	-99	89	104	-47	25	34	19	88
2470	4627	2919	-4743	-3455	-95	317	480	-92	83	96	-45	22	19	5	88
2491	4762	3063	-4922	-3662	-318	360	-1120	-75	70	80	-45	13	11	-8	88
2513	4949	3168	-5021	-3685	-19	209	160	-71	61	75	-47	110	108	115	88
2535	5360	3298	-5211	-3663	-27	283	1460	-65	52	57	-47	67	60	46	88
2566	5592	3351	-5440	-3761	26	153	850	-63	47	49	-49	30	49	20	88
2588	5606	3428	-5469	-3852	14	52	480	-34	42	24	-50	58	40	31	88
2609	5764	3421	-5582	-3840	15	77	1610	-27	39	10	-49	125	49	34	88
2637	5867	3392	-5701	-3803	45	20	2230	-15	33	4	-51	147	68	55	88
2646	5948	3325	-5842	-3804	136	99	650	-2	31	-6	-49	99	61	38	88
2658	6046	3456	-5950	-3983	47	-59	-370	1	30	-8	-49	73	56	27	88
2671	6036	3463	-5910	-3982	47	-59	-370	3	28	-20	-49	90	51	33	88
2684	6307	3463	-6032	-3844	-5	31	1760	10	26	-26	-50	168	68	92	88
2706	6572	3333	-6304	-3721	208	137	1780	18	25	-27	-51	121	49	108	88
2723	6531	3456	-6284	-3870	225	-214	600	33	23	-37	-50	110	47	58	88
2745	6766	3417	-6535	-3881	73	24	140	46	20	-49	-49	87	63	65	88
2771	7029	3430	-6765	-3881	23	-39	880	64	17	-62	-51	127	101	41	88
2793	7275	3276	-7006	-3698	89	8	1550	88	14	-74	-51	112	65	50	88
2815	7348	3280	-7129	-3720	89	8	1550	111	14	-81	-55	133	56	70	88
2837	7450	3155	-7241	-3587	118	49	1210	127	12	-92	-55	133	35	68	88
2856	7575	3011	-7343	-3404	91	85	2140	147	13	-106	-56	171	66	98	88
2877	7564	3017	-7381	-3446	88	-76	500	169	11	-123	-59	202	63	60	88
2899	7630	3025	-7465	-3481	88	-76	500	193	9	-142	-57	111	82	64	88
2921	7940	-3082	-7788	-3176	-39	135	20	217	10	-160	-60	141	76	178	88
2945	7904	-3170	-7749	-3042	109	-29	1270	241	11	-174	-61	105	89	146	88
2971	8248	-3279	-8049	-2977	18	7	840	233	13	-184	-64	251	98	269	88
2997	8474	-3666	-8273	3273	116	29	1550	231	11	-176	-66	169	82	128	88
3033	8709	-4053	-8474	3672	-7	-56	1580	221	17	-173	-60	374	119	238	88
3055	8912	-4349	-8662	3927	290	27	1160	211	19	-182	-57	320	99	169	88
3077	8983	-4543	-8691	4162	256	-23	1950	211	16	-190	-52	289	98	242	88
3107	9172	-4653	-8859	4163	259	-114	350	211	15	-216	-40	378	104	323	88
3146	9446	-4587	-9098	3936	238	-235	-1230	205	17	-241	-28	367	137	428	88
3183	9843	-4523	-9502	3726	87	-41	-1690	218	13	-263	-17	646	245	421	88
3204	9999	-4423	-9622	3591	41	-78	-890	226	11	-278	-13	630	239	378	88
3224	10301	-4275	-9924	3336	47	-75	-560	239	10	-295	-9	424	214	365	88
3250	10386	-4266	-9978	3269	130	-15	-520	259	10	-330	-3	481	261	334	88
3271	10593	-3989	-10235	-2923	110	-213	-590	285	11	-341	-1	468	206	299	88
3451	11571	-4050	-11607	-3028	199	-192	950	474	-23	-416	-20	1188	406	1165	88
3486	11616	-4295	-11713	3069	274	-371	40	495	-33	-434	-40	1312	467	1667	88
3534	11642	-5267	-11749	4205	389	-605	1480	529	-52	-472	-31	1163	434	1612	88
3570	11218	-6481	-11432	5549	508	-740	1990	544	-67	-495	-14	1132	407	1351	88
3614	11061	-6900	-11188	6104	798	-1014	2420	551	-86	-523	6	841	459	818	88
3699	9794	-9394	-10098	8979	727	-1298	2000	550	-131	-564	36	595	489	574	88
3759	9710	-10199	-10110	9820	525	-1323	720	524	-177	-559	73	402	592	422	88
3780	9839	-10217	-10233	9814	525	-1323	720	515	-200	-558	96	436	648	386	88
3793	8653	-10093	-9037	9873	1477	-2980	490	510	-209	-560	105	369	757	300	88
3815	9443	-10399	-9842	10074	542	-1485	150	504	-230	-562	122	387	693	296	88
3856	9466	-10516	-9867	10162	518	-1163	370	489	-270	-557	175	429	969	359	88
3891	9523	-10099	-9948	9657	410	-1573	-440	483	-298	-554	197	454	742	382	88
3935	9811	-9971	-10324	9379	268	-1253	-760	478	-330	-540	237	357	647	499	88
3987	9791	-9682	-10312	9062	335	-1562	360	476	-358	-531	268	484	590	550	88
4035	9574	-9440	-10199	8675	571	-2083	-1460	477	-371	-530	292	426	566	444	88
4159	9395	-9876	-10176	8991	434	-1649	1020	481	-389	-553	306	367	463	517	88
4196	9116	-10072	-9931	9239	461	-1716	1050	482	-393	-557	304	368	623	419	88
4244	8697	-10333	-9653	9465	511	-1863	1020	477	-401	-562	299	376	582	301	88
4266	8701	-10298	-9655	9462	511	-1863	1020	476	-412	-561	299	279	589	258	88
4296	8761	-10525	-9875	9531	288	-1429	410	470	-426	-558	313	247	483	282	88
4331	8520	-10217	-9673	9181	351	-2132	-440	462	-440	-554	321	363	614	373	88
4366	8047	-10380	-9220	9448	430	-2451	1340	454	-454	-557	320	242	679	283	88
4402	8001	-10683	-9321	9646	265	-2030	470	449	-465	-557	326	215	757	274	88
4451	7728	-11359	-9305	10262	77	-1212	840	427	-507	-541	346	232	718	295	88
4495	7111	-11351	-8820	10216	-169	-1799	390	407	-540	-526	379	265	644	311	88
4534	6801	-11905	-8616	10798	1	-1189	1070	386	-568	-527	390	262	1172	193	88
4578	6201	-11687	-8152	10625	-268	-1845	-710	362	-635	-503	425	253	1094	155	88
4600	5894	-11544	-7829	10548	-426	-2313	1240	356	-648	-498	434	267	898	179	88
4627	5413	-11916	-7415	11064	-274	-1901	1810	317	-697	-476	472	275	991	237	88
4658	5123	-11921	-7217	11283	-390	-1660	830	292	-705	-464	491	401	2438	325	88
4671	4548	-11922	-6613	11474	-507	-1980	2480	285	-709	-458	497	376	2081	377	88
4690	4217	-11922	-6340	11560	-555	-1986	1680	264	-745	-436	524	323	1547	277	88
4718	3814	-11922	-5989	11449	-611	-2344	1480	237	-799	-413	557	214	1221	138	88
4766	3597	-11923	-5730	11632	-806	-2006	2810	192	-845	-376	613	196	1181	112	88
4795	3676	-11924	-5789	11547	-806	-2006	2810	169	-852	-360	638	242	1490	164	88
4844	3807	-11925	-5883	11425	-806	-2006	2810	132	-878	-334	673	246	1547	193	88
4857	3847	-11925	-5903	11407	-806	-2006	2810	120	-883	-329	678	213	1423	163	88
4877	3889	-11925	-5957	11360	-806	-2006	2810	109	-897	-313	691	202	1305	120	88
4903	-4611	-11926	-3494	11926	-899	-1630	1130	97	-903	-293	709	198	1230	100	88
4916	-4586	-11926	-3502	11926	-1594	-1715	920	90	-913	-282	726	287	1177	107	88
4955	-5119	-11927	3073	11963	-1256	-1280	2600	38	-926	-241	767	241	1189	128	88
4979	-5602	-11293	3639	11282	-2082	-1926	1030	11	-943	-209	757	315	1026	290	88
4991	-5609	-11614	3591	11716	-1591	-1473	410	-16	-949	-185	723	268	787	215	88
5078	-6872	-9867	5597	10597	-1979	-1420	3760	-158	-934	-77	747	116	336	48	88
5093	-7031	-9426	5956	10299	-2237	-1015	4080	-187	-929	-52	756	152	318	52	88
5136	-7456	-7913	6866	9103	-2515	-956	5190	-259	-908	16	761	154	217	74	88
5203	-7451	-6325	7273	7634	-2338	-731	1540	-369	-853	131	751	53	66	21	88
5242	-6828	-4961	7044	6389	-3017	-637	3580	-417	-822	189	733	55	45	104	88
5282	-6621	-4529	6974	5964	-2390	-288	2340	-467	-779	244	711	49	44	41	88
5299	-6693	-4144	7147	5622	-1970	-225	1190	-483	-762	262	703	30	26	12	88
5312	-6653	-4193	7084	5655	-1970	-225	1190	-494	-748	280	694	60	45	8	88
5334	-6095	-3438	6736	4888	-3100	-343	2590	-515	-724	302	680	48	49	58	88
5364	-5630	3222	6567	4140	-2391	-87	3310	-532	-700	324	661	28	30	31	88
5382	-5430	3364	6364	3936	-2140	61	1340	-546	-678	345	645	31	-18	24	88
5395	-5391	3255	6306	3983	-2140	61	1340	-557	-646	361	633	37	122	70	88
5417	-5256	3464	6235	3755	-1805	57	1440	-561	-626	369	627	21	146	41	88
5439	-4602	3955	5732	3084	-1955	222	1520	-578	-536	403	598	16	103	21	88
5456	-4211	4387	5473	-3185	-2252	190	2260	-583	-507	413	587	14	135	22	88
5469	-3893	4656	5273	-3440	-2076	295	2860	-588	-467	427	559	24	150	23	88
5491	-3783	4670	5066	-3542	-1707	221	110	-586	-423	442	510	9	83	6	88
5513	-2988	5171	4321	-4158	-2117	248	-580	-583	-385	450	459	17	107	25	88
5536	3108	5120	4024	-4084	-1780	411	400	-576	-345	458	405	149	161	18	88
5553	3260	5128	3688	-4197	-1724	387	-1460	-537	-321	458	367	94	116	15	88
5567	3617	5412	3283	-4538	-1948	291	-600	-502	-303	458	341	123	181	13	88
5580	3501	5351	3292	-4446	-1948	291	-600	-467	-287	458	314	120	189	11	88
5601	4097	5429	-3293	-4689	-1673	357	-720	-407	-266	456	285	63	146	5	88
5623	4314	5287	-3685	-4677	-1673	453	-1440	-346	-242	432	258	92	249	13	88
5641	4340	6171	-3666	-5603	-1572	234	-1890	-306	-230	408	233	64	159	9	88
5682	4755	7121	-4002	-6618	-1513	241	-180	-217	-197	352	188	62	216	74	88
5699	4866	6913	-4251	-6526	-1248	327	-1880	-190	-185	333	168	65	291	175	88
5721	5557	7757	-4779	-7452	-1093	233	60	-155	-167	305	150	80	261	93	88
5756	5764	7449	-5088	-7232	-940	374	-430	-112	-147	269	122	139	365	75	88
5791	5796	7291	-5052	-6983	-585	-62	150	-81	-116	230	75	126	280	55	88
5809	5773	7257	-5015	-6925	-585	-62	150	-75	-107	219	58	110	210	102	88
5822	5718	7211	-4948	-6829	-585	-62	150	-60	-95	200	30	110	233	102	88
5835	6874	6804	-5987	-6453	-1487	1060	3590	-60	-84	188	16	90	177	58	88
5861	6421	6493	-5585	-6149	-330	490	990	-51	-66	166	7	82	127	40	88
5887	6225	6446	-5387	-6183	-176	118	-1120	-43	-44	133	-6	133	139	69	88
5917	6203	6306	-5277	-6035	1	136	-50	-39	-25	104	-15	87	110	30	88
5939	6215	6200	-5247	-5927	75	183	380	-31	-12	84	-24	86	115	84	88
5963	6120	6231	-5166	-5976	115	35	-290	-28	-9	79	-26	76	79	33	88
5989	6081	6094	-5106	-5860	177	98	-70	-6	11	49	-36	69	91	24	88
6006	6084	6078	-5126	-5897	59	115	-530	2	21	40	-38	90	102	23	88
6020	6062	6062	-5099	-5885	59	115	-530	8	26	32	-41	79	102	47	88
6046	5807	6052	-4856	-5878	333	-47	-740	20	35	17	-45	53	69	26	88
6067	5849	5993	-4927	-5869	225	147	-1680	26	41	10	-48	111	149	30	88
6089	5725	6100	-4769	-5952	205	-47	-510	34	47	2	-50	97	131	54	88
6120	5706	6043	-4751	-5893	237	41	-260	44	54	-7	-55	52	79	21	88
6202	5440	6025	-4534	-5926	327	138	-820	61	67	-30	-65	31	64	-6	88
6228	5369	6142	-4439	-6033	182	36	-220	67	70	-36	-66	37	70	11	88
6250	5228	6167	-4254	-5994	356	-33	1120	71	73	-42	-70	38	86	-1	88
6272	5184	6216	-4254	-6097	183	-4	-510	74	74	-45	-71	35	78	-8	88
6294	5174	6205	-4253	-6083	183	-4	-510	77	77	-45	-75	66	99	-15	88
6320	5189	6149	-4240	-6005	287	54	30	79	79	-50	-75	75	130	16	88
6342	4997	6242	-4077	-6114	237	-1	-470	81	81	-52	-78	98	196	38	88
6364	5045	6200	-4078	-6023	307	49	780	82	85	-52	-80	96	171	20	88
6385	4899	6187	-4028	-6093	314	61	-1850	84	88	-52	-82	78	140	18	88
6407	4881	6253	-3961	-6115	248	11	-190	85	91	-53	-84	88	156	15	88
6431	4729	6245	-3788	-6050	458	-26	520	89	94	-54	-86	49	105	16	88
6452	5612	5662	-4823	-5719	186	21	70	90	97	-57	-85	53	97	6	88
6474	5584	5717	-4822	-5816	420	30	-950	90	100	-58	-88	70	99	21	88
6496	5916	5937	-5073	-6037	334	125	280	89	102	-57	-90	82	115	28	88
6518	5910	6096	-5098	-6264	316	62	-1150	92	106	-59	-93	105	126	13	88
6533	5907	6099	-5097	-6261	316	62	-1150	93	105	-59	-94	74	103	4	88
6559	6067	6329	-5214	-6518	384	45	-770	96	111	-61	-97	85	127	13	88
6585	6111	6680	-5235	-6912	374	-66	-870	99	113	-64	-100	92	138	5	88
6607	6334	6760	-5419	-6998	267	122	50	101	115	-64	-101	80	117	37	88
6633	6363	6916	-5430	-7160	315	0	-140	102	117	-65	-105	60	115	6	88
6659	6589	7325	-5578	-7603	319	48	790	106	121	-70	-107	69	145	19	88
6685	6463	7410	-5541	-7767	490	93	-1570	112	126	-69	-112	135	265	73	88
6707	6592	7782	-5600	-8143	397	-59	-810	114	130	-70	-117	193	302	111	88
6743	6721	7982	-5708	-8373	460	89	-1050	117	136	-73	-126	142	238	48	88
6765	6733	8176	-5698	-8573	403	51	-840	120	139	-75	-130	151	231	30	88
6784	6786	8315	-5706	-8676	478	-23	20	123	141	-77	-138	123	186	29	88
6806	6827	8412	-5746	-8804	496	63	-630	124	146	-80	-144	201	358	55	88
6832	7033	8663	-5882	-9050	479	71	30	126	152	-83	-153	127	247	67	88
6855	6725	8425	-5597	-8748	1586	281	1160	130	162	-86	-163	130	420	46	88
6877	7075	8796	-5911	-9184	686	250	30	135	167	-89	-174	130	319	128	88
6900	7186	9233	-5953	-9659	379	150	110	134	174	-91	-178	139	325	102	88
6918	7224	9250	-5948	-9630	692	63	940	139	185	-96	-194	147	452	77	88
6931	7276	9414	-6015	-9844	532	102	-470	142	191	-97	-201	145	508	69	88
6961	7341	9602	-6131	-10126	578	214	-20	144	196	-99	-211	207	542	120	88
6984	7382	9793	-6130	-10282	745	220	-240	149	213	-104	-241	196	438	148	88
7007	7482	9967	-6195	-10456	589	149	-20	155	223	-108	-254	181	419	131	88
7030	7426	10095	-6124	-10568	734	117	-500	158	226	-111	-262	228	485	107	88
7115	7789	10613	-6377	-11071	734	129	250	188	272	-131	-324	308	783	190	88
7156	8374	10787	-6722	-11122	864	326	1650	194	297	-143	-353	331	790	253	88
7199	8616	11000	-6922	-11278	1039	254	1780	221	327	-155	-406	329	1119	198	88
7229	9033	10869	-7334	-11173	1363	594	1700	236	341	-160	-420	334	1411	256	88
7308	9704	10829	-7976	-11119	1465	485	1200	302	413	-197	-514	464	882	187	88
7331	10584	10840	-8773	-11168	1011	381	1490	310	424	-201	-531	585	887	199	88
7407	11071	11059	-9245	-11464	1128	320	710	392	480	-247	-580	858	1074	278	88
7451	11263	10904	-9486	-11293	1471	397	750	458	499	-281	-604	907	984	358	88
7486	11231	10756	-9566	-11144	1381	255	-560	516	515	-305	-628	815	893	294	88
7499	11199	10735	-9534	-11119	1381	255	-560	525	521	-314	-635	847	881	420	88
7514	11182	10714	-9523	-11097	1381	255	-560	530	527	-317	-641	871	872	377	88
7533	11184	10031	-9553	-10310	2424	741	1790	550	538	-330	-655	970	1037	461	88
7572	11318	10149	-9702	-10491	1734	421	-160	590	557	-351	-662	995	762	499	88
7607	10872	9954	-9325	-10274	2522	515	-1090	614	573	-367	-672	791	625	404	88
7621	11263	10166	-9603	-10475	1643	308	900	618	576	-371	-671	702	550	362	88
7651	10880	10221	-9247	-10529	2078	414	-900	622	581	-375	-669	653	465	239	88
7675	10836	10477	-9170	-10793	1621	236	-680	635	594	-381	-675	602	654	317	88
7720	10298	10549	-8601	-10855	2119	396	-1670	640	623	-394	-681	655	652	250	88
7764	10181	10826	-8407	-11077	1792	393	-810	630	644	-381	-698	577	703	181	88
7844	8913	11858	-6925	-11897	1284	385	-940	581	702	-347	-747	454	617	146	88
7863	8038	10096	-6374	-10066	4415	1998	-3210	566	722	-329	-759	462	869	173	88
7911	7452	11697	-5515	-11577	1905	805	-2030	535	751	-302	-774	198	802	75	88
7946	6906	11920	-4941	-11795	1529	867	-2440	513	773	-279	-782	282	1185	106	88
7994	6423	11372	-4467	-11065	2219	1260	-720	477	803	-244	-799	212	652	87	88
8031	5817	11770	-3838	-11422	1542	1053	-3440	442	819	-211	-806	202	789	52	88
8084	4980	11227	-2961	-10655	2137	1486	-1930	393	844	-170	-813	134	664	42	88
8114	4685	11599	3233	-10953	1471	1129	-2250	366	850	-147	-809	104	663	76	88
8127	4538	10854	3337	-10120	2186	1791	-860	353	855	-136	-809	-45	424	32	88
8142	4191	11088	3711	-10311	1886	1403	-1580	342	861	-123	-808	14	474	439	88
8157	3820	10945	4063	-10117	1956	1675	-2300	334	865	-117	-808	43	509	237	88
8178	3845	11021	4169	-10101	1865	1629	-530	306	867	-100	-803	59	474	93	88
8202	-2978	10244	5011	-9231	2220	2272	-2270	287	871	-77	-796	80	422	31	88
8219	3074	10835	4986	-9693	1536	1488	830	265	870	-55	-794	71	318	22	88
8232	3135	10839	4929	-9707	1536	1488	830	248	869	-39	-790	58	385	24	88
8247	3202	10837	4858	-9737	1536	1488	830	229	870	-19	-781	61	459	31	88
8260	-2966	10618	5114	-9531	1669	1749	-2180	219	870	-3	-778	79	458	65	88
8286	-3744	10043	5792	-8848	1707	1997	-2530	189	868	28	-764	94	388	87	88
8304	-4423	9283	6353	-7982	1352	2078	-2240	165	864	50	-754	87	336	74	88
8317	-4370	9297	6303	-8010	1352	2078	-2240	150	860	64	-746	60	269	52	88
8338	-4234	9023	6118	-7776	1352	2078	-2240	125	856	87	-737	61	171	81	88
8370	-3943	8190	5670	-7040	1352	2078	-2240	81	846	127	-719	100	192	122	88
8392	-3803	7936	5479	-6817	1352	2078	-2240	55	836	152	-707	70	125	66	88
8427	-3536	7106	5044	-6076	1352	2078	-2240	20	824	187	-690	48	127	59	88
8466	-4109	6406	5661	-5085	335	2214	-1340	-23	801	226	-665	10	39	3	88
8525	-4717	5690	6104	-4350	728	1965	-2140	-78	769	277	-615	26	41	-2	88
8548	-4842	4821	6110	-3428	718	2184	-1170	-96	749	296	-593	41	52	5	88
8574	-4642	4635	5856	-3288	718	2184	-1170	-109	735	312	-578	44	36	26	88
8600	-4542	3975	5628	3113	650	2221	-1430	-134	715	335	-550	57	48	58	88
8678	-4322	-2960	5149	3853	374	2188	-1620	-189	667	389	-397	29	202	10	88
8711	-4062	-3358	4755	4070	22	1970	-2080	-202	643	401	-351	36	144	11	88
8737	-3911	-3444	4566	4184	229	1964	-1260	-221	570	420	-291	55	197	37	88
8807	-2909	-4150	3115	4562	-289	1615	-2230	-281	393	470	-172	36	163	13	88
8827	3396	-4255	-3225	4586	-525	1967	-2090	-294	358	478	-145	65	137	-3	88
8862	3772	-4155	-3721	4330	-597	1556	-1980	-288	300	470	-104	116	149	275	88
8885	4405	-4157	-4379	4178	-653	1848	-2600	-269	268	438	-81	168	169	191	88
8916	5348	-3933	-5305	3699	-1252	2267	-2660	-258	228	399	-45	207	163	108	88
8938	4955	-3388	-4816	3170	-842	1110	-1950	-231	202	352	-18	110	114	88	88
8959	4855	-3337	-4694	3137	-715	1130	-1460	-217	178	327	0	175	98	79	88
8977	4776	-3144	-4592	2948	-827	934	-1390	-210	156	311	16	128	86	181	88
9000	3387	-3817	-3340	3822	-639	665	-1390	-193	134	287	31	199	95	73	88
9022	-4006	-5328	3792	5574	-592	731	-860	-191	122	280	39	86	45	25	88
9044	-4772	-6075	4402	6405	-606	559	-1320	-189	101	268	52	54	92	35	88
9063	-4600	-6179	4249	6513	-628	574	-230	-186	94	259	55	44	67	26	88
9085	-4594	-6285	4216	6600	-333	248	100	-183	81	250	64	78	134	16	88
9107	-4327	-6439	3851	6644	-499	457	-1920	-180	63	241	69	83	177	5	88
9129	-4039	-6525	3562	6708	-460	299	-480	-177	48	233	75	90	166	14	88
9150	-4108	-6552	3586	6713	-233	99	-970	-172	39	226	77	68	176	4	88
9165	-3805	-6547	3309	6690	-516	256	-200	-170	27	219	83	51	113	2	88
9196	-3525	-6525	3055	6669	-505	189	360	-165	3	207	94	43	106	31	88
9222	-3382	-6582	-2925	6673	-449	225	-600	-160	-8	197	98	45	80	42	88
9239	-3242	-6652	-3115	6670	-344	215	-1260	-157	-12	191	99	51	92	52	88
9265	-3011	-6569	-3224	6617	-341	136	490	-152	-29	161	109	53	184	40	88
9285	3141	-6473	-3601	6404	-678	118	-1150	-148	-37	147	109	40	157	25	88
9299	3190	-6539	-3654	6476	-325	106	-710	-147	-47	139	110	27	119	41	88
9312	3168	-6521	-3619	6468	-325	106	-710	-141	-52	129	112	55	116	71	88
9334	3667	-6357	-4129	6217	-617	105	-900	-127	-62	119	111	35	100	49	88
9365	3898	-6310	-4294	6193	-397	108	160	-120	-69	106	113	51	162	19	88
9387	4199	-6152	-4539	6042	-565	149	610	-105	-79	91	114	44	89	18	88
9410	4026	-6114	-4422	5958	-218	-133	-780	-93	-82	79	117	51	199	30	88
9432	3997	-6098	-4384	5967	-218	-133	-780	-85	-87	68	114	77	157	60	88
9451	4248	-5955	-4561	5851	-373	-100	250	-74	-89	59	113	99	203	66	88
9472	4221	-5960	-4550	5859	-373	-100	250	-66	-89	56	112	54	114	30	88
9494	4323	-5871	-4616	5791	-246	-164	1040	-58	-93	49	112	49	96	21	88
9516	4387	-5789	-4755	5604	-259	-271	-1160	-53	-93	45	109	69	120	6	88
9538	4973	3666	-4616	-3755	-188	-236	260	-37	-94	28	109	95	145	90	88
9561	5053	3695	-4728	-3877	-216	-301	-1010	-30	-87	15	105	95	111	97	88
9583	5191	3718	-4862	-3872	-262	-296	260	-14	-85	11	96	100	74	58	88
9605	5407	3784	-5133	-4016	-277	-361	-230	1	-83	5	89	93	118	82	88
9624	5570	3658	-5325	-3918	-145	-124	30	10	-79	2	85	72	90	50	88
9646	5803	3668	-5572	-3983	-77	-143	-80	20	-74	-7	77	55	81	38	88
9667	5937	3639	-5729	-3959	-100	-91	300	35	-67	-11	65	64	73	35	88
9689	5981	3687	-5816	-4042	-86	-227	-260	48	-61	-14	56	50	81	33	88
9713	6185	3582	-6014	-3916	-64	-20	750	59	-57	-17	48	56	67	38	88
9734	6239	3567	-6126	-3935	-33	-89	-30	75	-46	-21	32	88	86	150	88
9756	6526	3499	-6407	-3881	43	-46	410	81	-43	-23	26	79	66	67	88
9778	6653	3484	-6503	-3822	25	-113	1130	88	-39	-29	12	126	71	39	88
9799	6844	3427	-6763	-3857	257	-52	-280	96	-38	-34	8	125	58	18	88
9834	7235	3377	-7105	-3782	20	14	670	107	-38	-44	-2	739	965	1078	88
9855	7181	3284	-7116	-3684	74	1	420	159	-21	-76	-27	383	375	482	88
9874	7438	3333	-7412	-3790	30	-35	420	173	-19	-77	-32	227	213	251	88
9896	7529	3164	-7549	-3613	110	129	570	201	-11	-90	-45	147	144	165	88
9918	7659	3143	-7647	-3618	110	129	570	206	-3	-106	-53	140	84	75	88
9949	7887	-3140	-7868	-3045	361	267	1620	219	2	-110	-63	120	111	124	88
9966	8016	-3074	-7978	-3134	128	28	830	217	4	-113	-67	218	111	86	88
10007	8393	-3407	-8292	3002	311	7	980	206	7	-124	-73	245	135	270	88
10037	8558	-3439	-8429	2988	221	6	390	203	6	-136	-69	353	98	214	88
10059	8747	-3750	-8496	3321	431	-86	1070	189	9	-159	-64	251	98	163	88
10081	8962	-3942	-8672	3506	244	61	1700	192	10	-169	-57	229	108	216	88
10107	9062	-3874	-8763	3312	305	-365	-640	184	13	-185	-50	486	147	298	88
10139	9543	-3969	-9248	3288	209	41	-220	187	12	-194	-40	471	164	303	88
10161	9414	-3923	-9075	3258	561	-383	140	189	10	-209	-36	376	138	275	88
10191	9730	-3761	-9410	2956	462	-347	-410	204	8	-228	-29	550	184	396	88
10256	10256	-3541	-10017	-3263	122	-165	-1310	242	10	-250	-29	632	254	540	88
10295	10691	-3695	-10499	-3145	347	-266	550	258	6	-248	-30	675	304	684	88
10343	10812	-3761	-10699	-3076	518	-588	280	291	-4	-265	-42	980	336	690	88
10391	11130	-4008	-11068	2979	438	-538	710	323	-14	-288	-54	1078	343	819	88
10444	11177	-4304	-11133	3243	570	-503	200	362	-23	-339	-45	1304	429	911	88
10487	11259	-4504	-11225	3400	786	-811	970	395	-24	-376	-36	998	445	1006	88
10535	11268	-4901	-11282	3719	914	-957	1670	454	-26	-438	-16	1157	393	1053	88
10575	11490	-4981	-11550	3664	1062	-1112	530	475	-27	-467	-9	1037	367	1019	88
10632	11905	-4802	-11905	3212	1041	-968	-230	551	-22	-470	-8	1335	481	4404	88
10663	11911	-4574	-11911	-2929	1044	-1014	-1350	543	-22	-492	-9	4721	1415	3342	88
10685	11913	-4589	-11913	-2922	1044	-1014	-1350	549	-24	-538	-12	3506	1079	2172	88
10726	11913	-4119	-11913	-3483	1201	-1290	-20	603	-24	-603	-26	2116	697	1893	88
10749	11913	-4367	-11913	-3237	1212	-919	270	643	-27	-641	-35	1780	586	1784	88
10789	11912	-4698	-11912	3009	1152	-1190	2010	691	-33	-688	-57	1509	508	1549	88
10833	11909	-5197	-11913	3531	1163	-1339	540	743	-45	-744	-58	3152	914	1359	88
10868	11638	-5610	-11914	4018	1313	-1509	1150	735	-57	-774	-54	2018	624	1240	88
10899	11360	-5820	-11693	4266	1662	-1553	680	750	-74	-805	-46	1020	342	883	88
10920	11106	-5891	-11446	4391	1586	-1963	1290	754	-85	-813	-40	707	269	719	88
10933	11321	-6264	-11704	4749	1161	-1356	1150	755	-97	-819	-35	693	292	727	88
10957	11300	-6231	-11685	4743	1161	-1356	1150	761	-107	-824	-34	758	293	767	88
11017	9764	-7974	-10469	6750	1282	-2082	1430	758	-155	-830	-9	419	216	352	88
11032	9670	-8291	-10451	7043	1128	-1913	1100	756	-156	-829	-6	374	287	338	88
11084	9022	-9064	-9962	7934	1171	-1848	2240	741	-210	-821	33	186	281	198	88
11114	8701	-9361	-9822	8140	975	-1898	760	735	-229	-814	53	211	433	194	88
11157	8154	-9430	-9469	8116	1160	-2462	1120	713	-273	-801	89	199	422	210	88
11198	8178	-9727	-9725	8222	747	-1977	-1200	694	-311	-782	125	152	518	195	88
11229	7417	-10054	-9100	8607	1093	-2492	550	680	-336	-773	142	155	524	245	88
11259	7280	-10472	-9045	9040	1058	-2056	1590	669	-354	-765	157	177	596	215	88
11318	6630	-10896	-8830	9222	515	-2061	1200	645	-420	-753	197	156	721	187	88
11401	6003	-11519	-8517	9769	541	-1627	1690	594	-508	-715	269	319	1377	267	88
11414	5295	-10748	-7788	9034	421	-3027	340	584	-524	-709	277	276	1268	294	88
11429	5334	-10692	-7807	8990	421	-3027	340	573	-540	-704	289	207	903	207	88
11448	5614	-11075	-8170	9312	235	-2092	560	555	-558	-689	303	183	693	143	88
11505	5436	-11299	-8036	9652	432	-1778	1450	501	-627	-642	352	203	874	142	88
11522	5513	-11231	-8087	9603	432	-1778	1450	479	-647	-628	365	186	892	196	88
11542	5580	-11156	-8140	9546	432	-1778	1450	460	-669	-613	380	142	907	129	88
11554	5586	-11150	-8148	9538	432	-1778	1450	458	-671	-611	382	136	698	104	88
11576	5709	-11023	-8231	9451	432	-1778	1450	423	-708	-588	405	141	507	152	88
11619	-4491	-11904	-4021	11556	-599	-2249	1980	359	-746	-551	451	247	1248	163	88
11665	-5212	-11578	-3034	10945	-701	-3167	2780	274	-817	-512	527	236	783	110	88
11708	-6137	-10814	3934	10542	-1126	-2256	2190	206	-871	-431	602	212	513	66	88
11741	-6782	-11024	4505	10887	-955	-1679	1620	156	-883	-359	626	174	428	66	88
11764	-6998	-10456	4818	10399	-1177	-2019	1620	109	-889	-305	640	151	413	69	88
11777	-6927	-10435	4751	10370	-1177	-2019	1620	89	-895	-286	648	124	388	54	88
11800	-7867	-9840	5953	10134	-1444	-1717	2780	46	-895	-238	665	223	348	93	88
11844	-7732	-8890	6000	9130	-1485	-1601	950	-23	-880	-171	684	180	246	66	88
11879	-7804	-8508	6194	8801	-1556	-1382	1290	-68	-868	-124	693	187	189	98	88
11938	-7939	-7783	6556	8137	-1396	-1212	1440	-145	-835	-46	704	187	151	62	88
12002	-7651	-5986	6724	6440	-2020	-1243	2220	-213	-801	22	700	205	117	125	88
12032	-7548	-5453	6722	5894	-2243	-1471	1280	-242	-790	49	697	176	84	83	88
12056	-7380	-5128	6688	5611	-1527	-779	990	-267	-775	73	692	118	73	74	88
12091	-7127	-4104	6679	4634	-1859	-1103	1290	-294	-757	101	682	74	51	63	88
12121	-6739	-3532	6468	4071	-1655	-663	1020	-318	-739	125	675	41	28	21	88
12165	-6337	3234	6303	3148	-1900	-884	1190	-346	-714	157	653	90	38	55	88
12196	-5738	4067	5976	-3501	-2166	-731	2120	-365	-670	178	636	60	159	57	88
12228	-5287	4448	5667	-3872	-1691	-602	1230	-386	-587	207	555	60	129	31	88
12250	-4496	5060	5097	-4453	-1870	-446	2610	-393	-545	219	506	47	116	13	88
12414	4022	4216	-3809	-4088	-1035	183	-440	-268	-263	232	207	70	171	69	88
12520	-4289	6839	4751	-6401	-458	-180	280	-147	-176	166	135	59	159	39	88
12560	-4184	6616	4576	-6307	-393	144	-1300	-137	-145	150	113	64	144	47	88
12807	-3831	6400	4370	-6175	-50	228	670	-58	0	62	-1	51	86	38	88
12838	-4039	6385	4539	-6172	98	20	-340	-51	7	56	-7	33	110	31	88
12899	-3868	6350	4415	-6141	-35	211	440	-44	20	45	-16	26	103	19	88
12942	-3892	6337	4442	-6106	115	190	540	-37	23	42	-20	64	133	10	88
12972	-3837	6463	4424	-6233	-29	22	420	-35	27	39	-22	53	146	14	88
12994	-3780	6358	4329	-6163	-95	259	-170	-30	31	37	-25	43	92	-3	88
13016	-3855	6366	4381	-6183	-54	171	-750	-31	30	36	-27	46	106	-23	88
13042	-4005	6242	4501	-6057	141	180	170	-26	38	33	-31	37	154	7	88
13064	-3835	6357	4389	-6139	-33	170	1130	-21	40	32	-34	47	101	29	88
13086	-3953	6323	4471	-6130	89	87	-140	-21	43	31	-36	50	104	37	88
13116	-3903	6243	4413	-6047	49	271	240	-19	45	32	-38	68	130	35	88
13138	-4047	6179	4512	-6004	149	230	-740	-17	48	29	-41	51	103	4	88
13159	-4099	6262	4567	-6092	-17	53	-750	-18	49	27	-44	40	138	5	88
13181	-4003	6220	4549	-5980	183	173	1280	-20	49	25	-45	28	111	20	88
13209	-4107	6297	4626	-6071	45	-33	50	-19	51	25	-50	25	80	22	88
13218	-4120	6149	4638	-5897	260	191	440	-18	50	24	-49	63	120	25	88
13244	-4058	6201	4532	-6024	-86	200	-1040	-19	51	24	-50	44	89	43	88
13266	-4136	6180	4619	-5969	44	147	-340	-19	50	23	-52	36	82	24	88
13292	-3994	6211	4543	-5952	134	200	130	-17	54	23	-55	42	103	33	88
13470	-4278	6059	4803	-5759	169	173	-600	-15	64	20	-66	23	73	28	88
13496	-4263	6115	4933	-5657	299	112	250	-14	65	19	-67	35	82	7	88
13558	-4046	6155	4701	-5768	-63	276	-530	-13	70	21	-67	47	108	31	88
13584	-4217	6101	4870	-5676	197	174	250	-11	71	22	-65	51	136	53	88
13614	-4290	6146	4953	-5701	156	41	470	-10	70	21	-65	44	97	45	88
13636	-4229	6114	4889	-5670	-21	183	630	-8	71	21	-67	44	88	55	88
13658	-4480	5925	5086	-5468	312	207	-220	-9	71	22	-66	45	108	18	88
13679	-4575	5865	5147	-5419	158	231	-1020	-8	72	23	-66	27	73	41	88
13702	-4637	5883	5223	-5418	85	141	-530	-9	73	24	-65	26	56	24	88
13724	-4793	5778	5388	-5266	249	106	370	-10	75	23	-66	35	52	17	88
13746	-4740	5779	5312	-5308	1	188	-680	-9	75	22	-65	45	61	26	88
13767	4083	4575	-3782	-4738	163	256	-780	-10	73	23	-65	72	93	53	88
13793	4273	4921	-3885	-5080	94	113	390	-8	74	21	-65	29	66	82	88
13816	4318	5093	-3915	-5259	77	52	170	-2	72	18	-65	24	56	28	88
13838	4339	5182	-3933	-5372	183	97	-370	2	74	15	-64	36	68	33	88
13864	4437	5440	-3991	-5638	270	145	-210	9	72	12	-61	42	86	3	88
13887	4577	5626	-4112	-5857	36	190	-460	12	75	13	-61	63	111	29	88
13908	4617	5914	-4099	-6131	181	103	-90	16	76	12	-63	92	150	-2	88
13930	4673	6065	-4126	-6275	181	103	-90	22	73	5	-65	43	108	2	88
13952	4771	6344	-4276	-6690	49	85	-370	28	74	0	-63	38	93	13	88
13971	4828	6483	-4310	-6842	49	85	-370	31	74	-5	-64	97	191	-2	88
13997	4792	6619	-4253	-6954	164	65	-210	38	74	-11	-70	85	174	60	88
14023	4916	6908	-4322	-7252	120	139	310	42	73	-16	-70	81	137	56	88
14045	4902	7283	-4275	-7675	60	-62	-780	44	77	-22	-72	66	126	34	88
14066	4842	7292	-4215	-7663	397	52	-520	49	78	-26	-77	84	153	32	88
14088	4827	7285	-4197	-7656	397	52	-520	53	80	-31	-79	61	124	28	88
14107	4776	7619	-4120	-8000	552	-202	-1380	57	82	-33	-83	53	171	6	88
14129	5046	7713	-4353	-8114	250	186	-540	57	82	-33	-83	47	162	9	88
14163	5258	8020	-4427	-8357	274	20	1090	63	92	-42	-97	75	234	46	88
14185	5357	8253	-4497	-8606	290	130	470	68	95	-48	-106	71	181	66	88
14207	5447	8344	-4567	-8717	268	201	80	71	103	-52	-113	82	220	43	88
14233	5595	8649	-4652	-9023	232	141	-50	72	108	-54	-122	112	270	32	88
14250	5590	8745	-4621	-9099	406	54	180	75	117	-55	-133	105	363	32	88
14289	5672	9113	-4641	-9476	487	122	-130	79	127	-62	-148	136	339	103	88
14326	5689	9162	-4647	-9521	522	215	-290	88	143	-70	-168	93	372	98	88
14347	5897	9353	-4765	-9691	373	104	920	90	151	-74	-175	101	554	93	88
14365	6022	9598	-4848	-9948	431	41	60	93	161	-77	-189	138	606	80	88
14392	6436	9791	-5084	-10024	471	202	980	98	170	-80	-203	147	409	64	88
14431	6714	9909	-5321	-10161	582	166	1600	110	190	-91	-228	154	387	114	88
14474	7058	10116	-5673	-10426	600	348	550	133	209	-102	-258	248	863	138	88
14518	7379	10341	-5994	-10702	667	310	640	162	235	-113	-288	200	792	135	88
14567	7831	10295	-6366	-10575	864	405	1290	197	263	-132	-329	269	630	169	88
14582	8045	10357	-6530	-10627	926	261	1270	198	271	-135	-341	244	732	200	88
14653	8958	10443	-7359	-10771	1135	432	-170	230	316	-159	-397	283	848	163	88
14701	9815	10446	-8115	-10817	951	462	270	255	345	-178	-425	391	790	166	88
14742	10262	10360	-8474	-10677	1068	433	2300	283	373	-200	-461	640	847	149	88
14781	10574	10545	-8747	-10884	1194	272	1730	310	398	-216	-489	642	831	245	88
14829	11018	10608	-9204	-11000	1138	320	1710	369	425	-243	-512	667	849	193	88
14921	11351	10786	-9635	-11242	1327	352	690	482	480	-289	-567	974	1019	355	88
14945	10843	10914	-9170	-11323	1709	182	-540	500	492	-297	-583	1029	1019	335	88
14958	10801	10868	-9141	-11270	1709	182	-540	512	505	-305	-598	975	954	375	88
15001	11058	10933	-9384	-11314	967	165	240	550	530	-318	-626	706	972	346	88
15037	10419	10708	-8772	-10955	1362	290	1060	568	555	-327	-653	692	805	453	88
15073	10435	10601	-8790	-10826	1362	290	1060	564	586	-323	-691	770	873	257	88
15145	9422	11109	-7723	-11263	1550	459	-850	539	629	-309	-722	513	790	224	88
15193	8303	11562	-6612	-11667	1590	583	-2830	520	662	-294	-742	416	814	190	88
15216	7728	11501	-6058	-11569	2118	724	-2680	509	682	-285	-748	388	930	148	88
15229	8018	11608	-6212	-11614	1693	696	270	497	695	-277	-756	352	915	126	88
15264	6929	11827	-5182	-11773	1730	849	-2520	474	723	-256	-779	333	1114	132	88
15300	6975	11714	-5152	-11612	1814	946	-490	446	755	-233	-799	314	1033	118	88
15344	6024	11812	-4220	-11605	1830	1100	-1130	416	784	-200	-816	341	1163	124	88
15390	5121	11797	-3355	-11513	1826	1293	-2780	386	811	-169	-827	225	968	93	88
15438	4302	11622	3279	-11219	1883	1492	-2650	342	859	-128	-853	142	671	46	88
15477	3379	11316	4266	-10659	2078	1935	-1230	299	882	-102	-879	121	727	50	88
15514	-3151	11312	4979	-10586	1808	1786	-1260	259	898	-58	-872	194	556	144	88
15544	-3884	11347	5643	-10567	1549	1498	-3330	216	894	-19	-869	114	627	68	88
15582	-4426	11324	6274	-10373	1233	2196	-377	-53	823	238	-588	131	559	116	88
15592	-4405	11330	6253	-10381	1060	1541	-1370	164	888	33	-842	124	631	120	88
15607	-5007	10707	6721	-9709	1780	2102	-3040	143	889	52	-838	136	630	115	88
15650	-5978	10473	7735	-9232	1314	1993	500	83	880	120	-800	174	449	194	88
15687	-6686	9387	8303	-7996	1586	2729	-870	45	865	154	-780	134	414	131	88
15709	-7056	9680	8658	-8310	785	1929	-2350	8	861	195	-758	93	290	114	88
15748	-8193	8735	9665	-7148	1031	2251	-2700	-33	841	238	-725	192	269	330	88
15771	-8083	9040	9699	-7344	698	1918	-40	-61	823	269	-700	170	261	272	88
15827	-7875	9166	9484	-7531	698	1918	-40	-119	788	330	-647	254	237	157	88
15845	-7795	9201	9404	-7603	698	1918	-40	-141	779	353	-626	191	190	180	88
15858	-7750	9223	9349	-7640	698	1918	-40	-153	773	369	-615	260	227	169	88
15872	-7694	9259	9299	-7690	698	1918	-40	-169	763	383	-601	266	276	227	88
15898	-7610	9323	9209	-7778	698	1918	-40	-192	745	409	-576	234	272	257	88
15942	-10084	7157	11354	-5169	230	1720	-1520	-242	712	461	-529	325	230	640	88
15999	-10255	5474	11134	-3618	-63	2111	-2850	-312	669	537	-459	448	204	622	88
16066	-8935	-3725	9192	5212	-546	6267	-6360	-391	608	613	-375	607	197	612	88
16103	-10330	-3227	10594	4818	-577	2278	-2590	-435	567	656	-298	470	351	457	88
16146	-9727	-4680	9631	6090	-770	2212	-2910	-486	471	694	-224	378	317	259	88
16181	-9073	-5358	8717	6555	-1370	2041	-4430	-519	377	717	-150	271	191	105	88
16216	-8495	-6321	7964	7379	-909	2049	-2210	-548	302	728	-78	209	167	119	88
16229	-8167	-6585	7543	7523	-1223	1687	-2100	-548	302	728	-78	173	159	67	88
16251	-7616	-6651	6993	7486	-1427	1787	-1710	-570	237	731	-14	129	164	66	88
16288	-6828	-6997	6143	7632	-1328	1615	-1440	-589	180	729	49	95	187	60	88
16310	-6285	-7274	5527	7771	-1369	1777	-2080	-597	149	725	75	81	226	43	88
16327	-5438	-7366	4679	7716	-1382	1476	-810	-604	119	722	104	79	211	23	88
16341	-5421	-7295	4691	7651	-1382	1476	-810	-609	99	718	122	63	228	19	88
16362	-4388	-7375	3639	7552	-1475	1377	-420	-614	64	712	147	59	243	1	88
16386	-3648	-7346	-2915	7350	-1865	1563	-1590	-617	34	701	173	40	213	29	88
16421	3605	-7157	-4202	6891	-1394	1225	-910	-617	-4	638	205	22	142	61	88
16456	4781	-6647	-5158	6231	-1698	1362	70	-570	-36	551	226	162	215	99	88
16475	4695	-6214	-5016	5820	-1232	836	340	-510	-55	497	239	200	251	144	88
16510	5477	-5433	-5684	4913	-1590	1051	550	-425	-75	423	255	136	155	93	88
16549	5868	-6258	-6186	5679	-1315	1149	1340	-333	-84	336	257	120	118	128	88
16584	6257	-5848	-6309	5420	-992	906	2710	-294	-89	280	243	154	122	109	88
16603	6738	-6610	-6954	6067	-1081	952	1490	-261	-86	254	232	106	92	73	88
16656	7184	-6124	-7244	5567	-1158	883	1310	-207	-80	197	223	238	172	163	88
16682	6906	-6058	-6934	5634	-588	578	1950	-178	-84	187	225	284	219	212	88
16699	7002	-5862	-6951	5452	-847	449	1180	-170	-83	165	216	303	203	266	88
16712	6910	-5918	-6841	5562	-550	461	970	-157	-80	150	205	200	155	148	88
16738	6888	-6023	-6737	5784	-501	620	2100	-141	-72	128	187	265	232	244	88
16768	6655	-5909	-6546	5698	-370	220	440	-122	-66	118	167	215	198	218	88
16803	6938	-5667	-6828	5358	-476	254	-330	-106	-58	103	158	146	133	94	88
16827	6768	-5666	-6644	5410	-183	79	70	-95	-56	90	149	121	139	48	88
16846	6794	-5537	-6673	5274	-169	-12	-270	-83	-56	78	139	202	168	126	88
16867	6851	-5480	-6736	5210	-235	27	-620	-72	-54	66	126	168	177	176	88
16891	6720	-5484	-6605	5278	9	-108	-40	-63	-52	60	112	239	145	106	88
16912	6747	-5482	-6658	5283	-70	-25	-20	-49	-51	56	105	149	151	64	88
16936	6583	-5387	-6472	5225	-3	-339	310	-41	-50	47	102	116	112	67	88
16958	6609	-5305	-6519	5096	-56	-353	-300	-27	-48	32	96	116	123	80	88
16979	6706	-5432	-6642	5200	-39	-3	-390	-14	-45	20	91	97	93	63	88
17006	6655	-5416	-6582	5205	-29	-63	-20	-3	-40	10	83	107	113	70	88
17041	6576	-5370	-6497	5200	-96	-156	60	17	-39	-7	72	166	142	107	88
17058	6561	-5371	-6476	5220	-96	-156	60	21	-39	-13	66	117	118	114	88
17080	6599	-5330	-6542	5132	-54	-114	-330	25	-40	-20	63	133	121	68	88
17106	6340	-5297	-6289	5146	263	-456	-300	32	-41	-26	59	120	106	50	88
17125	6503	-5340	-6456	5149	46	-155	-430	39	-40	-36	58	89	84	15	88
17151	6549	-5329	-6491	5112	-53	-80	-620	47	-39	-52	56	115	95	87	88
17208	6523	-5115	-6508	4841	-76	-303	-830	60	-41	-58	55	126	85	71	88
17231	6597	-5198	-6601	4898	25	-59	-710	63	-41	-62	55	133	105	85	88
17253	6581	-5202	-6606	4902	25	-59	-710	68	-40	-60	54	126	71	76	88
17279	6433	-5117	-6443	4847	223	-348	-200	69	-41	-62	53	88	95	90	88
17301	6584	-5030	-6611	4700	-27	-231	-950	72	-42	-67	51	127	82	130	88
17325	6470	-4966	-6504	4640	229	-435	-190	74	-42	-67	52	126	85	64	88
17346	6644	-4961	-6701	4580	-7	-190	-530	78	-41	-68	52	97	79	38	88
17368	6585	-4863	-6654	4463	104	-337	-660	81	-44	-72	53	112	66	49	88
17394	6724	-4853	-6794	4435	4	-143	-90	84	-44	-73	52	135	128	43	88
17418	6603	-4852	-6680	4453	150	-274	-20	89	-45	-77	51	120	92	80	88
17444	6674	-4685	-6755	4231	39	-344	-470	89	-46	-82	49	97	103	77	88
17466	6599	-4753	-6686	4327	215	-336	-50	93	-47	-85	47	127	84	75	88
17487	6725	-4602	-6799	4144	-55	-346	-370	92	-49	-87	46	154	86	51	88
17509	6754	-4639	-6812	4196	1	-242	80	93	-49	-91	44	106	79	55	88
17531	6742	-4663	-6789	4239	41	-221	790	94	-52	-93	46	132	72	118	88
17550	6713	-4616	-6770	4180	23	-312	110	95	-52	-94	45	168	88	207	88
17571	6644	-4542	-6749	4050	166	-428	-1350	94	-55	-96	45	133	76	96	88
17597	6776	-4603	-6816	4176	14	-221	870	96	-53	-95	45	92	108	117	88
17621	6808	-4460	-6902	3950	18	-259	-100	100	-55	-95	48	97	68	55	88
17643	6785	-4402	-6843	3896	22	-361	130	100	-53	-103	47	96	83	59	88
17664	6767	-4379	-6827	3854	86	-359	-350	103	-54	-111	47	191	88	223	88
17688	6839	-4377	-6899	3803	47	-185	-520	112	-52	-125	50	144	60	153	88
17714	6900	-4203	-6894	3598	-104	-272	-160	116	-48	-142	53	94	99	67	88
17737	6885	-4199	-6867	3588	-103	-273	-160	120	-49	-150	56	102	124	147	88
17772	7023	-4010	-7021	3321	-51	-163	-170	119	-48	-149	56	141	171	190	88
17791	7038	-3818	-7091	3035	-75	-232	-2040	121	-48	-150	54	173	119	142	88
17828	7041	-3768	-7094	3009	63	-189	-450	128	-48	-145	55	115	97	104	88
17849	7095	-3360	-7164	-3254	63	-351	-1040	124	-52	-134	53	145	117	204	88
17868	7132	-3363	-7183	-3221	130	-292	-10	121	-50	-129	49	173	86	167	88
17905	7224	-3140	-7284	-3467	10	-265	-760	121	-51	-125	39	145	98	157	88
17926	7052	-3094	-7177	-3567	270	-466	-500	117	-52	-128	33	131	97	124	88
17949	7118	-3027	-7212	-3627	272	-375	-330	116	-49	-130	28	168	87	72	88
17984	7264	2943	-7283	-3772	32	-315	720	114	-51	-134	26	120	84	106	88
18029	7346	2924	-7213	-3567	147	-226	1520	111	-47	-134	12	233	97	124	88
18063	7409	2947	-7273	-3608	34	-128	480	114	-39	-138	3	147	85	72	88
18084	6761	3053	-6542	-3526	481	-756	2360	118	-33	-141	-2	155	66	166	88
18108	7206	3765	-6876	-4296	155	-155	430	122	-28	-141	-9	97	70	67	88
18171	7952	3782	-7651	-4471	48	-176	-170	134	-15	-145	-21	219	152	104	88
18238	8230	3657	-7986	-4425	335	-195	280	158	4	-152	-33	169	103	170	88
18337	8971	3919	-8861	-4946	375	-265	-600	229	19	-191	-52	234	69	321	88
18363	9180	3901	-9048	-4934	215	-124	300	248	19	-209	-55	256	123	242	88
18400	9367	3712	-9277	-4770	527	-199	160	290	22	-242	-63	210	117	210	88
18421	9486	3681	-9413	-4714	412	-236	1050	313	19	-249	-66	220	139	208	88
18458	9637	3586	-9603	-4657	397	-313	580	348	21	-276	-72	243	124	222	88
18488	9825	3383	-9802	-4448	492	-329	1350	373	24	-294	-77	259	123	307	88
18572	10325	-3228	-10397	-3560	646	-306	2420	420	15	-316	-92	390	221	412	88
18586	10424	-3263	-10574	-3578	444	-397	770	433	15	-316	-96	358	211	379	88
18625	10844	-3761	-10892	-2949	473	-423	1730	417	4	-322	-105	832	305	945	88
18673	11130	-4474	-11204	3523	435	-442	-20	396	-10	-333	-93	1169	422	849	88
18710	11083	-4897	-11107	3989	503	-552	1670	393	-15	-352	-78	1007	412	960	88
18754	11116	-5494	-11185	4527	603	-690	230	409	-29	-389	-52	1072	418	1039	88
18886	11405	-6711	-11613	5532	735	-968	-680	494	-50	-507	-7	926	444	772	88
18925	11420	-6832	-11687	5588	910	-1126	-540	525	-54	-535	1	977	475	1296	88
18938	11526	-6916	-11806	5627	1016	-1036	-320	535	-56	-549	6	976	441	1304	88
18960	11469	-6893	-11707	5608	1016	-1036	-320	550	-62	-578	12	1119	507	1189	88
19045	11473	-7511	-11744	6097	1172	-1269	1640	621	-83	-679	58	1267	537	1482	88
19097	11008	-7845	-11368	6458	1209	-1381	710	654	-110	-716	82	727	402	655	88
19136	10004	-8511	-10424	7378	1515	-2053	1950	664	-138	-730	98	723	413	651	88
19160	9769	-9314	-10296	8259	1123	-1421	1290	665	-157	-732	112	487	396	482	88
19220	9464	-9277	-10008	8345	916	-1708	1180	656	-222	-732	146	330	484	288	88
19257	8599	-9677	-9211	8958	1077	-2197	1280	652	-266	-730	172	219	524	217	88
19292	8398	-10195	-9107	9575	855	-1636	1010	643	-302	-722	185	161	580	117	88
19305	7787	-10077	-8515	9529	1163	-2521	1020	640	-316	-720	198	202	527	132	88
19331	7673	-10485	-8487	9968	885	-2042	1350	631	-332	-710	206	167	463	95	88
19348	7558	-10507	-8439	9958	880	-2089	190	625	-350	-706	218	202	726	174	88
19370	7630	-10719	-8552	10196	630	-1618	770	617	-371	-697	228	230	951	181	88
19418	6819	-10900	-7993	10338	621	-2102	10	595	-429	-671	276	235	821	143	88
19470	6602	-10954	-7916	10335	710	-2069	860	573	-487	-645	332	255	675	247	88
19514	6202	-10923	-7794	10268	600	-2233	60	560	-566	-623	359	140	632	106	88
19598	5979	-10965	-8177	9754	479	-2384	460	536	-615	-594	388	162	938	174	88
19672	5980	-11202	-8564	9587	506	-2207	610	507	-618	-575	382	188	844	146	88
19707	6207	-11319	-8953	9483	265	-1849	-540	490	-621	-570	378	155	1002	207	88
19726	6282	-11440	-9090	9543	206	-1607	-70	482	-625	-567	377	141	947	272	88
19762	6016	-11451	-8887	9494	107	-1925	-190	462	-631	-566	378	153	830	295	88
19780	5813	-11432	-8690	9471	125	-2196	380	452	-634	-567	380	152	911	310	88
19799	5795	-11559	-8714	9565	89	-2030	310	441	-639	-563	383	212	1141	259	88
19831	5904	-11455	-8764	9509	89	-2030	310	410	-669	-549	398	168	900	176	88
19848	5950	-11411	-8782	9471	89	-2030	310	396	-682	-545	408	187	884	262	88
19861	5986	-11372	-8785	9460	89	-2030	310	385	-694	-545	410	198	897	277	88
19881	6043	-11352	-8799	9436	89	-2030	310	370	-699	-542	419	192	1016	239	88
19908	6087	-11318	-8819	9413	89	-2030	310	356	-710	-538	424	216	722	179	88
19952	-3402	-11891	-5316	11891	201	-1801	1630	295	-743	-499	455	182	679	176	88
19984	-4358	-11893	-4031	11477	-1203	-2521	3770	243	-771	-465	498	291	1264	221	88
20030	-5570	-11894	3056	11894	-1003	-2033	3880	199	-818	-421	556	235	966	327	88
20053	-6766	-11894	4323	11894	-989	-1511	2870	150	-855	-363	607	345	1024	206	88
20097	-7704	-11746	5522	11930	-1444	-1448	2990	48	-902	-258	688	329	768	94	88
20145	-8159	-10721	6264	11559	-1861	-1495	2580	-37	-908	-175	562	363	677	142	88
20193	-8225	-10056	6490	10875	-1557	-1372	730	-134	-903	-81	606	1879	1304	2353	88
20250	-8741	-8023	7653	9240	-2216	-1170	3200	-268	-891	58	654	310	247	251	88
20276	-8985	-7160	8194	8524	-2418	-1086	3690	-312	-873	98	668	271	203	207	88
20311	-8738	-6174	8205	7561	-2701	-841	2620	-361	-848	151	674	204	151	119	88
20352	-8244	-4715	8248	6281	-2813	-473	4210	-415	-810	203	674	189	101	145	88
20370	-8315	-4650	8233	6104	-2106	-512	460	-434	-797	227	672	130	85	114	88
20442	-7177	-2932	7471	4274	-2829	-356	2990	-496	-743	302	652	151	60	156	88
20464	-7025	3029	7433	4132	-2240	-218	1710	-521	-710	331	643	122	63	69	88
20505	-6281	3900	6966	3046	-1977	-168	1530	-550	-606	364	619	63	151	66	88
20522	-5555	4298	6440	-3256	-2654	277	3280	-558	-551	376	610	70	111	70	88
20566	-4765	5089	5775	-4197	-2432	-5	1120	-566	-444	407	519	47	128	39	88
20589	-4384	4914	5407	-4011	-2006	428	1040	-570	-390	418	453	37	169	47	88
20611	-3863	5240	4836	-4466	-1821	231	-980	-562	-359	426	406	45	215	39	88
20651	-3244	5398	4205	-4703	-1648	117	-880	-551	-304	430	332	32	93	9	88
20675	2955	5330	3825	-4627	-1449	322	470	-541	-275	431	294	36	123	7	88
20696	3564	5706	3166	-5150	-2496	217	-800	-513	-255	428	265	148	183	1	88
20714	3822	5352	-3092	-4899	-1493	261	-460	-469	-238	426	246	97	155	-4	88
20727	3695	5314	-3059	-4854	-1493	261	-460	-431	-228	419	233	92	229	2	88
20740	3898	5248	-3379	-4880	-1572	202	-980	-396	-219	407	219	61	156	22	88
20762	4057	4948	-3597	-4570	-1245	404	130	-352	-204	379	193	35	134	29	88
20784	4385	4517	-4111	-4310	-1415	463	-550	-295	-184	344	175	37	97	12	88
21041	4765	7386	-3823	-7146	15	135	180	-66	-3	106	-26	73	304	37	88
21067	4541	7314	-3669	-7144	101	117	-1690	-56	6	91	-31	86	197	46	88
21088	4506	7260	-3583	-7057	147	168	-150	-39	18	68	-40	88	188	14	88
21110	4491	7211	-3535	-6976	231	199	460	-32	25	58	-47	57	190	21	88
