0	6645	5917	-6109	-6479	0	0	760	0	0	0	0	813	-25	0	99
3	3054	2998	3207	3302	0	0	760	0	0	0	0	-27	-10	-574	99
15	3043	-2977	3185	3473	-2	4	754	0	0	0	0	-47	-35	-577	99
33	2982	-3141	3207	3631	0	-3	729	0	0	0	0	-71	-53	-570	99
45	2927	-3309	3222	3791	0	-3	710	1	1	1	0	-95	-71	-563	99
57	-2925	-3467	3252	3961	0	-3	695	1	1	1	0	-120	-88	-576	99
69	-2978	-3644	3250	4114	0	-2	682	2	2	2	1	-143	-108	-551	99
84	-3027	-3814	3253	4269	0	-8	642	3	2	3	2	-165	-128	-541	99
96	-3080	-3975	3279	4436	0	-6	628	3	3	3	2	-190	-145	-548	99
108	-3136	-4136	3302	4599	0	-11	618	4	3	3	2	-214	-163	-548	99
126	-3224	-4464	3330	4931	-2	-7	602	4	3	4	3	-261	-201	-553	99
144	-3273	-4627	3350	5098	-5	0	598	4	3	5	3	-285	-219	-557	99
156	-3273	-4627	3349	5097	-6	0	590	4	4	5	3	-285	-219	-557	99
168	-3327	-4788	3374	5264	-6	0	583	5	4	5	3	-310	-236	-561	99
183	-3373	-4954	3386	5427	-6	0	574	5	4	6	3	-333	-255	-559	99
195	-3413	-5127	3380	5584	-6	-1	561	5	4	6	4	-355	-276	-544	99
213	-3505	-5451	3406	5903	-6	-4	541	6	4	7	5	-400	-314	-541	99
225	-3556	-5615	3423	6067	-6	-3	532	6	5	7	5	-424	-332	-539	99
243	-3609	-5776	3446	6230	-6	-5	519	6	5	7	5	-448	-350	-542	99
255	-3658	-5938	3466	6396	-7	-5	513	6	5	8	6	-472	-368	-544	99
273	-3691	-6112	3451	6549	-7	-6	494	7	5	8	6	-493	-391	-529	99
285	-3743	-6273	3474	6713	-7	-8	484	7	5	8	7	-517	-409	-531	99
303	-3829	-6603	3489	7035	-9	-9	465	7	5	9	8	-563	-448	-524	99
315	-3834	-6783	3437	7180	-11	-11	456	7	5	9	9	-580	-475	-496	99
333	-3899	-6937	3469	7334	-18	-21	424	8	4	10	10	-605	-491	-497	99
351	-3889	-7116	3399	7473	-23	-24	397	8	4	11	12	-621	-520	-470	99
369	-3933	-7279	3407	7630	-27	-24	363	8	4	13	14	-644	-539	-470	99
387	-3951	-7628	3321	7922	-31	-28	321	9	4	14	16	-679	-590	-431	99
405	-4035	-7775	3383	8083	-34	-37	314	9	2	14	18	-708	-603	-437	99
423	-3959	-8134	3187	8352	-45	-43	292	8	1	15	20	-731	-668	-376	99
441	-4008	-8290	3202	8505	-50	-48	267	8	0	16	23	-755	-687	-375	99
459	-3936	-8633	3013	8759	-66	-65	236	8	-1	17	26	-777	-750	-315	99
477	-3970	-8792	2998	8894	-74	-75	203	8	-3	18	30	-798	-772	-297	99
495	-3925	-9125	-2942	9166	-85	-84	189	7	-6	19	33	-826	-830	-258	99
513	-3911	-9273	-2991	9297	-99	-101	163	7	-9	20	37	-842	-857	-255	99
531	-3891	-9425	-3050	9425	-115	-99	163	5	-12	21	40	-857	-883	-241	99
549	-3872	-9575	-3113	9547	-130	-113	151	4	-15	22	44	-871	-911	-224	99
567	-3886	-9722	-3129	9687	-141	-121	149	3	-19	22	48	-891	-934	-220	99
597	-3931	-10167	-3175	10109	-179	-153	143	0	-28	23	56	-950	-1002	-209	99
615	-3871	-10318	-3288	10213	-192	-166	136	0	-32	23	61	-958	-1036	-179	99
630	-4053	-10445	-3096	10406	-205	-178	152	-2	-37	22	64	-1003	-1035	-216	99
642	-4067	-10422	-3073	10392	-219	-189	172	-4	-41	22	67	-1006	-1033	-216	99
666	-4143	-10368	-2971	10370	-247	-214	198	-7	-51	21	75	-1018	-1021	-227	99
684	-4266	-10319	2982	10371	-269	-231	218	-10	-58	21	81	-1037	-1002	-249	99
705	-4315	-10262	3058	10343	-292	-250	257	-13	-67	20	87	-1045	-993	-260	99
723	-4448	-10197	3230	10336	-323	-274	281	-16	-76	20	94	-1065	-972	-285	99
741	-4576	-10130	3401	10331	-347	-290	321	-20	-85	19	101	-1085	-951	-315	99
762	-4626	-10068	3480	10300	-370	-307	364	-24	-95	19	108	-1093	-940	-325	99
780	-4690	-10008	3570	10272	-400	-326	387	-27	-104	19	115	-1103	-928	-339	99
792	-4779	-9964	3671	10250	-417	-348	392	-29	-111	19	120	-1115	-915	-340	99
804	-4825	-9920	3730	10223	-435	-365	397	-30	-116	19	126	-1121	-907	-346	99
822	-4856	-9883	3752	10175	-460	-385	399	-33	-125	19	134	-1125	-902	-324	99
840	-4768	-9855	3642	10100	-492	-410	380	-35	-134	21	143	-1114	-915	-294	99
864	-4606	-9841	3431	9999	-533	-436	348	-38	-144	23	155	-1094	-941	-238	99
882	-4532	-9800	3357	9938	-560	-463	319	-40	-153	24	164	-1085	-951	-236	99
906	-4496	-9767	3267	9830	-595	-501	305	-43	-164	25	176	-1078	-958	-161	99
924	-4470	-9400	3298	9463	-620	-513	283	-46	-172	27	185	-1040	-911	-154	99
945	-4426	-9345	3252	9387	-657	-550	267	-48	-183	28	195	-1035	-916	-141	99
963	-4226	-9381	2930	9253	-684	-563	249	-51	-190	30	204	-1004	-950	0	99
987	-4084	-9326	-3009	9165	-720	-595	212	-53	-201	32	216	-987	-968	0	99
1005	-3979	-9289	-3113	9105	-740	-610	189	-55	-208	34	224	-974	-981	0	99
1023	-3753	-9248	-3338	9018	-762	-629	168	-57	-215	35	232	-945	-1009	0	99
1041	-3637	-9207	-3452	8950	-784	-649	138	-58	-222	36	241	-930	-1023	0	99
1059	-3353	-8886	-3797	8449	-803	-668	114	-59	-229	37	249	-848	-1014	150	99
1077	-3176	-8185	-3858	7728	-828	-690	96	-61	-236	37	257	-754	-936	164	99
1098	-3127	-8143	-3899	7678	-847	-706	107	-63	-244	37	264	-748	-941	167	99
1116	-2935	-7445	-3969	6966	-858	-716	124	-65	-251	37	270	-652	-863	180	99
1137	2910	-7071	-3944	6601	-880	-737	135	-68	-259	36	277	-611	-818	182	99
1155	2915	-7045	-3937	6578	-886	-747	158	-69	-265	35	282	-611	-818	182	99
1179	3016	-6013	-3817	5604	-899	-757	206	-72	-273	33	287	-496	-679	158	99
1203	3284	-5211	-3803	4945	-924	-777	274	-75	-283	31	293	-399	-599	0	99
1221	3321	-4853	-3769	4599	-933	-781	294	-76	-288	30	297	-359	-553	0	99
1239	3461	-4153	-3776	3907	-935	-785	313	-77	-293	28	300	-268	-467	0	99
1257	3428	-3819	-3679	3596	-938	-790	322	-77	-297	27	304	-239	-415	0	99
1281	3467	-3182	-3717	-2958	-929	-790	320	-75	-300	26	307	-151	-325	151	99
1299	3673	3095	-3854	-3475	-939	-808	298	-74	-304	25	311	-73	-283	171	99
1317	3153	4661	-3036	-4873	-943	-827	296	-73	-307	23	314	23	16	171	99
1335	3162	4800	-3075	-5070	-933	-825	258	-70	-308	23	315	47	36	232	99
1350	3178	4948	-3101	-5254	-924	-834	231	-68	-308	22	316	71	55	272	99
1374	3242	5260	-3131	-5585	-912	-838	234	-65	-307	21	314	117	92	299	99
1392	3303	5564	-3157	-5909	-898	-834	256	-64	-306	19	310	163	131	331	99
1410	3331	5704	-3170	-6056	-876	-830	240	-60	-303	18	307	187	150	339	99
1431	3376	5986	-3188	-6360	-847	-808	248	-57	-299	16	302	231	190	371	99
1449	3413	6277	-3195	-6668	-814	-793	268	-54	-294	14	296	275	233	404	99
1467	3412	6396	-3189	-6798	-784	-770	266	-51	-289	13	290	295	255	423	99
1485	3477	6521	-3215	-6909	-751	-739	282	-48	-282	12	283	321	271	404	99
1506	3555	6796	-3237	-7178	-701	-710	299	-44	-275	10	274	368	308	400	99
1524	3534	7063	-3203	-7471	-666	-684	314	-41	-267	8	266	406	357	450	99
1542	3520	7008	-3201	-7418	-626	-650	310	-38	-259	7	259	406	357	450	99
1557	3634	7140	-3258	-7527	-595	-622	314	-35	-252	6	252	436	367	408	99
1572	3608	7251	-3231	-7652	-563	-591	349	-33	-246	4	245	453	394	441	99
1590	3685	7527	-3248	-7924	-521	-562	356	-30	-237	3	237	500	432	434	99
1605	3720	7647	-3260	-8047	-491	-535	351	-27	-230	2	231	523	451	433	99
1623	3853	7919	-3322	-8310	-450	-496	364	-24	-221	0	222	574	483	409	99
1641	3956	8043	-3375	-8416	-412	-467	399	-22	-213	-1	213	605	494	382	99
1659	4034	8155	-3415	-8520	-373	-438	434	-19	-204	-3	204	633	507	369	99
1677	4182	8428	-3488	-8780	-333	-404	453	-17	-195	-5	194	686	537	341	99
1695	4275	8538	-3539	-8879	-299	-369	493	-15	-186	-7	184	715	549	323	99
1713	4378	8809	-3582	-9147	-258	-341	511	-12	-177	-9	174	764	583	316	99
1731	4554	8917	-3698	-9235	-218	-314	537	-9	-168	-11	164	802	583	270	99
1749	4677	9020	-3776	-9323	-182	-275	598	-7	-159	-13	152	833	591	248	99
1764	4722	9141	-3791	-9439	-155	-251	619	-5	-151	-15	144	857	609	244	99
1779	4885	9248	-3905	-9537	-123	-222	634	-3	-143	-16	135	893	610	208	99
1794	4970	9366	-3955	-9650	-98	-202	656	-1	-135	-18	127	921	622	197	99
1812	5236	9618	-4133	-9890	-57	-171	680	1	-125	-20	116	986	633	148	99
1830	5441	9765	-4193	-9929	-23	-147	712	4	-116	-22	105	1021	634	0	99
1848	5716	9992	-4421	-10190	14	-120	740	7	-106	-24	94	1089	639	0	99
1869	5810	10070	-4495	-10274	62	-83	772	10	-95	-27	81	1118	648	0	99
1887	6251	10226	-4907	-10502	98	-54	793	14	-85	-29	70	1201	622	0	99
1905	6291	10337	-4917	-10604	134	-26	840	16	-75	-31	58	1225	640	0	99
1923	6471	10394	-5085	-10688	170	-1	854	20	-65	-34	46	1263	632	0	99
1941	6625	10457	-5223	-10770	210	21	879	24	-55	-36	34	1298	628	0	99
1959	6700	10549	-5279	-10867	248	45	893	28	-44	-39	23	1327	639	0	99
1977	7149	10789	-5535	-11000	286	72	915	31	-33	-41	11	1400	622	-193	99
1992	7437	10824	-5774	-11033	323	97	930	35	-24	-43	0	1444	596	-249	99
2007	7665	10881	-5954	-11084	357	117	960	38	-16	-46	-9	1483	580	-292	99
2031	8214	10959	-6406	-11156	414	147	1008	44	-1	-51	-27	1566	529	-394	99
2049	8682	11075	-6788	-11271	456	182	1045	48	10	-54	-42	1641	493	-476	99
2073	8966	11231	-7007	-11424	516	219	1090	54	27	-58	-62	1704	490	-515	99
2091	9033	11303	-7067	-11507	569	235	1063	62	41	-61	-76	1733	498	-515	99
2115	9225	11478	-7209	-11683	654	273	1037	72	61	-65	-96	1792	510	-547	99
2133	9497	11459	-7446	-11661	700	301	1052	78	74	-69	-111	1832	479	-600	99
2154	9576	11520	-7510	-11723	751	335	1087	85	88	-73	-129	1861	486	-600	99
2172	9731	11559	-7638	-11759	795	355	1099	92	101	-77	-144	1894	478	-626	99
2184	10230	11639	-8061	-11846	825	369	1112	96	110	-80	-154	1967	429	-712	99
2196	10606	11561	-8404	-11778	851	384	1103	102	119	-82	-164	2009	372	-783	99
2208	10580	11518	-8383	-11725	886	392	1122	107	127	-86	-175	2009	372	-783	99
2220	10917	11679	-8653	-11889	914	399	1118	112	136	-89	-185	2073	356	-838	99
2238	11163	11620	-8872	-11825	986	431	1145	120	151	-94	-203	2109	322	-888	99
2256	11227	11697	-8919	-11901	1036	451	1130	130	166	-99	-218	2138	331	-898	99
2271	11546	11838	-9180	-12046	1080	464	1117	138	178	-103	-232	2201	315	-951	99
2283	11652	11932	-9263	-12099	1098	467	1087	144	187	-105	-241	2231	318	-970	99
2301	11645	12037	-9242	-12099	1174	492	1055	156	204	-110	-258	2258	341	-975	99
2319	11516	12100	-9071	-12100	1224	504	992	168	220	-114	-274	2304	427	-947	99
2343	11436	12101	-9039	-12101	1299	530	899	186	242	-119	-296	2304	427	-947	99
2361	11220	12102	-8786	-12102	1348	546	811	201	259	-123	-312	2345	529	-913	99
2379	11089	12102	-8654	-12102	1408	571	738	217	277	-127	-330	2364	577	-905	99
2397	11347	12102	-8855	-12102	1450	594	690	231	294	-131	-347	2427	575	-965	99
2415	11069	12102	-8578	-12102	1501	619	615	246	312	-135	-365	2438	656	-931	99
2439	10872	12101	-8347	-12101	1573	655	504	266	336	-139	-389	2475	745	-928	99
2457	9736	12101	-7217	-12101	1612	678	381	281	355	-141	-404	2419	990	-802	99
2475	9593	12100	-7101	-12100	1666	715	273	296	375	-142	-421	2411	1009	-819	99
2493	8858	12100	-6379	-12100	1719	755	210	310	393	-145	-438	2353	1138	-781	99
2511	8807	12099	-6343	-12099	1757	795	130	323	411	-146	-455	2352	1142	-812	99
2535	8386	12099	-5961	-12099	1820	857	40	340	436	-147	-477	2318	1209	-797	99
2553	8190	12098	-5778	-12098	1865	896	-23	351	453	-148	-493	2303	1238	-813	99
2577	7495	12097	-5066	-12097	1898	961	-90	363	476	-147	-514	2236	1356	-834	99
2595	7164	12097	-4756	-12097	1932	1020	-116	371	494	-146	-530	2203	1408	-824	99
2619	6528	12096	-4123	-12096	1962	1071	-173	379	515	-144	-550	2135	1508	-828	99
2640	5768	12095	-3418	-12095	1983	1129	-197	384	534	-142	-567	2012	1573	-834	99
2658	5382	12095	-3050	-12095	2022	1203	-203	387	551	-139	-583	1967	1630	-827	99
2682	5013	12094	3146	-12094	2038	1261	-212	389	571	-135	-602	1918	1687	-873	99
2700	4825	12094	3338	-12094	2042	1312	-204	390	585	-131	-615	1852	1670	-961	99
2721	4779	12093	3412	-12093	2071	1397	-169	389	602	-127	-632	1841	1683	-1008	99
2739	4792	12093	3432	-12093	2081	1452	-147	387	616	-123	-646	1837	1687	-1059	99
2763	5202	12092	3144	-12092	2095	1519	-91	384	633	-118	-664	1876	1644	-1218	99
2781	5499	12092	-2926	-11991	2100	1553	-36	381	644	-116	-678	1868	1560	-1330	99
2805	4564	12092	3797	-11789	2124	1620	-40	378	663	-109	-694	1749	1693	-1312	99
2823	4432	12091	3954	-11338	2125	1655	-27	375	675	-104	-705	1687	1669	-1418	99
2844	3837	12091	4508	-11186	2120	1695	-89	372	690	-96	-715	1607	1747	-1386	99
2862	3861	12090	4464	-11145	2115	1735	-158	370	704	-88	-723	1607	1747	-1386	99
2883	3890	12090	4413	-11101	2110	1778	-235	367	720	-79	-731	1607	1747	-1386	99
2901	3917	12090	4368	-11065	2104	1814	-302	363	733	-71	-738	1607	1747	-1386	99
2919	3945	12089	4324	-11033	2097	1847	-370	360	746	-63	-744	1607	1747	-1386	99
2937	3973	12089	4280	-11004	2090	1879	-437	355	758	-54	-750	1607	1747	-1386	99
2961	4013	12089	4221	-10970	2078	1919	-526	349	773	-43	-756	1607	1747	-1386	99
2979	-4133	11777	6579	-9828	2054	1954	-556	343	783	-35	-761	1217	1967	-1519	99
3003	-4665	11264	7053	-9215	2022	2003	-578	332	796	-23	-767	1086	1974	-1553	99
3027	-4914	10454	7158	-8399	2005	2071	-591	322	809	-10	-774	965	1902	-1555	99
3051	-6199	9018	8129	-6864	2084	2362	-566	311	836	10	-788	659	1901	-1482	99
3069	-6590	8429	8393	-6263	2042	2399	-592	301	843	21	-789	542	1874	-1452	99
3105	-7647	6260	8968	-4113	1927	2448	-686	277	852	47	-785	167	1703	-1344	99
3129	-7544	6254	8866	-4140	1848	2484	-732	260	857	66	-781	167	1703	-1344	99
3147	-7757	5259	8870	-3190	1790	2513	-769	246	860	80	-777	27	1590	-1311	99
3165	-7758	4795	8783	3039	1723	2536	-789	230	860	94	-772	-33	1530	-1303	99
3183	-7854	3791	8653	3959	1656	2563	-833	216	862	110	-766	-159	1401	-1254	99
3207	-7747	2914	8365	4735	1547	2578	-871	193	859	129	-755	-255	1264	-1223	99
3225	-7661	-3344	8174	5117	1467	2588	-911	176	856	145	-744	-304	1191	-1195	99
3249	-7458	-4258	7753	5870	1358	2620	-934	151	851	165	-728	-389	1038	-1123	99
3267	-7199	-5095	7170	6411	1265	2618	-1064	136	846	183	-711	-440	884	-928	99
3297	-6854	-6121	6548	7212	1079	2604	-1190	106	829	212	-679	-529	687	-837	99
3315	-6577	-6535	6098	7439	956	2612	-1268	87	817	232	-659	-548	592	-730	99
3336	-6188	-6635	5657	7422	819	2579	-1357	66	798	252	-633	-532	523	-707	99
3354	-5828	-6842	5206	7492	702	2551	-1383	47	780	268	-611	-524	442	-646	99
3378	-4744	-7252	3917	7538	529	2515	-1440	21	754	291	-579	-445	236	-501	99
3405	-3927	-7169	3063	7248	365	2446	-1474	-7	723	312	-544	-360	132	-444	99
3423	-3470	-7070	-3209	7027	238	2412	-1492	-27	701	327	-519	-312	83	-404	99
3441	-3044	-6889	-3634	6738	126	2357	-1512	-46	678	341	-494	-258	46	-366	99
3459	3510	-6516	-4352	6201	7	2308	-1500	-66	654	353	-469	-141	-2	-322	99
3483	4159	-5882	-4889	5458	-134	2227	-1481	-89	622	365	-436	-19	-5	-302	99
3501	4505	-5282	-5008	4947	-230	2163	-1451	-105	598	371	-413	52	26	-438	99
3537	4600	-4996	-4978	4715	-404	2067	-1179	-136	547	372	-373	48	34	-449	99
3555	4630	-4839	-4901	4634	-460	2006	-1130	-146	525	371	-353	44	39	-526	99
3579	4551	-7107	-5091	6979	-532	1930	-972	-159	494	365	-329	-244	-314	-679	99
3597	5455	-8918	-6345	8526	-580	1861	-956	-165	474	363	-310	-328	-721	-666	99
3618	5825	-8634	-6654	8183	-620	1780	-935	-170	452	358	-289	-262	-744	-665	99
3636	6098	-8371	-6823	7932	-655	1711	-908	-174	432	353	-271	-215	-756	-722	99
3648	6197	-8230	-6826	7852	-672	1668	-858	-177	419	348	-261	-202	-758	-796	99
3660	6447	-8008	-6991	7635	-680	1619	-823	-179	407	343	-250	-155	-768	-839	99
3678	6509	-7858	-6981	7515	-690	1551	-805	-180	389	336	-234	-143	-770	-881	99
3696	6564	-7706	-6967	7390	-699	1472	-775	-181	371	328	-217	-130	-772	-916	99
3723	6561	-7521	-6849	7279	-711	1344	-723	-181	344	313	-194	-128	-773	-989	99
3741	6447	-7473	-6684	7287	-697	1262	-715	-179	329	303	-180	-145	-770	-1030	99
3759	6444	-7353	-6598	7229	-690	1180	-687	-177	313	292	-167	-142	-770	-1091	99
3777	6354	-7301	-6472	7214	-676	1106	-659	-174	298	281	-155	-153	-768	-1110	99
3789	6372	-7214	-6462	7136	-662	1051	-651	-171	289	274	-148	-143	-769	-1119	99
3804	-79	-201	-730	-99	-237	235	-643	-168	280	267	-141	-132	-772	-1096	99
3813	6256	-7144	-6319	7095	-646	946	-662	-165	271	261	-133	-153	-767	-1130	99
3828	-94	143	-1070	-73	-170	14	492	-122	-41	101	184	-141	-752	-1098	99
3849	6345	-6896	-6416	6770	-614	789	-682	-154	247	241	-114	-108	-775	-1057	99
3867	6252	-6856	-6316	6746	-598	712	-680	-148	235	231	-105	-116	-775	-1052	99
3885	6230	-6777	-6279	6672	-582	644	-660	-143	223	220	-98	-109	-776	-1045	99
3903	6393	-6574	-6475	6365	-566	576	-673	-136	212	211	-90	-57	-781	-956	99
3921	6278	-6573	-6341	6408	-558	528	-735	-129	204	204	-80	-74	-779	-995	99
3942	6103	-6595	-6159	6474	-529	463	-705	-122	192	193	-74	-99	-776	-1001	99
3966	6122	-6469	-6151	6354	-511	387	-701	-114	179	180	-65	-82	-779	-1003	99
3984	6114	-6406	-6183	6236	-499	339	-682	-108	169	171	-60	-69	-780	-933	99
4008	6008	-6374	-6066	6233	-462	269	-694	-99	159	159	-53	-77	-779	-943	99
4026	5986	-6324	-6060	6164	-444	232	-653	-94	150	150	-49	-70	-779	-904	99
4044	5920	-6300	-6022	6115	-424	183	-666	-87	142	142	-43	-69	-779	-864	99
4062	5903	-6249	-5998	6071	-403	143	-651	-81	134	133	-39	-64	-780	-860	99
4086	5849	-6209	-5979	5997	-376	99	-644	-72	125	123	-34	-59	-780	-807	99
4104	5779	-6206	-5916	6001	-358	64	-633	-67	119	115	-30	-65	-780	-796	99
4122	5727	-6182	-5877	5970	-339	29	-619	-61	112	107	-27	-65	-780	-772	99
4140	5740	-6115	-5885	5898	-324	-2	-608	-55	105	100	-24	-53	-780	-762	99
4158	5509	-6226	-5665	6060	-304	-31	-581	-50	99	93	-21	-94	-776	-769	99
4176	5528	-6173	-5698	5982	-281	-56	-556	-45	93	85	-19	-80	-779	-736	99
4194	5336	-6249	-5514	6099	-265	-83	-546	-40	88	78	-16	-113	-774	-741	99
4212	5409	-6154	-5583	5982	-255	-108	-507	-36	82	71	-14	-90	-776	-717	99
4230	5093	-6318	-5340	6149	-237	-136	-542	-29	78	66	-11	-141	-768	-670	99
4254	5118	-6267	-5365	6087	-216	-151	-482	-24	71	58	-9	-129	-770	-647	99
4272	-3191	-6392	2956	6696	-209	-183	-474	-20	65	52	-6	-474	-474	-662	99
4290	-3184	-6554	-2912	6816	-199	-200	-460	-16	61	46	-4	-485	-506	-621	99
4308	-3217	-6710	-2921	6959	-185	-211	-449	-12	57	42	-2	-503	-530	-605	99
4326	-3317	-7027	2912	7274	-172	-226	-436	-8	52	37	0	-547	-570	-594	99
4344	-3340	-7173	2900	7411	-170	-243	-406	-6	47	32	1	-565	-595	-579	99
4362	-3331	-7334	-2965	7535	-161	-254	-395	-4	43	29	4	-577	-625	-544	99
4386	-3432	-7631	-2904	7860	-164	-271	-345	-2	36	23	6	-625	-663	-555	99
4404	-3502	-7943	2906	8173	-167	-276	-326	-1	31	21	9	-668	-705	-552	99
4422	-3617	-8078	3016	8350	-175	-279	-319	0	27	19	12	-702	-714	-579	99
4446	-3734	-8373	3098	8680	-184	-280	-289	0	21	17	16	-754	-747	-600	99
4464	-3957	-8643	3332	9050	-188	-291	-198	-1	14	13	16	-821	-764	-656	99
4482	-4018	-8786	3374	9209	-193	-290	-158	-2	9	11	19	-847	-780	-658	99
4500	-4095	-8917	3443	9370	-204	-295	-117	-3	4	10	22	-876	-793	-671	99
4518	-4259	-9028	3632	9559	-214	-292	-63	-5	-1	8	24	-918	-791	-717	99
4542	-4342	-9321	3664	9860	-234	-298	-18	-7	-9	7	29	-965	-828	-712	99
4560	-4433	-9630	3697	10173	-245	-303	7	-9	-14	7	33	-1012	-866	-706	99
4584	-4524	-9928	3738	10483	-257	-301	37	-11	-21	7	38	-1061	-902	-710	99
4602	-4486	-10090	3642	10601	-275	-300	11	-12	-25	9	44	-1074	-933	-683	99
4626	-4541	-10388	3631	10886	-296	-310	14	-14	-33	10	52	-1117	-975	-671	99
4644	-4453	-10552	3481	10992	-310	-315	-2	-15	-38	11	58	-1123	-1014	-638	99
4668	-4347	-10873	3263	11223	-337	-329	-37	-17	-46	14	67	-1143	-1080	-584	99
4686	-4210	-11201	3009	11450	-355	-342	-65	-18	-52	16	74	-1157	-1151	-523	99
4710	-3817	-11326	-3330	11358	-422	-417	-282	-16	-60	21	92	-1115	-1234	-419	99
4728	-3717	-11467	-3494	11432	-441	-428	-344	-16	-66	24	102	-1117	-1272	-389	99
4746	-3228	-11757	-4144	11499	-470	-447	-377	-18	-74	26	111	-1077	-1383	-267	99
4764	-3095	-11873	-4339	11540	-497	-471	-435	-18	-82	28	122	-1073	-1424	-231	99
4782	3096	-12020	-4947	11392	-517	-484	-459	-19	-91	30	132	-1019	-1500	0	99
4800	3292	-11923	-5137	11252	-551	-523	-506	-20	-101	30	144	-990	-1520	0	99
4824	3844	-11724	-5669	10945	-584	-562	-562	-20	-115	31	160	-903	-1572	0	99
4848	4470	-11511	-6392	10475	-621	-608	-581	-21	-132	30	176	-791	-1633	161	99
4866	4748	-11360	-6707	10210	-653	-652	-640	-20	-144	30	189	-738	-1657	225	99
4890	5105	-11147	-7097	9863	-693	-715	-664	-20	-163	28	206	-670	-1686	306	99
4908	5304	-10999	-7309	9644	-725	-759	-675	-21	-176	26	218	-630	-1701	350	99
4932	5521	-10818	-7531	9394	-759	-813	-659	-21	-195	22	233	-587	-1716	396	99
4950	5587	-10716	-7589	9276	-785	-856	-654	-21	-209	19	244	-573	-1721	408	99
4971	5707	-10578	-7704	9105	-806	-902	-608	-21	-225	14	255	-547	-1729	440	99
4989	5670	-10528	-7653	9073	-820	-937	-587	-20	-238	10	265	-552	-1727	435	99
5007	5860	-10377	-7837	8872	-838	-972	-566	-19	-250	6	274	-513	-1739	464	99
5025	5905	-10277	-7858	8780	-864	-1013	-514	-19	-264	0	283	-503	-1742	465	99
5040	6065	-10143	-8023	8591	-878	-1049	-504	-17	-274	-3	290	-468	-1751	501	99
5058	5839	-10182	-7750	8734	-883	-1085	-475	-16	-286	-8	298	-512	-1740	440	99
5076	5777	-9804	-7620	8385	-901	-1122	-426	-15	-298	-14	306	-484	-1685	453	99
5100	5813	-9707	-7626	8302	-924	-1156	-367	-14	-313	-21	316	-476	-1687	448	99
5118	5910	-9601	-7711	8178	-942	-1185	-341	-13	-324	-25	324	-456	-1693	460	99
5142	5732	-9270	-7429	7946	-950	-1211	-261	-12	-338	-33	331	-453	-1631	423	99
5160	5765	-9194	-7444	7874	-964	-1242	-241	-10	-348	-37	338	-444	-1633	420	99
5178	5664	-9187	-7293	7945	-972	-1261	-165	-10	-358	-43	343	-466	-1627	373	99
5196	5736	-9112	-7350	7864	-980	-1272	-136	-9	-367	-47	349	-451	-1631	375	99
5217	5382	-8532	-6823	7449	-994	-1295	-62	-9	-378	-52	355	-448	-1506	312	99
5235	5430	-8129	-6812	7039	-1003	-1312	-31	-8	-386	-56	360	-399	-1458	337	99
5253	5334	-8127	-6657	7124	-1010	-1323	0	-7	-393	-59	365	-422	-1451	268	99
5271	5299	-7766	-6544	6801	-1020	-1334	50	-7	-401	-63	369	-392	-1397	263	99
5292	5418	-7675	-6653	6685	-1026	-1342	70	-6	-408	-66	375	-368	-1404	274	99
5310	5415	-7654	-6646	6667	-1029	-1344	84	-5	-414	-68	379	-368	-1404	274	99
5334	5306	-6970	-6389	6059	-1040	-1356	133	-5	-423	-72	384	-316	-1292	257	99
5352	5392	-6909	-6460	5992	-1036	-1347	162	-4	-427	-73	388	-299	-1296	255	99
5376	5380	-5818	-6283	4906	-1043	-1362	157	-3	-434	-76	394	-182	-1134	304	99
5394	5294	-5486	-6119	4624	-1035	-1369	160	-1	-438	-78	397	-161	-1076	283	99
5406	5240	-5149	-6001	4312	-1031	-1366	175	0	-440	-79	398	-132	-1019	285	99
5424	5216	-4402	-5842	3597	-1025	-1364	179	0	-443	-81	401	-55	-905	291	99
5442	5189	-4016	-5774	3197	-1026	-1372	172	1	-446	-82	404	-15	-845	329	99
5469	5065	-3295	-5519	-3272	-1015	-1371	153	4	-448	-84	407	46	-723	329	99
5487	4955	-2970	-5353	-3568	-1003	-1366	159	6	-450	-85	408	67	-660	336	99
5523	4630	3881	-4848	-4524	-972	-1343	201	10	-450	-88	404	143	-457	363	99
5541	4451	4235	-4585	-4801	-992	-1388	179	12	-453	-90	405	153	-388	335	99
5565	4003	4711	-4030	-5146	-977	-1371	226	14	-451	-92	399	145	-257	322	99
5589	3470	5018	-3370	-5253	-951	-1340	312	16	-448	-95	390	104	-138	250	99
5607	3181	5094	-3022	-5216	-932	-1311	351	17	-444	-96	384	73	-85	201	99
5631	3977	5166	-3769	-5374	-899	-1264	414	19	-437	-97	373	186	-169	153	99
5649	6247	5460	-5880	-5928	-868	-1215	487	20	-431	-98	364	505	-410	0	99
5670	6239	5769	-5808	-6211	-828	-1169	535	21	-422	-98	353	544	-353	0	99
5688	6240	5714	-5822	-6161	-804	-1127	528	23	-413	-97	346	544	-353	0	99
5706	6234	5776	-5805	-6219	-777	-1085	529	25	-404	-95	338	555	-334	0	99
5724	6225	5848	-5777	-6276	-748	-1042	572	25	-396	-95	328	567	-314	0	99
5742	6192	5965	-5722	-6382	-711	-996	572	27	-386	-94	319	582	-282	0	99
5760	6184	5931	-5718	-6347	-674	-951	587	28	-375	-93	309	584	-276	0	99
5784	6153	5969	-5683	-6383	-615	-887	570	31	-359	-91	297	596	-252	0	99
5802	6142	5931	-5677	-6345	-574	-837	578	33	-348	-90	287	598	-246	0	99
5820	6135	5872	-5680	-6287	-533	-791	585	35	-336	-89	277	598	-244	0	99
5835	6127	5829	-5680	-6247	-499	-756	582	36	-327	-88	269	599	-242	0	99
5853	6130	5765	-5693	-6185	-463	-713	589	38	-316	-87	259	600	-242	0	99
5877	6132	5638	-5720	-6066	-408	-657	585	41	-301	-86	246	597	-249	0	99
5895	6141	5528	-5739	-5951	-364	-610	643	41	-291	-87	234	594	-256	0	99
5913	6131	5470	-5740	-5895	-325	-570	642	43	-280	-86	224	594	-255	0	99
5931	6122	5418	-5744	-5849	-290	-532	621	46	-268	-85	215	595	-252	0	99
5949	6145	5189	-5804	-5630	-254	-502	643	47	-258	-85	205	581	-282	0	99
5973	6120	5153	-5797	-5606	-204	-458	577	52	-242	-83	194	586	-273	0	99
5997	6141	4887	-5866	-5357	-164	-410	579	54	-228	-83	181	569	-305	0	99
6015	6134	4786	-5875	-5258	-128	-380	588	56	-217	-83	171	565	-311	0	99
6033	5995	3219	-6029	-3740	-100	-356	573	59	-207	-83	163	387	-524	0	99
6048	5991	3170	-6032	-3692	-72	-326	579	60	-199	-83	156	387	-524	0	99
6063	6290	3055	-6355	-3641	-50	-307	570	62	-191	-83	149	419	-575	0	99
6081	6446	2994	-6523	-3614	-31	-283	564	64	-181	-83	141	439	-597	0	99
6099	6615	2990	-6698	-3649	-1	-256	539	67	-171	-83	133	468	-613	0	99
6117	6758	2901	-6863	-3599	24	-231	507	70	-161	-83	126	485	-638	0	99
6135	7040	-3070	-7175	-3489	49	-208	512	72	-153	-84	118	509	-694	0	99
6153	7173	-3186	-7327	-3405	69	-190	515	74	-144	-86	111	520	-724	0	99
6171	7526	-3115	-7673	-3548	87	-174	487	77	-136	-87	105	580	-754	0	99
6189	7627	-3346	-7819	-3351	106	-153	471	80	-128	-88	99	575	-797	0	99
6204	7754	-3477	-7963	-3244	119	-137	509	81	-123	-90	93	581	-829	0	99
6219	7925	-3459	-8130	-3297	138	-125	502	84	-117	-92	88	610	-845	0	99
6234	8205	-3606	-8435	-3209	146	-120	509	86	-112	-95	83	635	-901	0	99
6252	8341	-3694	-8579	-3150	155	-115	528	87	-106	-98	78	647	-930	0	99
6276	8584	-3937	-8861	-2963	177	-102	544	91	-98	-102	70	659	-994	0	99
6294	8580	-3961	-8848	-2931	189	-88	595	92	-94	-107	64	659	-994	0	99
6312	8844	-4260	-9017	3275	196	-81	632	93	-90	-111	59	646	-1073	-184	99
6330	8968	-4364	-9137	3370	212	-79	682	95	-86	-117	53	654	-1103	-196	99
6360	9202	-5027	-9362	4103	227	-74	750	98	-81	-125	45	603	-1234	-345	99
6384	9321	-5475	-9482	4597	233	-77	800	99	-78	-131	40	565	-1317	-433	99
6402	9479	-5494	-9643	4582	243	-81	851	100	-77	-136	36	587	-1341	-419	99
6426	9594	-5897	-9781	5001	254	-93	841	103	-73	-140	33	557	-1418	-484	99
6444	9841	-6057	-10055	5110	256	-108	853	105	-72	-143	30	574	-1476	-484	99
6462	9921	-6201	-10155	5237	265	-123	810	108	-70	-145	30	571	-1510	-501	99
6480	9988	-6361	-10239	5388	274	-135	800	111	-68	-148	29	564	-1545	-516	99
6504	10003	-6582	-10267	5623	285	-160	788	115	-67	-153	28	542	-1585	-551	99
6528	10183	-6806	-10484	5804	303	-190	766	119	-66	-159	28	545	-1647	-559	99
6546	10164	-7333	-10499	6384	305	-213	760	122	-67	-163	28	480	-1729	-643	99
6564	10211	-7482	-10566	6520	319	-238	744	126	-67	-168	29	472	-1763	-653	99
6582	10258	-7630	-10634	6656	328	-261	716	130	-67	-172	30	464	-1796	-665	99
6603	10148	-8202	-10563	7295	346	-296	714	136	-68	-179	30	385	-1876	-748	99
6621	10374	-8350	-10845	7356	361	-325	651	142	-68	-185	32	406	-1933	-725	99
6636	10612	-8247	-11101	7163	371	-349	639	147	-68	-190	33	456	-1953	-676	99
6660	10997	-8161	-11532	6926	386	-386	574	156	-68	-200	36	529	-1997	-606	99
6678	11172	-8109	-11730	6795	390	-419	508	163	-68	-206	39	565	-2018	-574	99
6702	11254	-8163	-11836	6801	397	-460	449	173	-68	-216	43	576	-2046	-562	99
6720	11341	-8487	-11967	7105	418	-490	450	180	-70	-226	44	556	-2114	-579	99
6738	11243	-8795	-11893	7447	430	-522	445	188	-72	-236	46	511	-2156	-618	99
6762	11338	-9055	-12030	7669	459	-574	445	199	-75	-251	47	503	-2220	-616	99
6780	11540	-9198	-12072	7736	480	-615	439	208	-77	-264	49	522	-2278	-590	99
6798	11819	-8992	-12072	7416	497	-654	413	218	-78	-277	51	593	-2291	-527	99
6822	11956	-9182	-12073	7543	518	-713	389	232	-81	-295	55	600	-2352	-512	99
6840	11956	-9332	-12073	7675	536	-757	374	243	-83	-310	58	590	-2386	-513	99
6864	11806	-9870	-12072	8254	564	-812	407	257	-88	-331	61	516	-2464	-558	99
6882	11822	-9963	-12072	8316	595	-873	393	270	-92	-348	63	517	-2494	-544	99
6906	11740	-10378	-12072	8730	636	-938	384	288	-97	-371	67	471	-2565	-559	99
6924	11603	-10660	-12071	9032	653	-984	356	301	-100	-386	71	427	-2603	-581	99
6942	11598	-10995	-12071	9328	667	-1043	288	315	-104	-400	77	398	-2668	-576	99
6960	11452	-11281	-12071	9652	692	-1084	325	327	-110	-417	79	352	-2706	-601	99
6984	10808	-11984	-11944	10502	715	-1163	343	342	-120	-439	86	191	-2751	-669	99
7002	10412	-12073	-11556	10871	730	-1213	375	353	-129	-455	91	110	-2757	-707	99
7026	8822	-12073	-10014	12073	737	-1297	457	365	-144	-478	98	-236	-2748	-880	99
7044	7901	-12073	-9088	12073	746	-1356	522	374	-157	-494	105	-422	-2726	-985	99
7062	7404	-12073	-8578	12073	737	-1415	588	381	-172	-508	113	-515	-2710	-1029	99
7080	7370	-12072	-8520	12072	717	-1467	629	387	-188	-521	125	-515	-2710	-1029	99
7104	6749	-12071	-7915	12071	683	-1538	623	395	-210	-533	145	-629	-2686	-1058	99
7128	5661	-12071	-6813	12071	647	-1627	646	402	-234	-547	164	-832	-2631	-1153	99
7146	5291	-12070	-6435	12070	613	-1689	662	404	-253	-555	181	-896	-2609	-1171	99
7167	5087	-12070	-6257	12070	560	-1754	626	408	-274	-561	202	-926	-2599	-1140	99
7191	4774	-12068	-5917	12068	496	-1849	552	411	-300	-567	228	-939	-2530	-1108	99
7215	5198	-12067	-6407	12067	428	-1961	426	415	-326	-570	257	-849	-2562	-984	99
7233	5439	-12067	-6687	12067	379	-2003	352	417	-343	-570	278	-799	-2578	-915	99
7257	5760	-12066	-7104	12066	322	-2064	262	418	-367	-570	304	-726	-2599	-765	99
7275	5745	-12065	-7094	12065	278	-2127	168	420	-385	-569	325	-726	-2599	-765	99
7293	6097	-12065	-7485	12065	233	-2153	96	421	-402	-567	344	-655	-2619	-688	99
7311	6684	-12064	-8150	11810	191	-2197	0	423	-418	-565	364	-528	-2647	-532	99
7329	7248	-12064	-8769	11152	149	-2257	-149	426	-434	-562	385	-402	-2669	-409	99
7347	8082	-11739	-9671	10203	115	-2286	-255	428	-448	-558	403	-213	-2691	-216	99
7365	8471	-11390	-10193	9584	93	-2309	-341	431	-461	-556	419	-109	-2697	0	99
7383	9589	-10357	-11256	8256	69	-2342	-415	434	-475	-554	434	155	-2695	133	99
7404	10254	-9592	-11966	7209	52	-2385	-544	439	-490	-551	451	339	-2678	321	99
7422	10677	-9040	-12060	6485	42	-2418	-633	444	-502	-550	464	462	-2659	437	99
7443	11296	-8192	-12060	5379	44	-2438	-697	449	-514	-550	476	651	-2619	626	99
7461	11682	-7582	-12059	4615	57	-2455	-728	455	-522	-553	483	779	-2584	742	99
7485	11946	-7088	-12058	3995	75	-2472	-779	464	-530	-558	490	879	-2552	842	99
7503	12058	-6670	-12058	3467	96	-2492	-799	471	-535	-564	494	963	-2521	941	99
7527	12058	-6435	-12058	3160	125	-2503	-743	480	-541	-575	493	1012	-2503	1030	99
7545	12058	-6428	-12058	3149	157	-2505	-707	489	-542	-585	491	1015	-2502	1054	99
7563	12057	-6385	-12057	3093	189	-2517	-669	498	-544	-595	487	1025	-2497	1087	99
7587	11748	-6343	-12057	3114	230	-2538	-621	511	-545	-609	482	988	-2447	1119	99
7605	11377	-6277	-12056	3095	267	-2548	-591	522	-545	-620	476	958	-2395	1157	99
7629	10732	-6620	-12055	3575	319	-2574	-553	537	-544	-635	469	846	-2373	1136	99
7647	10412	-6503	-12054	3512	355	-2567	-481	547	-543	-646	461	827	-2317	1166	99
7671	10020	-6352	-11855	3444	429	-2651	-495	565	-542	-665	454	807	-2260	1166	99
7689	9664	-6205	-11468	3374	482	-2709	-500	578	-541	-679	448	786	-2203	1166	99
7701	9075	-5912	-10819	3207	516	-2746	-500	586	-540	-687	444	746	-2090	1166	99
7719	8728	-5767	-10441	3138	563	-2797	-497	597	-539	-700	438	726	-2033	1166	99
7737	8387	-5623	-10067	3069	609	-2845	-491	608	-538	-711	432	706	-1976	1166	99
7749	7806	-5336	-9425	2909	637	-2875	-485	614	-537	-719	428	665	-1863	1166	99
7767	7477	-5187	-9062	-2964	677	-2917	-472	623	-535	-729	423	645	-1806	1166	99
7785	6045	-6529	-7871	4386	708	-2935	-432	629	-534	-737	416	322	-1829	1179	99
7809	4905	-6429	-6652	4570	714	-2916	-316	633	-533	-745	407	180	-1666	1137	99
7827	4437	-6485	-6136	4781	709	-2890	-205	634	-532	-750	400	107	-1612	1089	99
7851	3711	-6344	-5330	4847	702	-2872	-73	634	-533	-755	392	22	-1496	1054	99
7869	3728	-6346	-5334	4870	690	-2850	22	633	-534	-757	386	22	-1496	1054	99
7893	-2952	-6277	-4338	5088	668	-2843	145	630	-537	-760	380	-99	-1372	958	99
7911	-3094	-6023	-4127	4903	651	-2823	271	625	-539	-761	376	-96	-1312	958	99
7935	-4279	-5635	3045	4879	613	-2893	336	620	-546	-763	375	-230	-1111	845	99
7959	-4935	-5292	3868	4787	567	-2872	424	610	-548	-758	374	-299	-970	745	99
7977	-5117	-5042	4139	4628	521	-2842	555	598	-552	-754	372	-309	-902	727	99
8001	-5638	-4560	4897	4434	447	-2796	714	580	-558	-743	372	-358	-752	581	99
8019	-6031	-3976	5512	4085	381	-2764	797	565	-563	-732	374	-375	-607	457	99
8043	-6031	-3648	5618	3832	290	-2689	923	543	-568	-715	376	-363	-542	424	99
8067	-5986	-3303	5652	3524	184	-2639	967	522	-574	-694	382	-342	-484	409	99
8088	-5983	3158	5800	2933	99	-2577	1024	503	-578	-676	386	-292	-371	380	99
8106	-5875	3493	5740	-3214	29	-2529	973	489	-579	-656	393	-255	-323	380	99
8130	-5789	4509	5847	-4188	-82	-2495	929	468	-583	-631	402	-158	-169	362	99
8148	-5650	4808	5714	-4555	-152	-2430	918	450	-581	-611	406	-115	-125	421	99
8166	-5484	5425	5623	-5223	-212	-2369	856	435	-576	-590	409	-35	-36	459	99
8184	-5341	5756	5510	-5604	-271	-2311	827	418	-571	-571	410	11	11	494	99
8205	-5174	5940	5366	-5826	-323	-2229	806	400	-562	-548	408	44	40	505	99
8223	-5028	5907	5246	-5787	-366	-2153	794	384	-553	-529	405	47	36	462	99
8247	-4886	5833	5079	-5763	-420	-2061	819	361	-541	-505	399	50	33	489	99
8289	-4281	5558	4450	-5602	-483	-1883	781	325	-512	-464	388	85	-36	457	99
8307	-3861	5610	4048	-5727	-508	-1795	785	310	-498	-446	381	140	-59	451	99
8325	-3606	5614	3803	-5775	-532	-1723	791	295	-486	-430	373	169	-70	445	99
8346	-3159	5646	3406	-5845	-543	-1622	811	279	-470	-412	364	223	-97	397	99
8364	-2911	5641	3165	-5880	-558	-1539	842	264	-457	-396	355	252	-107	395	99
8382	3313	5679	-3017	-5958	-569	-1449	865	250	-443	-380	346	305	-134	356	99
8397	3494	5712	-3239	-6082	-571	-1385	866	240	-432	-368	339	337	-134	420	99
8421	4004	5672	-3646	-6010	-578	-1277	928	222	-416	-349	326	384	-179	290	99
8439	4230	5669	-3879	-6055	-581	-1196	955	211	-403	-335	316	413	-188	304	99
8451	4427	5689	-4080	-6119	-579	-1148	945	204	-395	-326	310	441	-197	311	99
8475	4676	5642	-4330	-6107	-574	-1053	940	192	-378	-308	299	468	-212	296	99
8493	5066	5663	-4702	-6179	-557	-984	949	183	-365	-296	289	521	-241	275	99
8511	5289	5625	-4920	-6166	-541	-917	947	176	-353	-285	280	546	-259	257	99
8529	5687	5605	-5295	-6184	-519	-848	958	168	-341	-274	270	595	-296	219	99
8544	5884	5594	-5495	-6209	-502	-795	958	163	-331	-265	262	622	-309	218	99
8565	6276	5551	-5872	-6206	-474	-730	959	156	-317	-255	251	669	-350	181	99
8583	6452	5566	-6071	-6281	-448	-669	939	151	-304	-245	242	700	-354	208	99
8601	6911	5573	-6374	-6184	-423	-615	938	146	-292	-236	232	744	-400	0	99
8619	7007	5539	-6629	-6346	-395	-565	921	143	-280	-228	223	777	-402	194	99
8634	7187	5517	-6819	-6363	-372	-530	868	141	-269	-221	217	802	-418	187	99
8649	7405	5396	-7022	-6241	-348	-491	878	138	-260	-216	209	817	-455	138	99
8667	7649	5410	-7157	-6169	-315	-445	899	134	-249	-210	198	841	-473	0	99
8682	7759	5379	-7391	-6293	-297	-415	883	132	-240	-205	191	871	-482	147	99
8700	7914	5415	-7567	-6386	-268	-376	844	131	-228	-198	182	903	-485	172	99
8715	8252	5429	-7908	-6462	-244	-349	812	130	-219	-193	175	953	-518	166	99
8733	8423	5419	-8083	-6481	-214	-320	810	128	-209	-189	166	980	-532	166	99
8751	8717	5564	-8384	-6710	-172	-287	835	127	-199	-186	155	1045	-538	213	99
8769	8890	5517	-8565	-6690	-145	-269	799	127	-189	-182	147	1067	-561	200	99
8787	9210	5576	-8889	-6818	-115	-241	784	127	-179	-178	139	1122	-584	212	99
8805	9375	5545	-9062	-6819	-87	-225	760	127	-170	-175	131	1146	-604	208	99
8829	9718	5511	-9407	-6836	-52	-202	741	128	-158	-172	120	1193	-645	192	99
8865	10052	5369	-9751	-6737	7	-182	704	131	-141	-170	104	1231	-700	160	99
8889	10348	5422	-10057	-6860	54	-163	680	134	-130	-170	93	1287	-723	175	99
8907	10512	5323	-10228	-6777	84	-159	663	138	-122	-170	86	1302	-757	153	99
8925	10665	5279	-10389	-6759	112	-148	647	141	-114	-171	78	1323	-779	146	99
8946	10927	5455	-10667	-7028	154	-147	588	148	-105	-172	71	1391	-784	191	99
8964	11259	5313	-11007	-6924	182	-150	565	153	-98	-175	64	1423	-847	155	99
8979	11393	5289	-11147	-6926	219	-152	557	159	-92	-179	57	1446	-868	153	99
9003	11748	5178	-11423	-6757	264	-152	505	170	-82	-184	48	1478	-932	0	99
9021	11879	4980	-11596	-6589	295	-156	509	178	-76	-190	40	1483	-980	0	99
9054	11960	4538	-11768	-6175	365	-161	516	195	-66	-203	24	1463	-1060	0	99
9069	11922	4425	-11756	-6058	393	-165	513	203	-62	-209	17	1454	-1073	0	99
9093	11822	3987	-11751	-5619	441	-189	486	219	-55	-220	7	1408	-1133	0	99
9111	11743	3831	-11710	-5453	487	-211	475	231	-50	-229	-1	1392	-1152	0	99
9129	11673	3809	-11654	-5419	531	-234	451	244	-45	-238	-9	1392	-1152	0	99
9153	11553	3579	-11595	-5182	593	-278	392	264	-39	-252	-18	1369	-1181	0	99
9171	11471	3564	-11528	-5154	639	-315	358	279	-34	-263	-26	1369	-1181	0	99
9195	11333	3271	-11454	-4847	704	-362	334	298	-29	-279	-36	1336	-1218	0	99
9213	11229	3036	-11398	-4600	751	-389	332	311	-25	-290	-44	1308	-1247	0	99
9237	11135	-2996	-11248	-4234	810	-446	289	329	-20	-306	-53	1272	-1283	-144	99
9261	11032	-3103	-11159	-4101	872	-477	324	345	-16	-322	-63	1261	-1294	-146	99
9279	10618	-3149	-10757	-3985	915	-527	302	358	-13	-335	-69	1213	-1258	-141	99
9303	10487	-3277	-10658	-3846	978	-587	278	375	-9	-351	-77	1197	-1272	-135	99
9321	10348	-3643	-10558	-3435	1011	-631	276	387	-8	-363	-82	1145	-1320	-172	99
9345	9888	-3845	-10110	-3128	1072	-677	296	402	-6	-380	-90	1074	-1302	-195	99
9363	9798	-3949	-10047	-3021	1099	-713	301	412	-5	-391	-94	1060	-1314	-183	99
9384	9622	-4334	-9907	3222	1133	-757	313	423	-5	-404	-98	1000	-1360	-225	99
9402	9158	-4584	-9454	3586	1153	-795	313	432	-5	-414	-101	914	-1346	-265	99
9423	8646	-4928	-8954	4066	1174	-835	353	441	-7	-426	-105	810	-1342	-315	99
9441	8197	-5073	-8490	4334	1196	-873	387	448	-8	-437	-108	736	-1315	-355	99
9459	7785	-5126	-8068	4480	1201	-913	426	454	-11	-447	-110	678	-1278	-365	99
9477	7363	-5196	-7633	4649	1216	-946	436	460	-13	-455	-111	616	-1242	-388	99
9501	6544	-5317	-6782	4970	1224	-997	459	468	-17	-467	-110	493	-1167	-440	99
9519	6132	-5334	-6353	5077	1226	-1036	466	472	-21	-474	-109	437	-1124	-455	99
9543	5392	-5260	-5588	5145	1228	-1082	457	479	-25	-483	-106	348	-1028	-458	99
9561	4768	-5020	-4912	5031	1225	-1126	441	484	-29	-490	-103	292	-920	-460	99
9579	4326	-4988	-4484	5052	1235	-1206	378	490	-34	-497	-98	242	-872	-438	99
9597	3931	-4941	-4061	5097	1238	-1237	372	494	-37	-502	-95	194	-821	-457	99
9618	3288	-4714	-3398	4964	1231	-1266	353	498	-41	-507	-92	137	-711	-422	99
9636	-3118	-4449	3039	4794	1217	-1284	332	500	-45	-509	-87	87	-597	-395	99
9660	-3445	-4307	3385	4706	1201	-1310	327	502	-50	-513	-83	58	-540	-382	99
9678	-3741	-4155	3720	4625	1189	-1321	320	503	-53	-514	-79	32	-482	-394	99
9702	-4298	-3817	4313	4370	1169	-1334	304	501	-58	-512	-74	-5	-361	-355	99
9720	-4761	-3396	4828	4019	1147	-1345	288	498	-62	-509	-70	-22	-239	-318	99
9732	-4962	-3162	5085	3845	1127	-1347	289	494	-64	-506	-67	-29	-178	-331	99
9756	-5246	3171	5461	3380	1090	-1326	320	486	-69	-498	-62	-16	-57	-312	99
9774	-5292	3496	5593	3111	1054	-1310	331	478	-73	-491	-59	0	1	-344	99
9792	-5264	3832	5653	-2983	1016	-1292	360	470	-76	-484	-55	28	52	-371	99
9810	-5181	3848	5575	-3009	968	-1262	381	460	-79	-474	-51	31	50	-371	99
9834	-5137	-3022	5323	3795	908	-1221	391	447	-81	-461	-46	-86	-108	-360	99
9852	-5275	-4103	5278	4874	861	-1192	363	437	-82	-450	-41	-231	-247	-390	99
9870	-5457	-5207	5236	5937	813	-1154	393	425	-83	-440	-37	-378	-382	-357	99
9891	-5994	-6276	5558	7033	762	-1112	371	413	-83	-426	-32	-570	-465	-335	99
9909	-5963	-6292	5500	7012	718	-1062	369	401	-83	-414	-28	-574	-461	-304	99
9933	-6120	-6270	5637	6987	659	-999	355	386	-82	-397	-23	-601	-423	-274	99
9951	-6327	-6198	5866	6963	617	-952	358	374	-82	-384	-19	-631	-375	-281	99
9969	-6244	-6202	5772	6939	560	-914	366	362	-84	-371	-15	-630	-377	-266	99
9984	-6346	-6137	5902	6915	523	-873	369	352	-84	-360	-12	-646	-346	-286	99
10008	-6443	-6051	6035	6873	467	-824	396	335	-86	-344	-7	-665	-308	-304	99
10026	-6415	-6022	6020	6850	422	-785	409	322	-87	-331	-4	-669	-298	-312	99
10044	-6334	-6017	5940	6832	367	-743	416	309	-88	-317	0	-669	-298	-312	99
10068	-6303	-5566	6026	6432	306	-694	430	292	-90	-300	4	-635	-222	-350	99
10086	-3880	3830	4256	-3262	264	-660	443	279	-91	-288	8	56	19	-345	99
10104	-3723	3973	4111	-3444	221	-624	437	268	-91	-275	12	84	30	-329	99
10122	-3560	4117	3970	-3619	181	-590	432	256	-92	-263	16	113	39	-323	99
10146	-3293	4408	3746	-3961	131	-545	424	241	-92	-248	21	169	60	-311	99
10164	-3004	4702	3542	-4261	101	-510	450	230	-92	-237	23	227	76	-344	99
10182	2957	4844	3409	-4425	69	-477	453	219	-92	-226	25	255	85	-347	99
10200	3223	5131	3203	-4742	36	-445	460	209	-91	-216	27	313	103	-354	99
10218	3388	5263	3074	-4888	20	-413	464	199	-90	-207	28	342	110	-367	99
10239	3600	5388	2922	-5003	3	-367	502	189	-88	-197	28	373	112	-407	99
10251	3717	5522	-2977	-5163	-5	-342	519	183	-87	-191	28	401	123	-393	99
10269	3865	5649	-3099	-5309	-14	-314	507	176	-85	-183	28	430	131	-399	99
10287	4064	5928	-3267	-5638	-21	-285	498	169	-82	-175	29	485	155	-374	99
10305	4157	6062	-3358	-5812	-29	-261	464	163	-79	-167	29	512	170	-351	99
10320	4261	6197	-3448	-5974	-32	-244	444	159	-77	-161	30	539	182	-341	99
10338	4506	6474	-3635	-6279	-35	-223	432	153	-74	-155	30	598	199	-352	99
10356	4624	6605	-3732	-6430	-37	-201	427	148	-71	-149	29	626	210	-349	99
10374	4785	6891	-3862	-6762	-37	-179	408	144	-67	-143	28	680	239	-323	99
10392	4959	6998	-3998	-6876	-27	-159	393	140	-63	-138	26	711	238	-350	99
10410	5208	7265	-4182	-7161	-23	-142	404	136	-60	-133	24	770	252	-367	99
10428	5333	7387	-4281	-7298	-17	-124	401	132	-57	-129	22	799	260	-371	99
10446	5452	7501	-4375	-7425	3	-104	397	130	-52	-125	19	828	268	-377	99
10464	5582	7625	-4478	-7564	2	-90	392	126	-49	-122	17	858	274	-382	99
10482	5688	7753	-4563	-7711	6	-80	382	124	-45	-118	15	886	284	-379	99
10500	5870	8032	-4700	-8021	17	-70	366	122	-41	-115	12	941	307	-372	99
10518	6006	8146	-4805	-8144	32	-61	353	120	-37	-112	10	972	311	-387	99
10536	6180	8434	-4935	-8463	39	-49	343	119	-33	-110	7	1028	336	-377	99
10554	6295	8551	-5025	-8593	54	-35	335	117	-28	-107	3	1057	344	-383	99
10572	6496	8823	-5173	-8889	64	-22	329	116	-24	-105	0	1114	363	-386	99
10587	6688	8911	-5326	-8980	82	-9	329	116	-20	-104	-3	1148	355	-417	99
10605	6772	9038	-5388	-9119	99	2	337	115	-15	-103	-7	1175	368	-413	99
10623	6996	9292	-5558	-9395	116	19	333	115	-10	-101	-11	1234	382	-424	99
10641	6992	9272	-5561	-9376	126	24	317	116	-6	-100	-15	1234	382	-424	99
10659	7345	9474	-5838	-9585	144	36	322	116	-1	-100	-20	1300	370	-477	99
10677	7516	9555	-5975	-9667	167	59	339	117	4	-99	-27	1332	365	-501	99
10698	7930	9721	-6312	-9842	182	68	361	118	9	-100	-33	1402	340	-563	99
10716	8164	9763	-6508	-9884	204	88	377	120	14	-100	-40	1437	320	-604	99
10734	8501	9939	-6783	-10075	235	99	375	122	20	-101	-46	1501	306	-648	99
10752	8515	10094	-6784	-10242	258	114	369	124	27	-100	-53	1527	332	-629	99
10770	8724	10335	-6949	-10507	286	128	351	127	34	-100	-59	1585	346	-637	99
10794	8867	10602	-7052	-10797	316	151	331	130	44	-100	-68	1640	374	-631	99
10812	9081	10636	-7238	-10841	347	159	317	133	51	-101	-75	1675	355	-665	99
10830	9176	10738	-7309	-10946	379	172	323	136	59	-102	-84	1704	362	-672	99
10851	9247	10836	-7365	-11052	421	189	309	141	69	-104	-93	1733	373	-674	99
10869	9448	10881	-7535	-11103	450	205	319	144	77	-105	-102	1768	358	-703	99
10881	9674	11129	-7704	-11364	469	215	327	146	82	-106	-109	1826	370	-720	99
10905	9795	11407	-7772	-11645	511	224	344	151	93	-109	-122	1881	401	-719	99
10923	9886	11497	-7850	-11745	542	241	342	156	102	-111	-132	1911	407	-719	99
10941	10013	11575	-7944	-11815	578	256	345	161	111	-113	-143	1941	407	-747	99
10965	10305	11710	-8190	-11962	644	285	363	168	126	-117	-160	2005	397	-779	99
10983	10685	11825	-8508	-12082	685	311	383	174	137	-120	-174	2071	371	-836	99
11004	10707	12053	-8488	-12053	732	326	369	181	150	-122	-189	2122	423	-821	99
11022	10685	12053	-8453	-12053	771	341	337	189	163	-124	-202	2146	453	-816	99
11040	10704	12054	-8459	-12054	835	363	319	198	177	-127	-219	2173	472	-820	99
11058	10453	12055	-8204	-12055	875	385	301	206	192	-128	-235	2185	552	-770	99
11082	10262	12055	-7989	-12055	949	417	231	219	214	-130	-258	2223	643	-736	99
11100	9835	12056	-7576	-12056	990	440	153	229	231	-130	-274	2220	753	-667	99
11124	9439	12056	-7162	-12056	1057	479	86	242	254	-131	-297	2237	879	-612	99
11142	9151	12056	-6879	-12056	1109	522	40	252	272	-131	-315	2239	956	-578	99
11166	8359	12056	-6038	-12056	1180	572	-5	265	295	-132	-339	2234	1175	-491	99
11184	8147	12055	-5826	-12055	1224	621	-50	273	314	-131	-358	2236	1234	-476	99
11202	7690	12055	-5384	-12055	1270	666	-98	281	333	-129	-376	2214	1333	-427	99
11220	6515	12054	-4225	-12054	1304	702	-163	288	351	-127	-392	2132	1565	-303	99
11241	5817	12054	-3638	-12054	1324	731	-223	295	370	-125	-410	2019	1613	-256	99
11259	5463	12054	-3301	-12054	1382	818	-260	301	391	-121	-428	1997	1688	-231	99
11283	4642	12053	3267	-12053	1428	898	-281	306	415	-116	-451	1897	1799	-187	99
11301	3677	12053	4063	-12053	1455	959	-286	308	433	-113	-468	1780	1915	0	99
11325	2984	12053	4729	-12053	1491	1033	-303	310	455	-108	-488	1684	2000	0	99
11343	3007	12052	4808	-12052	1511	1092	-292	310	472	-103	-504	1677	2006	-140	99
11367	-3182	12052	5195	-12052	1524	1166	-275	308	492	-96	-524	1616	2056	-162	99
11385	-3967	12051	5932	-12051	1551	1233	-274	306	509	-90	-539	1500	2143	-141	99
11406	-3986	12051	5976	-12051	1563	1297	-241	302	526	-84	-556	1489	2150	-182	99
11424	-4332	12051	6299	-12051	1573	1354	-232	298	541	-77	-569	1432	2188	-179	99
11448	-4239	12050	6292	-12050	1592	1420	-190	291	560	-69	-588	1433	2188	-285	99
11466	-4131	12049	6231	-12049	1593	1482	-123	284	574	-63	-603	1438	2184	-337	99
11484	-3997	12049	6094	-12049	1616	1559	-33	276	589	-57	-619	1413	2129	-399	99
11502	-4077	12048	6253	-12048	1639	1617	27	269	603	-52	-634	1389	2144	-494	99
11520	-3539	12047	5887	-12047	1643	1658	84	262	616	-46	-647	1452	2102	-677	99
11538	-3324	12047	5750	-12047	1652	1698	160	254	628	-42	-661	1474	2087	-753	99
11556	3387	12046	5061	-12046	1661	1746	245	245	640	-38	-675	1586	2003	-989	99
11574	3875	12046	4691	-12046	1667	1777	338	237	651	-35	-689	1642	1957	-1106	99
11598	4532	12046	4213	-12046	1678	1812	445	227	666	-31	-707	1717	1893	-1293	99
11616	4664	12046	4154	-12046	1684	1824	481	222	676	-28	-718	1727	1883	-1370	99
11634	5293	12047	3644	-12047	1698	1846	529	217	686	-25	-729	1800	1814	-1508	99
11652	5016	12046	3952	-12046	1711	1862	581	212	696	-23	-741	1760	1853	-1531	99
11670	5283	12046	3772	-12079	1730	1875	606	208	706	-21	-751	1788	1825	-1632	99
11691	5292	12047	3768	-12027	1750	1887	639	205	716	-20	-763	1788	1825	-1632	99
11709	5297	12047	3766	-11990	1767	1895	651	203	725	-19	-771	1788	1825	-1632	99
11727	5300	12046	3765	-11956	1782	1901	656	201	734	-18	-778	1788	1825	-1632	99
11745	5300	12046	3765	-11925	1797	1906	657	200	742	-18	-785	1788	1825	-1632	99
11769	5299	12046	3765	-11880	1816	1911	656	199	752	-17	-794	1788	1825	-1632	99
11787	4834	12046	4571	-11549	1822	1918	636	198	760	-15	-799	1702	1905	-2039	99
11808	3733	12045	5509	-10626	1832	1924	531	200	771	-10	-803	1480	1933	-2025	99
11826	3727	12045	5491	-10613	1836	1930	424	201	780	-6	-806	1480	1933	-2025	99
11844	3053	12044	6028	-9745	1832	1947	348	201	789	-1	-809	1310	1908	-2042	99
11862	-2953	11791	6177	-9322	1834	1962	282	201	798	3	-813	1241	1882	-2072	99
11886	-4041	10812	7032	-8261	1834	1987	144	201	811	12	-815	1004	1884	-2020	99
11904	-4919	9814	7682	-7206	1821	2010	49	199	820	19	-816	788	1854	-1976	99
11928	-6232	8462	8621	-5832	1798	2041	-102	196	831	31	-815	487	1830	-1834	99
11946	-6628	7834	8848	-5229	1772	2074	-239	193	840	42	-813	372	1796	-1791	99
11964	-7521	6444	9376	-3873	1734	2094	-324	187	846	53	-811	116	1709	-1660	99
11982	-7762	5798	9439	-3286	1693	2132	-472	182	854	67	-807	17	1653	-1615	99
12006	-8164	4493	9509	3719	1628	2192	-583	171	861	86	-801	-172	1523	-1519	99
12024	-8102	4492	9430	3682	1567	2216	-688	161	863	100	-794	-172	1523	-1519	99
12042	-8396	3178	9364	4848	1499	2228	-821	152	866	115	-785	-346	1369	-1394	99
12060	-8535	-3411	9267	5508	1426	2244	-942	141	866	131	-773	-449	1275	-1297	99
12081	-8459	-4655	8833	6519	1327	2294	-1098	127	867	152	-757	-572	1090	-1166	99
12102	-8264	-5991	8219	7547	1219	2315	-1229	110	862	173	-738	-687	871	-973	99
12120	-8045	-6610	7773	7959	1106	2317	-1375	95	855	193	-718	-731	753	-861	99
12138	-7722	-7037	7283	8200	986	2318	-1498	78	845	213	-696	-746	650	-778	99
12156	-6981	-7878	6229	8686	833	2396	-1630	60	836	239	-672	-746	440	-621	99
12177	-6131	-8342	5154	8814	674	2416	-1731	38	820	263	-645	-696	265	-477	99
12195	-5638	-8515	4512	8754	538	2372	-1845	21	802	282	-619	-662	170	-355	99
12219	-5105	-8314	4029	8484	358	2329	-1850	-5	771	303	-586	-611	123	-380	99
12243	-4202	-8134	3096	8075	194	2262	-1875	-32	739	323	-551	-501	22	-309	99
12261	-3688	-8064	-3323	7777	71	2200	-1950	-49	716	338	-523	-438	-43	-176	99
12279	2926	-7568	-4049	7151	-59	2145	-1942	-69	690	351	-496	-307	-83	-175	99
12300	3636	-6932	-4663	6379	-190	2081	-1915	-91	660	362	-466	-172	-91	-137	99
12324	3983	-6438	-4903	5847	-338	1994	-1860	-113	624	370	-432	-108	-79	-133	99
12342	4210	-5692	-5081	4974	-436	1921	-1832	-128	598	374	-406	-9	-9	0	99
12360	4422	-5120	-4975	4624	-521	1873	-1684	-143	570	373	-385	32	34	-232	99
12384	5050	-8261	-6148	7550	-615	1792	-1538	-158	535	370	-356	-247	-544	-254	99
12405	5641	-8976	-6833	8160	-690	1718	-1466	-168	506	367	-331	-268	-747	-286	99
12423	6068	-8640	-7190	7759	-743	1659	-1396	-175	483	362	-311	-191	-767	-276	99
12441	6398	-8307	-7426	7406	-793	1590	-1354	-179	459	357	-290	-128	-778	-304	99
12465	6988	-7684	-7905	6682	-850	1493	-1312	-183	429	348	-263	0	-784	-283	99
12483	7056	-7488	-7882	6533	-872	1412	-1249	-185	407	339	-245	15	-783	-331	99
12507	8296	-7445	-9128	6238	-898	1305	-1289	-183	381	330	-218	174	-962	-326	99
12525	8461	-7118	-9240	5876	-924	1237	-1237	-184	360	321	-201	223	-952	-300	99
12546	8431	-7005	-9097	5867	-934	1151	-1214	-183	338	311	-181	213	-953	-405	99
12564	8472	-6822	-9050	5734	-941	1081	-1150	-182	319	300	-166	226	-950	-453	99
12582	8249	-6973	-8742	6037	-935	1010	-1100	-181	301	289	-151	163	-963	-579	99
12600	8208	-6889	-8618	6028	-912	939	-1026	-178	283	276	-138	157	-964	-640	99
12624	8047	-6891	-8372	6137	-903	839	-956	-175	260	260	-119	122	-969	-720	99
12642	8059	-6748	-8328	6017	-886	766	-907	-172	243	247	-107	134	-967	-738	99
12654	7859	-6868	-8097	6221	-859	720	-892	-169	234	239	-99	90	-972	-797	99
12678	7819	-6751	-8016	6123	-829	628	-846	-162	216	222	-85	96	-972	-802	99
12696	7799	-6646	-7992	6001	-806	557	-885	-154	205	212	-74	108	-970	-786	99
12714	7717	-6603	-7904	5967	-777	485	-893	-147	193	201	-65	104	-970	-782	99
12726	7684	-6564	-7862	5935	-756	445	-886	-142	186	193	-60	106	-970	-781	99
12744	7712	-6424	-7899	5753	-731	387	-896	-134	176	183	-52	131	-968	-738	99
12756	7625	-6437	-7797	5801	-704	346	-878	-130	169	174	-48	118	-969	-754	99
12774	7610	-6351	-7790	5692	-671	288	-862	-122	159	163	-42	132	-968	-719	99
12798	7592	-6225	-7778	5542	-632	221	-862	-112	148	150	-35	151	-964	-682	99
12816	7607	-6103	-7785	5406	-599	169	-833	-104	139	138	-31	171	-961	-657	99
12834	7557	-6055	-7741	5354	-574	118	-831	-97	130	128	-26	174	-961	-639	99
12852	7463	-6081	-7633	5422	-543	86	-793	-90	123	118	-23	160	-963	-658	99
12876	7466	-5939	-7674	5214	-502	19	-788	-79	113	105	-18	189	-959	-575	99
12894	7352	-5994	-7560	5303	-474	-6	-781	-72	107	97	-15	170	-962	-590	99
12924	7034	-5748	-7199	5129	-427	-78	-739	-60	95	80	-10	161	-903	-578	99
12948	6938	-5755	-7119	5142	-390	-118	-714	-51	87	69	-8	154	-904	-557	99
13002	6493	-5590	-6657	5060	-323	-204	-630	-32	69	44	-2	124	-848	-525	99
13020	6428	-5596	-6579	5098	-297	-224	-587	-27	63	36	-1	116	-848	-537	99
13038	6449	-5506	-6603	4988	-281	-253	-567	-21	57	28	0	133	-846	-509	99
13062	6082	-5798	-6280	5351	-247	-288	-556	-13	51	18	3	57	-854	-521	99
13080	5981	-5851	-6180	5434	-223	-299	-507	-8	46	11	4	40	-855	-525	99
13098	5624	-5719	-5826	5343	-203	-316	-483	-3	41	4	5	13	-795	-483	99
13116	5444	-5818	-5657	5483	-183	-344	-488	2	37	-1	7	-18	-795	-495	99
13134	5027	-5721	-5253	5433	-159	-358	-462	8	33	-7	7	-55	-732	-448	99
13158	4658	-5565	-4842	5371	-137	-377	-445	14	28	-15	9	-86	-668	-462	99
13182	-3090	-6076	-3021	6170	-117	-395	-446	21	24	-21	11	-388	-501	-400	99
13200	-3129	-6233	-3007	6337	-102	-396	-419	25	21	-26	11	-408	-523	-404	99
13224	-3193	-6557	-3026	6637	-82	-410	-426	30	18	-31	13	-446	-570	-381	99
13242	-3203	-6706	-3035	6795	-80	-409	-359	32	13	-36	13	-464	-594	-381	99
13266	-3247	-7028	-3060	7105	-68	-411	-312	35	9	-41	14	-501	-641	-362	99
13284	-3284	-7352	-3098	7408	-62	-415	-280	36	5	-44	14	-538	-688	-339	99
13302	-3333	-7500	-3072	7567	-53	-432	-280	39	2	-47	16	-560	-709	-347	99
13317	-3415	-7653	-3001	7752	-52	-433	-242	39	0	-50	17	-590	-723	-362	99
13332	-3556	-7795	2957	7968	-50	-434	-189	39	-4	-52	17	-629	-729	-408	99
13356	-3702	-8103	3086	8340	-56	-424	-113	38	-9	-55	17	-688	-759	-446	99
13374	-3881	-8402	3248	8708	-63	-421	-59	37	-14	-57	18	-750	-783	-486	99
13392	-4139	-8513	3560	8952	-70	-412	0	35	-18	-58	19	-808	-768	-569	99
13431	-4249	-8799	3645	9288	-84	-398	127	31	-28	-59	21	-861	-799	-583	99
13452	-4535	-9059	3947	9667	-100	-389	186	27	-34	-59	24	-938	-802	-652	99
13470	-4699	-9170	4133	9855	-113	-381	245	24	-39	-59	25	-980	-799	-694	99
13494	-4979	-9610	4359	10361	-130	-372	268	21	-44	-57	30	-1071	-830	-726	99
13512	-4992	-9755	4341	10499	-151	-375	298	18	-49	-56	33	-1092	-852	-715	99
13530	-4866	-10119	4090	10761	-169	-375	282	16	-53	-54	38	-1111	-924	-650	99
13548	-4994	-10242	4210	10920	-188	-372	263	14	-56	-51	43	-1148	-927	-674	99
13572	-4933	-10576	4042	11179	-215	-373	253	10	-63	-47	51	-1176	-987	-623	99
13590	-4913	-10725	3974	11295	-238	-381	228	8	-68	-44	57	-1192	-1014	-605	99
13608	-4930	-10864	3950	11415	-266	-388	195	5	-73	-40	65	-1213	-1036	-595	99
13626	-4691	-11053	3603	11469	-289	-399	131	4	-78	-36	74	-1199	-1098	-522	99
13650	-4297	-11401	3026	11599	-331	-416	9	3	-86	-29	89	-1179	-1206	-409	99
13668	-3696	-11725	-3570	11647	-363	-428	-45	1	-94	-25	100	-1125	-1336	-258	99
13686	-3621	-11848	-3711	11705	-391	-451	-154	1	-102	-20	113	-1131	-1370	-235	99
13704	-3049	-11986	-4506	11507	-416	-464	-197	0	-111	-17	125	-1052	-1468	0	99
13731	3570	-11754	-5322	11097	-463	-504	-348	0	-125	-12	146	-928	-1550	0	99
13752	3815	-11631	-5565	10915	-500	-534	-429	0	-137	-9	162	-890	-1572	0	99
13770	4128	-11543	-6023	10588	-524	-568	-461	-1	-149	-8	175	-826	-1607	196	99
13791	4674	-11310	-6639	10144	-573	-622	-543	-1	-164	-6	192	-726	-1654	311	99
13809	4663	-11242	-6638	10061	-607	-668	-645	0	-175	-4	207	-726	-1654	311	99
13830	5188	-10629	-7175	9241	-665	-744	-731	0	-192	-4	225	-588	-1645	446	99
13848	5253	-10528	-7234	9125	-694	-785	-729	0	-205	-5	236	-575	-1649	457	99
13869	5778	-10229	-7805	8634	-723	-828	-757	0	-220	-6	249	-470	-1682	571	99
13887	5861	-10119	-7883	8503	-748	-867	-759	0	-232	-8	260	-452	-1687	585	99
13911	6068	-9926	-8092	8244	-775	-917	-745	0	-249	-11	273	-407	-1698	630	99
13929	6051	-9863	-8058	8198	-791	-956	-742	0	-260	-14	282	-409	-1697	621	99
13947	6153	-9747	-8145	8065	-806	-989	-712	0	-272	-18	290	-387	-1703	632	99
13971	6307	-9584	-8285	7867	-828	-1033	-669	1	-287	-24	301	-353	-1710	658	99
14007	6417	-9408	-8360	7686	-855	-1088	-564	1	-309	-33	313	-328	-1715	675	99
14028	6410	-9346	-8327	7647	-861	-1122	-559	3	-319	-38	322	-327	-1715	655	99
14046	6388	-9302	-8275	7636	-870	-1146	-502	4	-329	-43	327	-331	-1714	639	99
14064	6651	-9099	-8544	7345	-878	-1173	-497	6	-337	-47	333	-272	-1725	693	99
14082	6475	-9153	-8336	7477	-882	-1195	-478	8	-345	-52	339	-308	-1718	645	99
14106	6566	-9034	-8397	7357	-891	-1222	-417	9	-356	-59	345	-287	-1721	646	99
14124	6438	-9064	-8216	7480	-899	-1241	-377	10	-364	-63	350	-317	-1716	578	99
14145	6242	-8770	-7924	7281	-907	-1259	-302	11	-373	-69	354	-319	-1654	545	99
14175	6159	-8392	-7761	6946	-909	-1298	-228	13	-385	-78	359	-292	-1598	551	99
14193	5860	-8172	-7352	6870	-916	-1306	-133	12	-393	-84	361	-319	-1531	487	99
14211	5801	-8169	-7248	6931	-924	-1315	-42	12	-401	-89	363	-333	-1528	450	99
14241	5536	-7212	-6770	6105	-932	-1331	16	13	-410	-95	368	-273	-1356	421	99
14259	5570	-7162	-6779	6070	-934	-1338	65	13	-416	-98	370	-266	-1357	411	99
14277	5550	-6801	-6672	5753	-937	-1333	110	14	-420	-101	372	-234	-1302	394	99
14295	5410	-6506	-6455	5523	-936	-1342	129	14	-425	-103	375	-225	-1243	370	99
14319	5429	-6112	-6385	5163	-938	-1336	167	15	-429	-106	377	-184	-1188	356	99
14355	5209	-5504	-5986	4700	-929	-1326	207	16	-435	-108	381	-157	-1070	280	99
14379	5095	-4836	-5748	4082	-920	-1320	222	17	-438	-110	383	-101	-955	283	99
14403	4994	-4525	-5558	3840	-924	-1309	247	17	-441	-110	384	-86	-896	248	99
14421	4998	-4139	-5511	3447	-931	-1308	235	17	-442	-110	386	-43	-838	271	99
14445	5507	-4235	-6014	3480	-923	-1293	249	18	-443	-110	387	9	-918	232	99
14463	5452	-3872	-5887	3148	-914	-1289	262	18	-444	-112	387	41	-856	230	99
14505	5152	3427	-5308	-4033	-898	-1276	242	22	-443	-113	388	163	-590	229	99
14526	4957	3679	-5074	-4246	-889	-1264	259	23	-443	-114	387	167	-526	243	99
14544	4803	4037	-4907	-4620	-876	-1257	215	26	-440	-113	386	194	-450	301	99
14568	4136	4751	-3990	-5042	-864	-1233	311	26	-440	-115	379	170	-254	177	99
14586	4130	4723	-3995	-5014	-847	-1211	303	28	-435	-115	375	170	-254	177	99
14604	3616	5011	-3279	-5017	-830	-1184	364	29	-432	-116	369	117	-141	0	99
14622	4698	4957	-4380	-5161	-810	-1152	395	30	-428	-116	362	258	-283	0	99
14640	5780	4853	-5486	-5253	-788	-1111	446	30	-422	-116	354	393	-431	0	99
14664	6574	5238	-6207	-5754	-774	-1100	503	30	-416	-117	344	542	-471	0	99
14682	6590	5408	-6196	-5921	-748	-1058	491	32	-407	-114	336	567	-438	0	99
14706	6573	5816	-6107	-6310	-709	-1003	478	34	-394	-111	326	617	-362	0	99
14724	6545	5953	-6056	-6436	-675	-961	475	36	-384	-110	317	634	-329	0	99
14742	6540	5930	-6053	-6408	-643	-917	495	36	-375	-108	307	637	-322	0	99
14766	6476	6129	-5956	-6591	-591	-858	476	39	-360	-106	295	660	-271	0	99
14784	6466	6056	-5969	-6531	-548	-815	427	42	-347	-103	287	660	-271	0	99
14802	6471	5952	-5998	-6438	-508	-771	406	45	-335	-101	278	658	-277	0	99
14823	6444	5968	-5969	-6450	-462	-724	401	47	-323	-100	267	665	-261	0	99
14841	6443	5908	-5977	-6388	-427	-684	420	48	-313	-99	257	665	-261	0	99
14856	6412	5959	-5930	-6427	-397	-656	444	49	-305	-99	248	672	-242	0	99
14874	6416	5844	-5957	-6319	-354	-621	436	51	-293	-98	238	668	-251	0	99
14898	6424	5707	-5989	-6190	-304	-566	441	54	-278	-97	225	665	-260	0	99
14916	6425	5620	-6003	-6105	-268	-532	455	55	-267	-97	214	663	-265	0	99
14934	6430	5480	-6045	-5985	-230	-491	400	59	-254	-95	206	658	-277	0	99
14976	6424	5288	-6075	-5805	-149	-418	383	64	-229	-94	184	654	-286	0	99
15000	6438	5054	-6136	-5591	-110	-376	360	67	-214	-93	172	641	-313	0	99
15018	6198	3178	-6243	-3751	-85	-350	372	69	-205	-93	163	416	-560	0	99
15042	6326	3025	-6397	-3625	-40	-309	392	72	-192	-94	150	426	-590	0	99
15066	6784	-2902	-6889	-3596	-7	-281	359	77	-179	-94	139	482	-660	0	99
15084	6899	-3091	-7036	-3432	16	-248	386	78	-171	-95	130	483	-696	0	99
15102	7014	-3263	-7177	-3282	43	-221	423	80	-163	-97	121	485	-731	0	99
15126	7344	-3298	-7519	-3315	76	-195	403	84	-151	-98	111	534	-772	0	99
15144	7630	-3560	-7725	-2967	88	-179	447	85	-145	-101	103	531	-845	-159	99
15168	7907	-3748	-8013	2984	119	-152	486	87	-136	-104	93	552	-903	-179	99
15192	8010	-3924	-8121	3161	134	-146	473	90	-127	-106	85	549	-939	-214	99
15210	8114	-4114	-8216	3369	152	-130	522	91	-122	-110	78	542	-978	-256	99
15228	8355	-4347	-8467	3579	162	-127	531	93	-117	-113	73	549	-1043	-293	99
15246	8461	-4508	-8566	3748	179	-116	581	94	-112	-117	67	546	-1078	-323	99
15264	8773	-4573	-8899	3731	189	-114	607	95	-108	-122	63	586	-1126	-299	99
15288	9027	-4757	-9164	3868	200	-114	618	98	-102	-128	58	603	-1185	-314	99
15306	9238	-4636	-9392	3652	207	-118	605	100	-97	-132	56	653	-1192	-256	99
15330	9518	-4752	-9694	3695	206	-124	574	103	-92	-136	54	681	-1245	-252	99
15348	9690	-4716	-9878	3597	211	-132	561	105	-88	-139	52	713	-1262	-225	99
15366	9963	-4842	-10172	3662	223	-140	557	107	-85	-142	50	739	-1316	-225	99
15390	10070	-4980	-10289	3783	227	-149	538	109	-82	-145	48	739	-1351	-243	99
15408	10213	-5013	-10443	3776	231	-157	531	111	-80	-148	47	757	-1376	-235	99
15432	10446	-5200	-10703	3913	249	-175	506	115	-77	-152	46	771	-1436	-246	99
15450	10651	-5460	-10936	4142	260	-188	489	118	-75	-156	45	771	-1504	-275	99
15468	10775	-5514	-11071	4163	266	-206	470	121	-74	-159	45	784	-1531	-275	99
15522	10981	-6573	-11365	5242	348	-292	445	135	-73	-178	44	699	-1735	-410	99
15576	10888	-7396	-11326	6134	409	-383	429	152	-74	-201	46	601	-1867	-525	99
15612	11139	-7689	-11645	6338	444	-447	388	166	-75	-218	47	614	-1958	-512	99
15636	11341	-7821	-11889	6399	471	-491	373	177	-76	-230	47	636	-2014	-490	99
15654	11036	-8415	-11615	7108	495	-538	373	186	-78	-242	47	529	-2076	-586	99
15678	11038	-8791	-11668	7482	529	-585	381	199	-80	-257	47	495	-2145	-605	99
15696	11200	-8714	-11854	7327	553	-644	320	210	-81	-269	49	536	-2167	-566	99
15720	11369	-9113	-12038	7660	574	-700	295	224	-84	-285	51	524	-2263	-560	99
15738	11363	-9274	-12038	7811	602	-739	284	234	-86	-297	51	513	-2296	-563	99
15762	11002	-10015	-11832	8655	638	-824	272	249	-91	-316	53	387	-2381	-645	99
15780	10950	-9989	-11761	8649	657	-862	336	257	-95	-331	53	387	-2381	-645	99
15804	10655	-10850	-11580	9581	679	-918	319	272	-101	-346	55	257	-2489	-709	99
15822	10447	-11181	-11401	9977	699	-966	362	280	-107	-358	55	195	-2526	-743	99
15840	10512	-11251	-11497	10014	708	-1005	359	290	-112	-369	58	201	-2556	-725	99
15861	10642	-11440	-11702	10127	719	-1064	299	302	-118	-379	64	207	-2616	-691	99
15885	10530	-11852	-11653	10559	736	-1114	292	314	-127	-393	69	150	-2679	-715	99
15903	10410	-12036	-11566	10806	743	-1160	297	322	-135	-403	75	111	-2711	-726	99
15930	9684	-12037	-10887	11674	744	-1241	351	333	-152	-421	84	-65	-2743	-811	99
15951	9002	-12037	-10225	12037	735	-1292	398	340	-166	-434	92	-208	-2736	-873	99
15975	8271	-12038	-9481	12038	721	-1357	483	348	-185	-450	103	-357	-2721	-956	99
15993	8328	-12037	-9539	12037	702	-1401	483	354	-199	-459	115	-337	-2724	-925	99
16011	7622	-12037	-8851	12037	678	-1464	498	359	-216	-469	129	-476	-2703	-973	99
16035	7287	-12036	-8533	12036	634	-1539	471	365	-238	-480	150	-534	-2692	-970	99
16053	7345	-12036	-8599	12036	597	-1589	463	369	-256	-487	167	-516	-2695	-933	99
16074	6972	-12035	-8249	12035	557	-1657	435	373	-276	-494	187	-584	-2682	-933	99
16098	7095	-12035	-8407	12035	501	-1727	371	377	-300	-500	212	-550	-2689	-861	99
16122	7211	-12035	-8567	12035	451	-1786	299	382	-323	-504	237	-517	-2695	-785	99
16155	8459	-12034	-9901	11236	369	-1886	95	389	-352	-506	275	-233	-2735	-509	99
16173	8447	-12033	-9896	11138	327	-1926	6	392	-368	-506	294	-233	-2735	-509	99
16197	9200	-11643	-10697	10132	285	-1995	-126	398	-389	-508	319	-49	-2744	-327	99
16215	10363	-10505	-11936	8507	253	-2040	-234	403	-404	-508	338	252	-2733	0	99
16233	10522	-10247	-12030	8212	227	-2084	-328	407	-418	-509	354	295	-2729	0	99
16257	11016	-9596	-12029	7362	216	-2134	-377	413	-437	-513	372	439	-2710	140	99
16275	11388	-9062	-12028	6598	204	-2165	-438	419	-448	-516	384	561	-2687	329	99
16296	11680	-8601	-12028	6093	193	-2200	-484	426	-460	-522	396	647	-2668	329	99
16314	11741	-7336	-12027	4604	239	-2675	-1081	455	-476	-539	423	824	-2555	514	99
16338	11619	-7330	-12026	4556	255	-2759	-1116	465	-487	-551	431	817	-2557	580	99
16362	11615	-7250	-12025	4467	277	-2767	-1018	471	-495	-564	433	830	-2552	614	99
16383	11404	-7515	-12025	4795	289	-2759	-932	477	-501	-574	434	773	-2570	591	99
16401	11476	-7363	-12024	4665	305	-2765	-881	484	-505	-583	434	800	-2563	570	99
16425	10603	-7952	-12023	5389	332	-2778	-767	493	-511	-599	431	629	-2548	597	99
16443	10432	-8126	-12022	5607	343	-2780	-694	500	-515	-610	430	590	-2557	591	99
16461	10203	-8382	-11934	5900	348	-2767	-626	507	-517	-619	428	536	-2569	597	99
16479	9830	-8311	-11536	5912	358	-2771	-545	513	-520	-630	425	497	-2516	604	99
16500	9255	-8912	-11010	6664	367	-2783	-446	519	-524	-642	422	354	-2539	550	99
16518	8731	-9430	-10500	7349	373	-2778	-318	522	-528	-652	418	223	-2554	478	99
16536	8156	-9552	-9918	7603	373	-2770	-212	526	-532	-661	414	134	-2501	469	99
16554	7445	-9748	-9174	7997	369	-2781	-111	529	-536	-670	412	13	-2445	411	99
16578	6898	-10151	-8614	8586	361	-2788	58	531	-543	-682	408	-110	-2441	341	99
16596	6795	-10236	-8517	8702	343	-2765	141	532	-547	-686	407	-135	-2441	344	99
16620	6815	-10224	-8524	8706	315	-2732	232	532	-552	-690	406	-135	-2441	344	99
16638	6835	-10212	-8535	8705	292	-2708	295	532	-556	-691	407	-135	-2441	344	99
16656	6855	-10200	-8548	8703	269	-2685	354	531	-560	-692	407	-135	-2441	344	99
16674	6883	-10184	-8567	8696	244	-2663	412	528	-565	-691	409	-135	-2441	344	99
16698	6923	-10160	-8597	8684	210	-2634	484	523	-572	-688	412	-135	-2441	344	99
16716	-4427	-12015	-3156	12015	180	-2621	548	518	-579	-686	415	-1154	-2079	0	99
16740	-4723	-12016	3009	12016	115	-2588	665	507	-590	-681	420	-1178	-1996	0	99
16758	-5143	-11923	3492	11918	48	-2588	721	498	-599	-675	427	-1218	-1902	0	99
16776	-5593	-11576	4156	11849	-13	-2581	781	488	-609	-669	434	-1271	-1793	-179	99
16794	-6132	-11270	4769	11683	-74	-2573	817	477	-619	-660	442	-1325	-1677	-193	99
16818	-6575	-10592	5354	11146	-165	-2554	825	462	-632	-644	455	-1333	-1515	-216	99
16842	-6719	-9878	5623	10495	-269	-2533	831	445	-646	-625	469	-1297	-1384	-212	99
16860	-6657	-9527	5579	10104	-345	-2511	807	432	-654	-610	481	-1262	-1335	-165	99
16884	-6801	-8798	5844	9430	-454	-2492	775	413	-666	-589	497	-1225	-1202	-161	99
16902	-6548	-8500	5509	8947	-530	-2470	738	399	-674	-572	508	-1159	-1183	0	99
16920	-6527	-7799	5609	8268	-603	-2447	701	385	-682	-555	520	-1098	-1074	0	99
16938	-6162	-7440	5295	7848	-676	-2421	654	370	-688	-537	532	-1026	-1061	0	99
16956	-6029	-7075	5215	7466	-749	-2400	600	356	-694	-519	543	-985	-1017	0	99
16980	-5944	-6370	5247	6768	-839	-2381	539	336	-702	-496	557	-918	-914	0	99
16998	-5805	-6019	5164	6401	-893	-2348	509	322	-707	-479	566	-875	-871	0	99
17019	-5548	-5420	4839	5575	-958	-2333	435	306	-712	-460	578	-770	-806	212	99
17037	-5523	-5061	4806	5144	-1035	-2364	322	294	-717	-443	590	-735	-754	284	99
17061	-5338	-4100	4697	4077	-1103	-2335	229	277	-721	-421	602	-613	-623	391	99
17079	-5269	-4086	4623	4045	-1146	-2313	198	264	-724	-405	609	-613	-623	391	99
17097	-5162	-3426	4615	3370	-1181	-2283	170	252	-725	-391	615	-536	-528	413	99
17115	-5113	-3109	4568	2996	-1218	-2264	103	241	-727	-375	622	-498	-480	468	99
17139	-4194	6490	4248	-6729	-1254	-2216	37	227	-727	-355	629	27	-9	589	99
17157	-4147	6508	4191	-6767	-1296	-2221	-30	217	-728	-342	635	27	-9	589	99
17181	-3796	6631	3791	-7028	-1329	-2193	-93	204	-725	-325	639	86	-24	663	99
17199	-3627	6690	3580	-7178	-1351	-2170	-152	195	-719	-312	639	116	-27	719	99
17217	-3326	6839	3247	-7446	-1355	-2131	-178	186	-711	-300	635	177	-30	790	99
17235	-3175	6887	3064	-7573	-1353	-2084	-205	178	-701	-289	629	207	-27	841	99
17259	3025	7177	-3139	-7999	-1346	-2041	-238	168	-685	-276	619	300	-17	915	99
17277	3187	7220	-3299	-8084	-1330	-1978	-206	159	-671	-266	607	329	-13	936	99
17295	3290	7283	-3433	-8221	-1309	-1916	-199	152	-655	-257	595	360	1	1001	99
17313	3582	7448	-3677	-8419	-1273	-1869	-196	146	-639	-250	582	420	4	985	99
17334	3797	7644	-3886	-8692	-1243	-1794	-128	138	-622	-243	566	480	28	1050	99
17352	3826	7552	-3929	-8612	-1215	-1732	-136	133	-605	-235	552	480	28	1050	99
17370	3983	7587	-4078	-8677	-1186	-1674	-143	129	-588	-228	539	510	30	1050	99
17388	4316	7726	-4337	-8817	-1144	-1610	-90	124	-572	-223	523	570	25	1002	99
17406	4469	7751	-4472	-8857	-1100	-1549	-29	120	-556	-218	506	600	26	1002	99
17430	4761	7873	-4725	-9011	-1045	-1473	43	114	-535	-213	484	660	29	1002	99
17448	4911	7912	-4857	-9065	-1004	-1420	91	111	-520	-209	469	691	31	1002	99
17466	4928	7829	-4878	-8978	-966	-1371	135	108	-504	-205	453	691	31	1002	99
17484	4944	7748	-4898	-8893	-929	-1324	177	105	-490	-201	437	691	31	1002	99
17502	4958	7669	-4917	-8809	-893	-1280	217	102	-475	-198	422	691	31	1002	99
17514	4967	7618	-4929	-8755	-871	-1252	242	100	-465	-195	411	691	31	1002	99
17538	4983	7518	-4952	-8648	-827	-1200	290	97	-446	-191	391	691	31	1002	99
17556	4994	7446	-4969	-8571	-795	-1163	324	95	-432	-188	376	691	31	1002	99
17574	5005	7377	-4984	-8495	-765	-1129	358	92	-419	-185	361	691	31	1002	99
17592	5014	7309	-4998	-8421	-736	-1097	390	90	-405	-182	346	691	31	1002	99
17610	5023	7242	-5012	-8348	-709	-1067	419	88	-392	-179	332	691	31	1002	99
17634	5033	7155	-5028	-8255	-673	-1030	455	86	-374	-175	312	691	31	1002	99
17652	5040	7091	-5040	-8186	-648	-1004	479	84	-361	-172	298	691	31	1002	99
17670	5045	7029	-5050	-8119	-624	-980	503	83	-348	-170	284	691	31	1002	99
17688	5050	6969	-5059	-8054	-600	-957	525	82	-335	-168	270	691	31	1002	99
17706	5054	6911	-5067	-7990	-578	-937	546	81	-323	-166	257	691	31	1002	99
17724	5058	6853	-5075	-7929	-556	-917	563	80	-310	-164	243	691	31	1002	99
17742	5060	6797	-5081	-7869	-536	-900	580	79	-298	-163	230	691	31	1002	99
17760	5061	6743	-5087	-7810	-516	-883	595	78	-286	-161	217	691	31	1002	99
17784	6572	5528	-6058	-6013	-468	-815	659	77	-268	-159	198	670	-339	0	99
17802	6926	5453	-6418	-5996	-420	-744	723	76	-254	-157	182	716	-381	0	99
17820	7106	5247	-6635	-5830	-369	-682	739	77	-239	-155	168	728	-421	0	99
17838	7283	5159	-6817	-5764	-320	-625	807	76	-226	-154	154	749	-444	0	99
17862	7708	4994	-7128	-5513	-254	-548	891	75	-209	-153	134	781	-508	-173	99
17880	8045	4902	-7465	-5464	-201	-501	910	77	-196	-153	122	822	-554	-195	99
17898	8205	4859	-7632	-5453	-162	-461	912	78	-183	-151	110	847	-571	-195	99
17916	8566	4624	-7985	-5231	-125	-416	925	79	-171	-150	99	870	-643	-265	99
17937	8730	4571	-8154	-5204	-84	-367	956	80	-159	-149	86	894	-660	-265	99
17955	8898	4480	-8328	-5133	-50	-327	980	81	-148	-149	75	912	-686	-276	99
17973	9047	4423	-8490	-5106	-13	-305	963	84	-137	-149	65	933	-707	-279	99
17991	9364	4352	-8820	-5091	22	-283	949	87	-127	-148	55	975	-753	-288	99
18015	9673	4287	-9150	-5089	67	-257	918	92	-113	-148	43	1019	-795	-289	99
18030	9805	4375	-9305	-5241	93	-250	880	96	-106	-148	37	1056	-795	-249	99
18054	10109	4220	-9632	-5136	140	-233	813	102	-93	-148	27	1088	-852	-278	99
18078	10412	4175	-9948	-5151	179	-221	815	107	-83	-151	16	1132	-893	-275	99
18096	10534	4230	-10094	-5264	217	-225	745	114	-74	-152	11	1166	-899	-249	99
18138	10948	4065	-10548	-5189	299	-223	658	128	-57	-159	-3	1221	-975	-264	99
18171	11204	4143	-10836	-5361	348	-227	567	142	-44	-165	-12	1281	-996	-229	99
18195	11472	4189	-11130	-5491	390	-230	507	152	-35	-170	-19	1336	-1023	-204	99
18213	11578	4367	-11258	-5744	427	-236	428	161	-28	-174	-23	1384	-1010	-154	99
18231	11797	4556	-11575	-6119	459	-249	359	170	-21	-178	-28	1457	-1010	0	99
18249	11912	4517	-11709	-6113	499	-259	310	180	-15	-184	-33	1478	-1033	0	99
18273	11998	4727	-11772	-6348	548	-282	228	194	-7	-193	-39	1525	-1017	0	99
18294	11909	5153	-11615	-6756	593	-301	155	207	0	-201	-44	1571	-944	0	99
18312	11848	5183	-11555	-6783	636	-318	113	218	6	-209	-49	1577	-936	0	99
18336	11785	4855	-11554	-6458	695	-345	111	232	11	-224	-58	1548	-984	0	99
18360	11702	4729	-11495	-6317	754	-372	126	249	16	-239	-68	1538	-1000	0	99
18378	11642	4138	-11543	-5731	791	-396	168	260	18	-252	-75	1476	-1089	0	99
18402	11579	3495	-11464	-4937	853	-434	189	278	21	-269	-85	1396	-1190	-178	99
18420	11495	3330	-11395	-4736	889	-473	202	291	22	-282	-91	1375	-1214	-201	99
18444	11366	3019	-11301	-4376	934	-522	186	311	23	-299	-98	1334	-1258	-244	99
18462	11224	-3295	-11181	-3761	987	-567	242	324	22	-315	-105	1262	-1330	-333	99
18480	11050	-3809	-11049	-3164	1028	-608	257	338	22	-329	-111	1187	-1397	-406	99
18504	10804	-4421	-10848	3356	1069	-667	243	357	22	-347	-116	1092	-1474	-505	99
18522	10351	-4553	-10399	3594	1105	-718	255	370	21	-361	-120	1025	-1448	-529	99
18540	10217	-4748	-10279	3835	1126	-759	256	383	20	-373	-123	991	-1471	-560	99
18558	10071	-4984	-10155	4116	1145	-799	260	394	18	-385	-124	950	-1498	-590	99
18582	9772	-5516	-9893	4754	1169	-854	271	407	15	-401	-126	854	-1555	-668	99
18600	9335	-5564	-9454	4889	1192	-904	262	418	12	-412	-126	796	-1518	-679	99
18624	8460	-5748	-8585	5254	1201	-971	245	430	7	-426	-124	663	-1448	-710	99
18642	8376	-5790	-8517	5298	1213	-1011	221	439	4	-435	-122	652	-1454	-703	99
18666	7610	-5738	-7747	5377	1228	-1073	178	450	0	-446	-118	563	-1361	-697	99
18696	6769	-5547	-6916	5288	1333	-1271	70	471	-7	-469	-115	494	-1258	-643	99
18714	6433	-5442	-6576	5229	1322	-1295	63	476	-12	-474	-112	463	-1206	-621	99
18738	6067	-5338	-6213	5166	1324	-1337	21	483	-17	-482	-106	431	-1153	-597	99
18756	5677	-5323	-5815	5223	1324	-1358	10	488	-20	-487	-103	381	-1107	-601	99
18777	4988	-5195	-5120	5200	1319	-1373	3	492	-24	-492	-99	307	-1004	-572	99
18795	4722	-4988	-4864	4989	1306	-1393	-53	497	-27	-495	-93	300	-944	-518	99
18813	4079	-4794	-4240	4850	1299	-1404	-86	501	-30	-497	-89	243	-835	-446	99
18831	3513	-4495	-3635	4643	1290	-1418	-124	504	-33	-500	-84	202	-721	-427	99
18849	1065	-4472	-3281	4632	1275	-1431	-137	506	-36	-502	-80	157	-670	-360	99
18864	-2957	-4293	-3052	4418	1269	-1432	-198	510	-37	-502	-76	150	-609	-274	99
18882	-3213	-4109	3028	4273	1255	-1440	-268	513	-38	-502	-70	135	-551	-274	99
18906	-4136	-3781	3953	4050	1236	-1432	-279	513	-41	-502	-66	55	-382	-188	99
18924	-4404	-3625	4217	3908	1232	-1426	-292	512	-42	-501	-63	39	-323	-145	99
18945	-4720	-3513	4442	3724	1208	-1424	-315	509	-44	-497	-59	20	-263	0	99
18963	-4961	-3345	4719	3614	1194	-1410	-294	504	-46	-493	-58	2	-204	0	99
18987	-5356	-2909	5204	3280	1168	-1386	-263	496	-48	-485	-55	-10	-82	0	99
19011	-5568	3452	5531	-3001	1129	-1354	-208	485	-52	-476	-54	11	36	0	99
19029	-5492	3584	5484	-3132	1094	-1328	-169	476	-54	-468	-52	27	52	0	99
19047	-5341	3658	5457	-3096	1056	-1296	-117	466	-56	-460	-51	32	49	-136	99
19065	-5244	3666	5373	-3106	1016	-1257	-62	455	-58	-451	-50	36	46	-139	99
19089	-5339	-3217	5274	3758	959	-1200	-14	439	-59	-437	-47	-103	-93	-141	99
19107	-6129	-5421	5554	5889	913	-1155	7	428	-59	-425	-45	-436	-313	0	99
19125	-6253	-5373	5691	5869	869	-1111	18	416	-59	-413	-42	-457	-280	0	99
19146	-6300	-5340	5751	5852	824	-1058	50	402	-59	-400	-40	-470	-257	0	99
19164	-6334	-5302	5797	5829	783	-1006	80	389	-59	-387	-38	-480	-236	0	99
19179	-6569	-5160	6065	5743	750	-969	104	378	-59	-377	-37	-504	-175	0	99
19194	-6578	-5009	6233	5753	713	-930	151	367	-61	-367	-36	-513	-144	-158	99
19218	-6604	-4914	6285	5678	655	-866	202	349	-61	-351	-33	-520	-112	-157	99
19236	-6538	-4905	6238	5678	613	-817	236	336	-62	-338	-31	-522	-108	-172	99
19254	-6521	-4811	6285	5638	559	-767	295	322	-63	-326	-29	-526	-85	-217	99
19272	-6451	-4807	6220	5623	513	-718	324	309	-64	-314	-26	-527	-83	-215	99
19296	-6407	-4733	6217	5574	452	-658	361	291	-64	-298	-23	-529	-63	-240	99
19314	-6389	-4647	6251	5528	408	-615	378	279	-65	-286	-20	-531	-43	-281	99
19332	-6313	-4645	6185	5521	366	-576	424	265	-66	-275	-18	-531	-43	-281	99
19350	-3897	3503	4188	-2978	325	-540	451	253	-67	-264	-15	27	10	-274	99
19371	-3604	3816	3989	-3291	284	-499	470	240	-67	-251	-12	84	29	-316	99
19389	-3334	4113	3786	-3613	242	-463	485	228	-67	-240	-9	141	49	-328	99
19407	-3168	4253	3650	-3774	208	-423	488	217	-67	-228	-7	170	58	-332	99
19425	-3015	4398	3520	-3948	171	-395	483	206	-66	-217	-4	198	68	-327	99
19440	3013	4682	3335	-4273	151	-366	480	199	-65	-209	-2	254	89	-317	99
19461	3188	4834	3199	-4441	103	-339	460	187	-65	-197	0	283	98	-333	99
19473	3317	4973	3095	-4599	91	-319	459	182	-64	-191	1	311	107	-333	99
19491	3574	5249	-2904	-4905	72	-281	458	173	-62	-181	2	369	125	-341	99
19509	3714	5383	-3021	-5062	56	-254	449	165	-60	-172	3	397	135	-341	99
19533	3769	5506	-3113	-5263	48	-218	338	159	-54	-159	6	421	157	-288	99
19551	3943	5789	-3264	-5602	40	-197	278	154	-50	-150	8	475	184	-263	99
19569	4068	5925	-3366	-5760	32	-178	250	148	-47	-143	9	503	194	-265	99
19587	4185	6049	-3476	-5923	25	-160	240	143	-45	-137	9	532	204	-245	99
19605	4320	6357	-3572	-6266	20	-142	210	138	-42	-130	10	582	239	-226	99
19623	4404	6497	-3643	-6434	17	-127	181	134	-39	-124	10	608	255	-214	99
19641	4612	6789	-3797	-6752	15	-112	161	130	-36	-119	10	665	277	-219	99
19659	4661	6934	-3838	-6923	18	-94	159	126	-33	-114	8	689	298	-194	99
19677	4721	7245	-3884	-7287	17	-81	126	123	-30	-109	8	734	343	-142	99
19689	4807	7389	-3948	-7446	18	-73	103	121	-28	-106	8	761	356	-141	99
19707	4905	7527	-4022	-7599	19	-60	91	118	-25	-101	7	788	369	-141	99
19725	4846	7640	-4051	-7827	23	-46	76	115	-21	-97	6	807	399	0	99
19737	4933	7783	-4113	-7982	27	-37	67	114	-19	-95	5	834	413	0	99
19752	5007	7928	-4161	-8137	31	-26	57	112	-16	-92	3	859	429	0	99
19770	5095	8065	-4225	-8286	38	-14	50	110	-13	-89	1	886	442	0	99
19788	5175	8385	-4249	-8613	46	-5	22	109	-9	-86	0	932	484	0	99
19806	5207	8542	-4252	-8769	51	5	17	107	-6	-84	-2	954	507	0	99
19818	5342	8669	-4364	-8916	59	15	15	107	-3	-83	-4	986	512	0	99
19833	5485	8787	-4482	-9051	70	26	35	105	0	-82	-7	1019	514	0	99
19851	5620	9084	-4565	-9363	80	38	21	105	3	-80	-10	1070	546	0	99
19869	5729	9206	-4646	-9492	100	50	53	104	6	-79	-15	1100	554	0	99
19887	5932	9476	-4795	-9783	119	62	74	103	10	-79	-20	1158	572	0	99
19905	6146	9641	-4860	-9840	139	76	84	103	15	-78	-25	1191	572	-152	99
19923	6082	9740	-4892	-10058	153	84	93	103	19	-78	-29	1211	600	0	99
19938	6271	9914	-4935	-10125	169	98	82	103	24	-77	-33	1242	604	-151	99
19956	6410	10025	-5036	-10235	191	113	109	103	29	-77	-39	1274	608	-168	99
19980	6705	10272	-5250	-10482	214	130	144	103	35	-78	-48	1339	612	-207	99
19998	6917	10534	-5398	-10752	238	145	159	103	41	-78	-55	1397	629	-224	99
20016	7022	10652	-5466	-10864	259	160	186	104	47	-78	-63	1426	638	-237	99
20034	7066	10778	-5488	-10992	286	175	202	105	54	-79	-71	1451	656	-231	99
20058	7274	11024	-5630	-11239	321	196	223	106	64	-79	-82	1509	673	-254	99
20076	7649	11223	-5922	-11441	357	212	241	108	72	-80	-91	1580	660	-312	99
20094	7635	11367	-5885	-11579	385	230	277	109	79	-82	-101	1600	689	-297	99
20112	7870	11606	-6053	-11819	421	248	289	112	88	-83	-111	1661	700	-327	99
20124	7864	11576	-6052	-11785	437	262	297	114	94	-83	-118	1661	700	-327	99
20145	1067	11676	-6135	-11882	467	283	310	117	103	-84	-128	1692	706	-343	99
20154	8324	11702	-6426	-11907	494	298	336	119	109	-86	-137	1739	669	-406	99
20166	8547	11767	-6607	-11969	521	309	366	121	115	-88	-145	1777	653	-442	99
20178	8909	11771	-6915	-11971	547	324	399	123	122	-90	-155	1824	611	-510	99
20190	9238	11777	-7194	-11973	575	345	440	125	129	-92	-164	1867	574	-570	99
20202	9427	11836	-7347	-12029	609	362	466	128	136	-94	-174	1902	563	-600	99
20214	9578	11911	-7465	-12027	642	376	479	131	145	-95	-184	1934	559	-624	99
20226	9822	11940	-7672	-12028	671	390	480	134	153	-97	-192	1972	536	-668	99
20250	10058	12029	-7839	-12029	738	421	506	141	170	-102	-211	2032	542	-708	99
20268	10063	12029	-7830	-12029	793	449	471	148	185	-103	-225	2057	565	-709	99
20286	9397	12029	-7157	-12029	832	462	377	156	201	-103	-236	2060	752	-581	99
20304	9079	12029	-6848	-12029	883	493	303	164	218	-103	-250	2060	836	-532	99
20325	8731	12029	-6517	-12029	932	517	218	173	236	-103	-265	2057	921	-479	99
20343	8440	12029	-6236	-12029	972	542	145	182	253	-103	-280	2055	995	-438	99
20367	7750	12029	-5560	-12029	1056	617	65	194	279	-101	-303	2036	1161	-349	99
20385	7110	12028	-4919	-12028	1112	669	6	203	298	-100	-320	2014	1313	-277	99
20409	6658	12027	-4449	-12027	1178	746	-9	212	323	-98	-346	2005	1432	-242	99
20427	6160	12027	-3976	-12027	1211	785	-66	219	341	-95	-363	1971	1528	-192	99
20451	4967	12026	2902	-12026	1259	853	-140	227	366	-91	-385	1873	1736	0	99
20469	4613	12026	3266	-12026	1291	906	-159	231	384	-88	-403	1846	1808	0	99
20493	3330	12026	4553	-12026	1327	975	-186	236	407	-83	-425	1691	1993	0	99
20517	2906	12025	4942	-12025	1367	1051	-200	239	429	-78	-448	1631	2042	0	99
20535	-3157	12024	5184	-12024	1385	1091	-215	240	445	-74	-463	1592	2073	0	99
20559	-3743	12024	5739	-12024	1422	1166	-195	240	466	-68	-485	1505	2138	0	99
20577	-3848	12024	5824	-12024	1437	1230	-188	239	482	-61	-501	1485	2152	0	99
20598	-4109	12023	6066	-12023	1446	1297	-158	235	499	-54	-518	1441	2182	0	99
20616	-4538	12023	6401	-12023	1479	1366	-162	233	516	-48	-533	1337	2177	0	99
20640	-4845	12023	6683	-12023	1506	1445	-130	229	536	-40	-552	1283	2209	0	99
20658	-4659	12022	6497	-12022	1525	1501	-81	225	549	-35	-567	1308	2194	0	99
20670	-4978	12022	6807	-12022	1526	1532	-35	221	558	-31	-577	1253	2226	0	99
20682	-4789	12021	6747	-12021	1539	1566	-30	218	568	-27	-586	1270	2216	-156	99
20700	-4740	12020	6747	-12020	1546	1606	23	212	580	-22	-600	1269	2217	-211	99
20718	-4240	12020	6369	-12020	1570	1661	126	206	594	-19	-617	1334	2178	-328	99
20739	-3695	12019	5931	-12000	1586	1714	203	198	610	-14	-634	1366	2087	-503	99
20757	-3558	12019	5872	-11904	1624	1764	338	191	623	-13	-652	1378	2079	-571	99
20775	-3183	12018	5601	-11908	1632	1791	384	185	636	-10	-665	1423	2049	-676	99
20793	4109	12018	4407	-12018	1636	1815	471	177	647	-8	-678	1615	1901	-989	99
20811	4491	12017	4256	-12009	1648	1838	543	171	659	-6	-692	1649	1871	-1246	99
20832	5716	12017	3101	-11769	1686	1876	666	165	672	-6	-709	1766	1676	-1390	99
20850	6271	12017	-3138	-11729	1702	1875	720	161	682	-6	-721	1828	1608	-1523	99
20874	8657	12016	-5198	-11134	1749	1877	817	157	696	-9	-739	2036	1221	-2072	99
20892	8768	12016	-5234	-11051	1777	1868	896	155	705	-13	-752	2045	1207	-2144	99
20910	9217	12016	-5603	-10922	1797	1851	873	156	715	-15	-760	2086	1134	-2273	99
20928	9190	12017	-5566	-10901	1813	1812	869	158	724	-20	-769	2086	1134	-2273	99
20946	9159	12017	-5527	-10884	1829	1773	864	161	731	-26	-776	2086	1134	-2273	99
20964	9125	12018	-5485	-10870	1844	1734	858	165	738	-33	-783	2086	1134	-2273	99
20988	9075	12018	-5426	-10855	1864	1681	844	171	746	-42	-790	2086	1134	-2273	99
21012	9022	12018	-5366	-10844	1883	1631	825	179	753	-52	-797	2086	1134	-2273	99
21030	10961	12026	-6846	-10154	1900	1601	791	186	759	-60	-801	2231	809	-2999	99
21048	10540	11807	-6459	-9875	1931	1570	700	195	767	-66	-804	2160	826	-3015	99
21066	9668	11768	-5618	-9716	1961	1542	585	206	774	-71	-806	2053	929	-2998	99
21090	9632	11778	-5550	-9687	1991	1498	496	218	779	-80	-808	2054	926	-3055	99
21108	9277	11534	-5229	-9381	2016	1467	430	228	782	-86	-809	1986	929	-3080	99
21132	9032	11591	-4984	-9407	2048	1437	326	240	788	-93	-811	1970	963	-3087	99
21150	8341	11087	-4382	-8801	2065	1423	248	249	792	-98	-811	1831	973	-3103	99
21171	7453	10605	-3604	-8211	2078	1402	126	259	798	-102	-810	1672	1010	-3094	99
21189	6851	10349	-3095	-7917	2100	1393	28	267	803	-104	-810	1577	1047	-3051	99
21210	5610	9789	3746	-7279	2106	1387	-113	276	809	-105	-808	1371	1122	-2946	99
21228	5192	9467	4072	-6938	2112	1390	-241	282	815	-104	-806	1289	1128	-2930	99
21246	4401	9123	4739	-6543	2108	1395	-339	287	820	-103	-804	1158	1179	-2867	99
21264	3837	8741	5170	-6154	2091	1398	-436	290	823	-101	-801	1051	1195	-2804	99
21288	2957	8218	5854	-5619	2112	1471	-574	295	834	-94	-799	897	1241	-2703	99
21306	-3322	7685	6170	-5103	2162	1587	-656	297	845	-86	-799	791	1240	-2641	99
21330	-3900	7142	6543	-4604	2148	1642	-822	298	853	-74	-793	669	1243	-2545	99
21348	-4753	6127	7073	-3642	2111	1666	-927	295	855	-65	-787	461	1205	-2388	99
21369	-5375	5094	7372	3101	2054	1697	-1079	291	858	-52	-779	278	1137	-2251	99
21387	-5755	4471	7539	3650	2000	1720	-1156	285	858	-41	-772	166	1098	-2141	99
21405	-6072	3443	7534	4535	1933	1742	-1270	278	858	-27	-762	20	990	-1998	99
21423	-6213	-2958	7474	5026	1860	1792	-1333	267	858	-12	-753	-62	927	-1897	99
21441	-6391	-3626	7393	5531	1785	1811	-1476	258	857	2	-740	-152	856	-1752	99
21459	-6445	-4780	7037	6405	1695	1840	-1605	247	854	19	-724	-273	697	-1527	99
21483	-6273	-5897	6401	7138	1553	1855	-1783	230	846	44	-700	-361	512	-1241	99
21501	-6033	-6301	5948	7319	1440	1861	-1944	217	837	64	-679	-377	423	-1105	99
21522	-5722	-6633	5436	7422	1302	1850	-2089	200	822	86	-654	-381	333	-967	99
21540	-5362	-6911	4896	7480	1177	1849	-2205	185	808	107	-631	-372	245	-838	99
21558	-4620	-7239	3864	7403	1046	1837	-2298	168	791	127	-607	-307	99	-579	99
21576	-4167	-7261	3260	7180	908	1813	-2418	151	772	147	-580	-260	34	-428	99
21606	-3134	-6761	-3847	6095	672	1761	-2561	121	737	179	-535	-72	-29	0	99
21630	3060	-5951	-4102	5240	484	1706	-2607	95	705	200	-499	27	31	0	99
21648	3175	-7152	-4555	6231	353	1660	-2631	76	681	214	-472	-97	-173	143	99
