3501,-4428,-4518,-4282,-4150,-9,-27,-5,1,1,1,1,4,-19,27,-19
3529,-4141,-5159,-4610,-3494,0,0,45,5,5,3,3,39,20,58,17
3556,-3985,-5745,-4829,-2911,-19,-20,-62,6,6,-2,-2,42,64,89,57
3633,-3271,-7038,-5328,4562,27,7,-91,-2,-14,-18,-10,69,142,146,119
3660,2943,-7184,-5470,4974,18,25,-178,-11,-23,-22,-11,42,163,126,124
3678,3434,-7300,-5638,5400,-22,-30,-267,-13,-30,-25,-9,55,184,125,102
3695,3585,-7238,-5590,5533,-22,-30,-267,-13,-30,-25,-9,61,204,133,101
3716,4008,-7623,-5894,6062,-55,-32,-191,-12,-47,-30,-11,60,232,140,154
3733,4177,-7675,-6064,6111,-191,164,-107,-13,-50,-33,-12,66,220,153,171
3750,4487,-7701,-6262,6233,-177,113,-189,-13,-51,-34,-12,72,266,160,178
3767,4597,-7778,-6416,6261,-281,170,-55,-12,-61,-38,-9,78,266,161,208
3799,5132,-8321,-6979,6782,-88,-39,-41,-10,-66,-46,1,94,267,174,204
3816,4980,-8255,-6887,6652,-88,-39,-41,-9,-68,-47,4,119,317,207,262
3833,5644,-8381,-7329,6935,-380,-35,-220,-8,-71,-51,5,118,331,242,250
3864,6129,-8659,-7781,7194,-33,-22,-67,-10,-84,-62,17,158,411,296,373
3882,6070,-8628,-7738,7134,-33,-22,-67,-12,-86,-63,16,154,414,312,362
3934,7393,-8751,-8478,7664,-11,-2,-323,-21,-111,-87,32,196,442,359,345
3955,7374,-8713,-8516,7537,-615,-17,-35,-12,-119,-97,35,236,465,355,391
3972,7912,-8636,-9000,7417,-456,66,-96,8,-129,-108,37,251,429,400,377
3990,8333,-8498,-9244,7408,-271,-11,-223,16,-134,-118,42,333,430,429,350
4007,8467,-8488,-9414,7346,-349,29,-78,24,-141,-125,42,357,401,494,365
4073,10350,-7775,-10824,6744,-394,-31,-6,55,-164,-172,52,597,379,723,317
4090,9989,-7716,-10601,6565,-394,-31,-6,83,-168,-197,57,671,367,824,399
4111,10793,-7502,-11103,6526,-380,15,-294,107,-172,-218,58,758,344,976,353
4128,10971,-7260,-11173,6341,-660,36,-157,127,-172,-240,56,1030,360,1178,389
4145,10863,-7365,-11228,6286,-348,40,-9,146,-172,-258,57,1329,383,1403,344
4163,11150,-7082,-11359,6079,-589,37,-240,183,-172,-293,55,1325,390,1432,325
4183,10803,-7010,-10893,6177,-589,37,-240,220,-170,-334,54,1292,379,1431,331
4201,11335,-6579,-11278,5727,-645,20,-122,255,-171,-372,53,1371,356,1255,307
4229,10965,-5802,-10785,4986,-624,22,-104,303,-171,-423,51,1803,382,1341,306
4250,10670,-5356,-10354,4648,-825,17,-190,324,-171,-436,53,1528,338,1108,257
4267,10427,-5125,-10121,4400,-651,13,-90,332,-171,-446,53,1393,304,1032,248
4295,9712,-5046,-9626,4165,-878,-48,71,347,-163,-449,51,1031,241,793,188
4316,9540,-4823,-9441,3947,-812,-160,-130,351,-154,-449,51,760,178,644,153
4333,9109,-5038,-9237,4004,-964,-257,42,358,-147,-445,50,652,149,543,136
4361,8217,-5547,-8901,4112,-901,-59,165,359,-135,-435,48,465,131,471,114
4382,7907,-5784,-8753,4264,-1084,-481,0,361,-131,-425,47,353,128,406,86
4399,7914,-5938,-8835,4373,-715,-118,9,361,-128,-418,47,284,124,358,90
4416,7597,-6244,-8659,4636,-1233,-647,32,360,-125,-416,46,264,125,352,99
4433,7188,-6509,-8497,4739,-1229,-100,121,362,-124,-409,45,233,127,334,104
4465,7250,-6483,-8510,4786,-910,-268,48,362,-122,-405,46,164,129,272,75
4506,7045,-6774,-8527,4916,-1205,-302,45,353,-122,-397,50,148,152,265,85
4524,5949,-6211,-7477,4388,-2732,-147,71,348,-122,-392,50,141,150,284,91
4545,5618,-6185,-7211,4343,-1344,-303,26,344,-125,-388,50,129,140,237,91
4562,5706,-6434,-7320,4596,-1017,-338,11,339,-125,-381,53,102,142,217,70
4580,5981,-6372,-7509,4577,-1114,-64,-42,336,-124,-379,54,92,142,196,83
4597,6172,-6473,-7625,4750,-1067,-68,-78,331,-125,-374,53,92,154,184,76
4614,6373,-6613,-7797,4917,-845,-251,-29,328,-123,-371,52,105,155,202,110
4646,6780,-6558,-8067,4946,-1218,-192,-183,320,-125,-367,50,109,180,199,125
4663,6928,-6555,-8051,5111,-1218,-192,-183,320,-125,-367,50,105,151,197,134
4680,6969,-6756,-8175,5243,-657,-58,26,313,-118,-363,43,118,156,197,101
4701,6592,-6303,-7563,5047,-1554,-355,-226,307,-121,-359,40,126,171,224,139
4718,6645,-6370,-7582,5162,-1000,-59,-101,306,-122,-357,40,127,164,216,115
4736,6680,-6383,-7673,5111,-1024,-273,-29,302,-119,-354,38,112,159,208,151
4753,6894,-6449,-7757,5301,-758,-213,-165,297,-115,-352,37,130,151,184,123
4770,6422,-6160,-7217,5119,-1209,-91,-68,297,-118,-350,37,128,153,195,154
4802,6567,-6242,-7289,5289,-886,-173,-187,291,-115,-343,31,122,212,176,109
4819,6548,-6364,-7309,5395,-1045,-70,-15,289,-113,-341,30,121,180,189,135
4837,6588,-6387,-7416,5340,-674,13,-22,289,-111,-340,29,126,162,189,188
4857,5755,-6184,-6690,5123,-1460,-84,20,289,-107,-341,25,121,151,166,141
4885,4749,-5587,-5436,4887,-968,-9,-216,286,-107,-341,21,77,130,142,106
4927,5161,-5759,-5623,5283,-746,-33,-75,281,-102,-339,13,63,116,118,177
4947,4605,-5605,-5098,5169,-880,-26,-45,283,-102,-336,12,63,102,101,177
5000,3869,-5354,-4144,5296,-690,23,-118,269,-91,-315,5,48,100,83,103
5017,3364,-5169,-3628,5178,-752,49,-54,264,-91,-314,2,46,102,75,137
5034,-2936,-4956,-3065,5087,-804,54,-107,254,-90,-305,2,62,103,85,195
5055,-8786,-4261,8627,5342,-714,127,-69,231,-84,-291,2,219,123,219,226
5073,-8523,-4582,8446,5751,-901,57,-152,206,-83,-263,4,386,140,365,229
5090,-8097,-4818,8220,6187,-607,147,-111,182,-83,-234,10,385,136,409,199
5121,-7629,-5456,7584,6655,-467,76,-102,148,-77,-206,28,313,130,433,186
5138,-7240,-5871,7194,7030,-590,-47,-136,129,-74,-190,42,304,142,388,215
5180,-6402,-6667,6306,7647,-202,33,-10,93,-72,-150,85,233,151,310,287
5197,-5980,-6972,5779,7750,-220,208,-112,83,-70,-139,91,215,179,271,376
5217,-5459,-7328,5234,8004,-161,34,-148,65,-68,-114,98,169,171,206,379
5234,-5128,-7659,4785,8180,-69,129,-52,53,-66,-100,107,148,207,171,433
5252,-4813,-8281,4304,8647,30,156,-46,44,-68,-89,110,139,273,148,428
5283,-4066,-8853,3662,9310,4,-7,-11,37,-68,-80,110,130,351,131,774
5300,-3682,-9078,3269,9507,137,312,-85,24,-72,-65,112,139,382,118,848
5317,-3439,-9333,2943,9684,126,185,-22,13,-83,-50,121,130,408,126,706
5335,-3292,-9562,-3117,9820,71,264,1,5,-90,-37,127,152,562,131,942
5352,-3221,-9798,-3312,9960,235,295,-2,0,-101,-30,138,162,649,125,1346
5369,-3030,-9994,-3569,10102,235,295,-2,-5,-110,-26,143,192,813,123,1463
5387,3018,-10245,-3822,10370,28,84,-55,-5,-110,-26,143,225,900,158,1565
5408,3146,-10352,-4005,10422,167,418,3,-20,-158,-15,189,233,981,167,1614
5435,-3036,-10790,-4095,10487,154,122,100,-19,-195,-12,223,256,1207,174,1900
5452,-3027,-10912,-4221,10512,154,122,100,-25,-229,-8,262,267,1347,192,2048
5473,3364,-10638,-4425,10554,85,684,-163,-33,-256,-7,283,277,1412,177,1851
5491,3209,-10687,-4525,10357,181,578,46,-33,-276,-9,304,279,1372,194,1765
5508,3687,-10579,-4669,10545,91,414,-118,-33,-287,-10,320,289,1304,213,1738
5525,3925,-10951,-4895,10956,103,383,-64,-28,-303,-15,337,295,1449,205,2221
5545,4130,-10578,-4938,10664,-72,1492,-181,-26,-307,-17,351,311,1584,216,2353
5563,4073,-10256,-4873,10298,57,1532,-79,-24,-326,-18,367,281,1395,205,2599
5580,4016,-10249,-4916,10184,137,959,-14,-24,-326,-18,367,262,1242,191,1984
5611,4223,-10489,-5234,10301,92,890,-47,-2,-351,-25,405,230,1044,184,1612
5629,4327,-10518,-5362,10297,114,1083,-73,2,-361,-30,417,247,1146,191,1749
5646,4244,-10274,-5268,10045,114,1083,-73,4,-378,-33,423,240,1051,198,1840
5664,4352,-10652,-5540,10294,154,1022,71,6,-383,-36,430,245,1091,189,1728
5684,4131,-10720,-5500,10216,241,1165,40,10,-395,-36,441,252,1202,213,1861
5712,4379,-10489,-5657,10035,235,1397,-68,8,-422,-38,460,256,1130,231,1829
5729,4000,-11003,-5524,10430,217,1099,79,7,-438,-38,470,244,1079,225,1536
5750,4321,-10925,-5793,10373,189,1462,-84,7,-450,-38,481,283,1258,244,1938
5768,3938,-11177,-5781,10316,233,1259,80,8,-468,-40,493,293,1405,241,1944
5785,3609,-11284,-5581,10368,182,1345,99,7,-485,-41,505,302,1633,236,1914
5840,3244,-11590,-5294,10794,322,1520,85,7,-538,-44,539,467,2949,295,2590
5857,3125,-11568,-5232,11025,117,1192,42,6,-547,-44,553,455,2826,284,2638
5874,3295,-11568,-5374,11057,138,1822,-41,8,-569,-46,583,433,2691,273,2380
5930,-3427,-11564,-4918,10883,-13,1708,122,8,-620,-48,628,377,2094,249,2678
5947,-3103,-11563,-5202,10931,311,1649,-40,10,-638,-47,652,351,1943,248,2108
5989,-3315,-11559,-5121,10492,253,2281,63,-13,-684,-46,701,327,1907,247,2116
6007,-3020,-11471,-5329,10156,281,1860,-34,-27,-700,-51,718,312,1807,230,1690
6024,-2958,-11321,-5327,10009,-25,1757,-1,-37,-718,-54,724,270,1529,213,1416
6045,3029,-10933,-5395,9644,261,2288,-17,-48,-732,-60,726,215,1214,191,1189
6063,3641,-10533,-5822,9269,421,2343,-84,-46,-739,-64,725,188,983,169,978
6080,4113,-10251,-6135,9038,335,2211,-84,-44,-738,-69,720,169,804,172,778
6098,4484,-10046,-6361,8907,16,2116,-113,-36,-738,-78,714,140,641,171,757
6115,4764,-9917,-6541,8829,154,2019,-104,-27,-738,-89,710,138,534,154,570
6146,5309,-9696,-6937,8648,232,2231,-154,-20,-738,-101,705,137,437,159,424
6163,5242,-9583,-6775,8631,232,2231,-154,-12,-733,-111,703,134,401,175,490
6181,6054,-9295,-7382,8383,293,2201,-217,-2,-731,-121,700,136,369,189,477
6202,6128,-9197,-7480,8222,125,2174,-127,3,-727,-135,694,152,334,198,448
6219,5787,-9087,-7324,7906,366,2458,23,5,-725,-142,692,142,293,205,448
6236,6056,-9050,-7568,7821,276,1902,-94,9,-724,-150,688,157,292,213,406
6253,6319,-8930,-7781,7667,312,2325,-99,17,-715,-164,683,163,274,244,353
6274,6283,-8914,-7781,7575,136,2030,-48,22,-713,-176,680,174,249,235,326
6291,5819,-9057,-7618,7434,384,2084,103,26,-708,-193,677,170,254,230,286
6309,6593,-8863,-8152,7309,420,2048,-187,32,-704,-202,675,161,237,240,332
6340,6401,-9092,-7915,7613,-43,1702,24,43,-697,-215,667,192,242,253,301
6358,5797,-9198,-7601,7484,251,2232,89,44,-692,-219,664,173,258,259,304
6375,5543,-9147,-7473,7306,251,2232,89,47,-689,-220,659,155,264,245,329
6406,5677,-9104,-7799,6993,-69,2294,-59,49,-682,-223,652,134,284,221,231
6434,5027,-8500,-7141,6396,487,2911,-2,49,-675,-223,645,135,269,261,195
6452,5007,-8223,-7104,6096,487,2911,-2,50,-671,-222,635,118,239,234,159
6473,5799,-8200,-7776,6084,186,1737,-139,51,-669,-223,629,124,204,216,124
6490,5375,-8549,-7574,6319,-56,1956,78,49,-665,-225,622,120,189,241,104
6556,5945,-9027,-8236,6700,84,1011,-29,50,-661,-227,607,122,234,241,151
6573,6083,-9520,-8391,7240,84,1011,-29,55,-654,-236,592,131,249,272,187
6590,6177,-9949,-8486,7729,84,1011,-29,59,-652,-245,587,152,296,294,176
6622,6292,-10526,-8594,8401,84,1011,-29,62,-653,-249,578,194,448,333,251
6653,6353,-10913,-8631,8892,84,1011,-29,74,-658,-265,570,220,657,366,359
6671,6356,-11065,-8619,9100,84,1011,-29,76,-663,-271,565,241,771,356,526
6713,8747,-9923,-10754,7686,-234,1814,-92,92,-682,-292,562,249,923,357,591
6730,8788,-9522,-10673,7370,-13,1717,-96,97,-689,-303,562,330,744,545,581
6747,9161,-8905,-10812,6863,116,1957,-174,104,-689,-314,557,360,587,700,484
6778,9742,-7971,-11043,6058,99,1359,-58,129,-688,-358,541,509,409,1122,373
6795,10359,-6380,-11022,4815,161,2584,-476,159,-680,-408,518,696,334,1234,284
6816,10374,-5994,-10820,4570,60,1587,-144,186,-666,-440,500,883,268,1172,229
6858,10278,-5215,-10530,3831,-35,1837,-87,270,-622,-526,451,982,211,865,143
6886,10641,-3557,-10355,-3384,52,2116,-284,316,-596,-566,413,1049,188,759,230
6917,10797,3215,-10240,-4209,114,1664,-175,371,-566,-598,364,993,178,611,164
6934,11190,4040,-10306,-4825,116,1965,-349,377,-549,-602,345,1478,247,585,177
6990,10257,6027,-9026,-6618,-84,1702,-188,476,-380,-654,224,1072,260,392,194
7066,6854,5349,-6561,-6504,-120,1659,-8,526,-232,-661,141,321,186,188,272
7098,5152,4293,-5672,-5950,-516,2126,176,539,-188,-645,96,166,139,126,286
7139,-3423,3454,-3631,-5284,-626,2027,125,543,-159,-632,68,73,102,79,217
7170,-4513,2986,3130,-4648,-594,1473,-55,521,-131,-607,38,170,84,65,184
7198,-5302,-3351,3863,-3920,-478,1701,172,487,-124,-574,27,175,74,128,119
7285,-6746,-3990,5033,-3032,-552,1461,21,308,-114,-389,-21,216,83,149,56
7302,-4892,-5947,-2927,4425,-495,900,-8,267,-109,-337,-29,224,79,155,40
7319,-4189,-6144,-3580,4662,-495,900,-8,245,-109,-314,-28,176,96,127,46
7361,-4109,-6287,-3729,4792,-520,893,73,208,-113,-295,-29,124,115,79,66
7393,2962,-6382,-4451,5296,-260,628,-282,191,-115,-293,-25,100,131,78,94
7410,3640,-6503,-4813,5672,-260,628,-282,170,-117,-290,-26,75,133,66,101
7427,3950,-6682,-4960,5992,-532,777,-122,162,-122,-287,-26,67,138,81,150
7494,6727,-5248,-6240,5534,-183,653,-310,139,-125,-276,-21,86,115,109,135
7560,8049,-4606,-6874,5305,-65,227,-88,137,-108,-259,-21,220,97,139,172
7581,7422,-4354,-6272,5089,-142,843,-221,140,-97,-253,-22,209,95,145,149
7598,7311,-4404,-6220,5099,-142,843,-221,144,-92,-248,-22,208,89,137,135
7650,7363,-4315,-6441,4815,-30,596,14,153,-83,-233,-15,218,78,124,76
7667,7192,-4561,-6462,4924,-123,437,-74,155,-84,-230,-15,209,83,142,70
7698,7250,-4628,-6621,4890,18,476,-112,164,-75,-220,-10,173,92,142,60
7715,-6681,4370,7538,-2953,-79,684,-23,168,-73,-215,-11,219,426,148,78
7760,-7523,4195,7989,-3023,-73,519,-26,146,-59,-179,-13,312,183,418,77
7787,-8135,4171,8367,-3134,-36,535,74,126,-46,-151,-19,369,133,474,75
7808,-8251,4067,8520,-2940,65,620,-121,111,-35,-132,-27,417,113,521,66
7825,-8428,4001,8540,-3010,-1,199,142,101,-29,-122,-32,426,106,495,67
7873,-8732,3786,8678,2939,-35,27,111,67,-14,-71,-43,485,119,473,51
7890,-8745,3743,8623,2933,-14,-19,83,54,-10,-55,-39,496,105,475,45
7907,-8473,3645,8302,2947,-14,-19,83,37,-9,-34,-36,467,106,444,60
7969,-8601,3654,8495,3057,-50,-174,-24,-15,0,21,-30,438,110,430,59
8011,-8827,3815,8693,-2977,-7,-187,49,-48,9,59,-8,425,111,418,84
8038,-8952,3711,8646,-3062,128,-351,23,-67,16,84,-4,426,105,401,69
8104,-8890,3843,8557,-3259,17,-379,111,-107,21,126,-9,413,102,366,52
8121,-9080,4098,8556,-3744,249,-641,198,-115,23,137,-8,420,110,380,50
8139,-9118,4147,8581,-3806,-39,-667,40,-133,24,151,-6,434,114,338,54
8155,-9142,4114,8733,-3618,38,-410,-35,-144,26,161,-8,454,118,396,88
8187,-9309,4143,9096,-3400,-50,-625,13,-160,32,174,-10,487,123,394,71
8204,-9447,4360,9116,-3778,129,-675,157,-173,33,180,-11,498,127,440,107
8221,-9501,4401,9193,-3801,105,-784,4,-182,33,191,-12,513,141,501,109
8242,-9821,4423,9628,-3637,-2,-654,-3,-194,35,202,-15,568,157,465,105
8260,-9903,4479,9740,-3652,78,-716,26,-199,35,206,-14,636,161,573,129
8288,-10056,4331,10153,-3155,94,-785,-99,-228,38,228,-13,730,173,729,113
8308,-10090,4390,10210,-3202,26,-792,26,-240,38,237,-14,827,162,744,98
8326,-9935,4346,10025,-3215,26,-792,26,-259,39,261,-11,809,155,846,84
8343,-9994,4425,10065,-3316,33,-993,39,-270,37,270,-10,728,158,828,74
8361,-10366,4829,10448,-3707,108,-679,24,-288,39,288,-11,796,172,804,82
8378,-10531,4923,10618,-3774,108,-679,24,-299,36,302,-12,866,186,978,107
8399,-10411,4821,10603,-3533,-29,-1194,-55,-308,36,311,-9,997,219,1020,124
8416,-10318,4755,10812,-3107,51,-872,-104,-336,39,340,-7,972,206,1153,117
8433,-10378,4879,10856,-3255,215,-1027,19,-342,39,349,-6,933,208,1266,121
8451,-10542,5207,10989,-3644,156,-665,48,-355,43,363,-3,864,203,1201,140
8481,-9738,4820,10173,-3325,64,-3506,66,-385,49,409,-3,892,185,2071,125
8498,-9485,4577,9902,-3087,85,-961,-47,-400,53,418,-7,734,152,1567,110
8530,-9725,5367,10188,-3921,176,-1196,48,-408,54,426,-6,520,148,976,134
8561,-9717,5122,10319,-3481,111,-1201,-123,-421,60,444,-2,447,144,741,116
8578,-9891,5670,10361,-4250,211,-1359,199,-426,61,451,1,465,145,730,83
8657,-10534,5967,10972,-4550,137,-1431,-17,-455,82,497,3,753,218,1010,109
8698,-11233,6617,11435,-5263,248,-1206,-4,-478,92,534,3,1093,295,1515,177
8716,-11317,7120,11434,-5857,85,-1261,172,-502,99,575,2,1308,325,1561,208
8736,-11137,6929,11468,-5610,374,-1772,-70,-518,104,602,-2,1634,385,1691,275
8754,-11046,7737,11264,-6676,99,-1294,287,-541,107,623,-9,1488,385,1805,273
8771,-11033,7845,11289,-6734,234,-1380,24,-566,118,643,-19,1282,380,1579,263
8788,-11176,8321,11433,-7205,141,-1489,185,-583,127,661,-30,1354,445,1587,290
8809,-10980,8100,11159,-7114,141,-1489,185,-591,137,677,-32,1338,471,1508,388
8826,-11059,8036,11338,-6897,176,-1240,-26,-596,145,688,-35,1293,457,1416,368
8843,-10505,8911,10680,-8137,377,-2209,403,-619,155,708,-49,1115,492,1305,392
8860,-9939,9477,9799,-9269,369,-1642,291,-637,169,716,-66,870,520,1041,472
8878,-9565,8994,9909,-8206,346,-1804,-157,-637,185,716,-81,759,608,825,781
8898,-8733,9612,9076,-9104,288,-1782,173,-634,193,713,-84,582,531,608,634
8940,-7311,10719,7536,-10839,587,-2133,189,-607,253,697,-130,418,907,375,1514
8958,-7181,10381,7616,-10237,321,-1701,-37,-597,280,688,-156,387,974,339,1769
8989,-6220,9790,6706,-9700,394,-3261,93,-581,331,673,-199,314,947,274,2297
9006,-6415,9512,7138,-9099,414,-1620,-91,-572,349,658,-219,251,793,231,1741
9024,-6454,9933,7104,-9705,229,-1806,206,-564,367,644,-239,228,691,216,1389
9041,-6514,9523,7253,-9138,90,-2117,-33,-556,374,638,-250,227,662,199,1266
9058,-6437,9144,7278,-8602,90,-2117,-33,-542,391,622,-267,207,596,194,1053
9079,-6105,9113,7125,-8442,73,-2381,189,-532,404,610,-279,176,529,181,856
9096,-6404,8621,7520,-7716,89,-1803,-127,-525,412,597,-281,153,457,184,665
9114,-6666,8306,7899,-7197,189,-1745,-120,-520,416,588,-280,145,374,197,476
9131,-6539,8392,7786,-7343,131,-2228,72,-512,416,579,-279,138,333,188,379
9173,-6880,8252,8374,-6884,-10,-1889,66,-498,417,562,-277,123,298,205,320
9215,-7296,8055,8923,-6443,-70,-1576,-34,-485,413,549,-278,128,261,245,212
9236,-7434,8137,9113,-6457,48,-1822,-13,-481,409,546,-273,137,263,279,215
9253,-7571,7889,9394,-5979,-75,-1956,-114,-478,408,541,-263,155,265,302,208
9271,-7598,8093,9402,-6249,-23,-1746,42,-475,402,544,-258,162,263,326,191
9288,-7717,7941,9601,-5950,-81,-1940,-80,-467,395,542,-252,156,257,366,190
9305,-7794,8083,9673,-6094,-127,-1615,25,-460,393,542,-250,174,262,368,214
9323,-7874,8338,9676,-6451,-118,-1704,66,-453,391,546,-243,171,277,405,228
9354,-8201,8395,9812,-6653,-118,-1704,66,-448,391,542,-241,196,286,481,256
9372,-7647,9046,9272,-7494,-125,-2061,158,-440,394,542,-240,219,312,460,232
9392,-7701,9004,9321,-7434,-220,-1719,17,-434,396,542,-238,237,352,448,296
9409,-7709,9152,9320,-7609,-206,-1637,68,-428,401,540,-238,230,380,417,363
9427,-7384,9957,8856,-8778,157,-1297,211,-428,401,540,-238,226,468,389,327
9444,-7231,10150,8634,-9113,-168,-1995,130,-415,416,540,-243,228,545,350,542
9462,-7065,10206,8423,-9260,-218,-1677,121,-405,428,537,-251,234,652,334,670
9482,-6881,10339,8215,-9470,8,-1704,111,-392,439,533,-266,241,727,308,861
9535,-5232,9486,6075,-9317,-247,-2552,255,-356,475,511,-300,203,695,229,995
9552,-4900,9621,5690,-9587,-3,-1639,185,-344,484,500,-310,173,600,192,1011
9570,-4941,9724,5833,-9578,-61,-1418,49,-329,495,487,-326,164,551,174,957
9591,-4845,10016,5727,-9940,-130,-1363,178,-302,511,461,-357,159,561,166,1131
9633,-3851,10413,4636,-10669,-286,-1791,150,-264,543,422,-408,186,660,145,1257
9650,-4131,10130,4910,-10278,-286,-1791,150,-254,554,414,-425,176,671,137,1737
9667,-4373,9860,5144,-9920,-286,-1791,150,-232,588,387,-463,167,602,117,1906
9685,-4619,9573,5383,-9557,-286,-1791,150,-219,601,372,-479,157,528,143,1594
9705,-4891,9281,5651,-9185,-286,-1791,150,-203,616,352,-502,143,443,144,1133
9723,-5086,9076,5847,-8917,-286,-1791,150,-195,625,343,-517,131,379,141,868
9740,-5269,8889,6031,-8672,-286,-1791,150,-183,635,328,-522,110,328,147,661
9757,-5439,8736,6206,-8481,-286,-1791,150,-174,641,315,-530,114,297,136,500
9775,6499,10312,-5699,-11402,670,-1521,146,-168,638,302,-531,194,436,162,1077
9795,6592,9654,-5418,-10213,-15,-2066,-66,-143,633,269,-544,285,575,258,2555
9813,6733,9741,-5555,-10342,-32,-1466,143,-138,632,252,-550,298,525,219,2013
9830,6635,9046,-5278,-9312,-76,-2013,-69,-119,634,218,-560,284,481,207,1826
9848,6690,9112,-5284,-9380,-62,-1382,93,-102,637,189,-563,282,410,213,1349
9865,6611,8528,-5118,-8616,42,-1912,-48,-96,635,173,-565,259,372,186,977
9886,6556,8581,-4871,-8485,-64,-1614,-9,-96,635,173,-565,253,337,177,932
9903,6234,8001,-4379,-7562,-267,-1785,-121,-68,615,134,-562,216,282,155,711
9920,5393,7589,-3266,-6614,-216,-1419,-116,-52,608,114,-555,169,235,130,512
9938,5216,6995,-2983,-5773,-322,-2088,-141,-46,602,104,-551,145,198,108,338
9955,4998,6379,3156,-4883,-296,-1842,-162,-35,589,85,-545,67,125,179,225
9976,4498,6553,3739,-4917,-548,-1485,-57,-27,585,72,-542,66,109,130,165
10004,3633,5444,4696,-3338,-539,-1877,-99,-16,562,78,-530,65,107,103,134
10035,3527,4922,4696,3040,-464,-1563,-61,-8,549,84,-518,56,80,103,85
10052,3313,4464,4687,3395,-708,-1540,17,-8,545,87,-514,48,67,102,117
10070,3044,3933,4917,4047,-671,-1514,-102,-8,545,87,-514,44,61,102,158
10087,2970,3503,4875,4441,-522,-1397,-36,3,536,94,-479,48,47,103,149
10104,-2906,3104,4756,4681,-507,-1336,-1,12,535,96,-444,40,45,96,168
10122,-2953,-3182,4498,4863,-653,-1580,72,25,524,99,-405,45,78,94,183
10139,-3100,-3644,4253,4949,-736,-1474,146,34,501,101,-385,48,114,101,184
10156,-3305,-4040,4177,5137,-719,-1256,85,46,474,100,-355,65,129,103,202
10188,-3736,3249,4058,-2962,-625,-773,208,50,417,83,-293,93,132,93,220
10219,-3975,2943,3478,-3522,-166,-973,309,52,384,73,-269,88,115,98,142
10236,-4002,-3017,3605,-3207,-491,-973,71,43,346,64,-241,76,110,88,117
10254,-3808,-3169,3476,-2994,-276,-1051,117,40,338,62,-229,78,113,83,90
10271,-3745,3032,3560,-3318,-276,-1051,117,38,314,52,-213,73,101,92,91
10288,-3922,3444,3886,-3595,-419,-725,54,35,276,40,-205,65,76,92,86
10306,-4016,3082,3925,-3196,-556,-1272,157,31,268,33,-208,63,61,82,68
10327,-4007,3456,4082,-3422,-158,-712,44,30,264,30,-211,61,47,88,62
10341,-4164,3030,4418,3125,-271,-785,-29,28,260,26,-212,71,74,108,148
10361,-4336,3360,4819,3058,-301,-573,-18,24,238,22,-207,133,634,121,149
10379,-4303,3592,4966,3007,-89,-717,-44,25,204,19,-194,106,393,117,113
10396,-4435,3918,5284,2913,-178,-511,-63,17,195,16,-184,99,254,117,96
10413,-4668,4073,5810,3121,-254,-609,-193,13,192,12,-174,93,177,123,88
10431,-4671,4237,6078,3217,-27,-567,-162,10,189,12,-167,81,136,110,68
10451,-4831,4295,6402,3318,0,-607,-161,1,180,3,-136,77,107,144,67
10469,4360,-6883,-3508,8140,-136,-431,-88,-3,175,7,-120,83,154,143,120
10486,4385,-6815,-3557,7979,-34,-323,-45,-3,159,6,-94,97,203,128,289
10503,4441,-6834,-3654,7905,-89,-513,-34,-5,140,8,-65,99,219,113,337
10521,4411,-6590,-3646,7567,-89,-513,-34,-4,130,14,-55,104,228,113,501
10538,4487,-6668,-3800,7556,-89,-513,-34,1,114,19,-44,102,223,115,477
10555,4746,-6957,-4096,7830,63,-386,-34,1,104,17,-33,105,233,104,456
10573,4663,-6997,-4205,7689,-47,-264,99,3,87,20,-27,109,238,116,516
10604,4352,-7016,-4202,7493,-205,-40,92,7,62,21,-17,114,232,123,438
10622,4623,-7059,-4405,7618,243,-292,-45,10,50,20,-10,121,246,111,495
10639,4458,-7177,-4472,7543,28,-80,159,12,46,18,-4,118,268,104,511
10656,4198,-7326,-4453,7499,0,-10,130,13,36,16,3,118,273,113,498
10674,4063,-7542,-4485,7595,-102,-316,167,15,21,14,16,107,280,118,472
10691,4107,-7556,-4495,7659,10,222,15,18,15,12,21,103,294,121,429
10708,4165,-7622,-4537,7759,28,102,23,22,11,12,27,116,313,129,396
10750,4070,-8241,-4643,8275,-63,10,12,21,-13,13,56,123,384,128,549
10764,4077,-8132,-4616,8191,-63,10,12,22,-17,12,58,123,378,136,550
10781,3946,-8264,-4612,8228,47,302,108,23,-30,10,75,119,385,138,576
10813,3770,-8967,-4722,8751,27,55,78,25,-56,13,94,116,417,120,558
10830,3765,-8817,-4722,8595,27,55,78,27,-75,14,102,119,459,130,765
10844,3683,-9356,-4768,9131,-66,79,17,25,-81,13,106,135,552,144,800
10861,3502,-9491,-4729,9181,191,330,135,27,-90,14,119,153,655,156,971
10882,3599,-9503,-4770,9265,-83,298,-33,25,-111,11,133,172,680,154,855
10899,3212,-9681,-4572,9336,-136,224,140,24,-125,12,149,168,717,149,1020
10916,2955,-9751,-4466,9299,0,449,126,23,-137,11,159,182,820,134,846
10934,-2945,-9860,-4430,9380,11,288,70,23,-151,10,172,176,878,152,829
10965,-3446,-10620,-4355,9874,159,237,107,27,-172,14,194,204,1054,167,1265
10982,-3458,-10726,-4349,10013,33,476,52,19,-184,10,201,264,1419,189,1343
11003,-3388,-10438,-4312,9789,33,476,52,13,-197,7,210,261,1462,187,1519
11020,-3387,-10439,-4241,9856,-34,661,25,0,-225,-1,235,276,1504,193,1507
11037,-3474,-10442,-4116,9897,43,649,71,-11,-242,-5,244,262,1425,183,1523
11054,-3406,-10471,-4098,10002,38,599,9,-19,-259,-9,257,253,1442,181,1891
11075,-3185,-10449,-4161,10107,101,667,-24,-30,-282,-10,271,251,1374,188,1708
11092,3112,-10684,-4544,10418,20,899,-71,-36,-298,-14,289,267,1318,190,1826
11110,3451,-10585,-4740,10381,208,942,-76,-39,-317,-21,309,270,1353,186,1906
11127,3866,-10552,-4986,10448,-3,803,-152,-36,-344,-27,335,270,1324,188,1984
11144,4028,-10527,-5086,10452,25,908,-72,-36,-344,-27,335,256,1193,201,1770
11189,4721,-10294,-5593,10242,228,944,-23,-26,-403,-44,405,264,1094,202,2177
11207,5036,-10167,-5787,10178,64,1099,-132,-22,-428,-47,428,282,1141,213,1911
11224,5087,-10080,-5870,10027,260,1189,-32,-21,-438,-52,450,256,1029,188,1850
11241,5338,-10082,-6088,10004,210,1000,-85,-23,-446,-54,463,258,956,207,1515
11259,5121,-10225,-5999,10031,-10,1052,27,-22,-453,-57,475,251,891,208,1608
11290,5071,-10159,-6059,9780,177,1229,2,-20,-468,-63,496,235,814,213,1862
11307,5225,-10185,-6209,9776,104,1396,-74,-15,-476,-62,501,229,764,201,1463
11328,5102,-10249,-6211,9746,225,1343,24,-13,-486,-64,511,230,783,210,1178
11345,4713,-10671,-6209,9855,37,949,48,-7,-493,-68,526,243,859,214,1141
11387,4050,-10896,-5784,9988,78,1310,18,-5,-519,-73,532,239,1182,203,1585
11418,3890,-11379,-5716,10504,-47,1221,69,-4,-539,-71,549,400,2613,231,1712
11445,3054,-11381,-5337,10619,96,1455,72,-3,-472,-72,571,776,5757,362,2184
11463,3048,-11383,-5440,10928,97,1347,18,-3,-463,-70,573,708,5170,383,2294
11484,-3248,-11384,-5234,11149,233,1477,152,-4,-484,-60,607,639,4228,355,3071
11526,-4062,-11383,-4866,11155,5,1804,162,-18,-572,-48,692,439,2337,290,3457
11544,-4732,-11382,-4439,11036,-14,1651,180,-25,-619,-42,731,356,1792,268,2772
11561,-4660,-11380,-4495,11028,131,1301,38,-33,-667,-39,779,296,1363,220,2413
11578,-5552,-11379,-3805,10468,44,1809,164,-35,-692,-39,805,266,1101,207,1851
11596,-6254,-11377,-3283,9942,27,1449,210,-43,-753,-35,859,226,854,186,1599
11613,-6545,-11376,-3037,9555,-19,1461,112,-50,-781,-29,878,226,678,157,1274
11644,-6955,-11373,3126,9104,3,1333,28,-62,-832,-13,898,211,496,157,857
11675,-8064,-10054,4147,7626,-442,3172,435,-83,-875,9,928,220,598,138,661
11693,-8311,-9969,4307,7514,-9,1636,95,-87,-878,11,931,240,516,132,489
11710,-8303,-10219,4315,7864,-29,1376,59,-112,-871,26,901,283,495,140,402
11731,-7573,-10389,3840,8256,10,1304,-70,-132,-843,36,884,309,563,142,375
11748,-7423,-10526,3729,8411,118,1512,42,-141,-830,36,873,315,686,138,357
11766,-7204,-10625,3568,8528,118,1512,42,-141,-830,36,873,294,774,145,335
11783,-7306,-10739,3635,8617,39,1505,24,-174,-775,39,800,283,816,136,531
11814,-6111,-11172,-2981,9305,189,1916,-242,-185,-752,40,753,327,1001,146,632
11856,-4428,-11365,-4312,9842,101,1670,-100,-190,-753,30,715,335,1534,189,956
11874,-4370,-11365,-4237,10027,101,1670,-100,-187,-775,20,700,284,1405,173,1304
11891,-3622,-11364,-4730,10137,200,1872,-197,-188,-790,14,697,254,1226,170,1194
11912,2905,-11084,-5134,10088,58,2019,-205,-186,-820,-2,700,233,1089,176,1283
11929,3839,-10933,-5777,10134,175,1514,-235,-173,-832,-19,705,218,930,173,1233
11947,5164,-10839,-6894,10063,171,1278,-161,-160,-833,-34,696,231,889,203,1440
11978,5497,-10328,-7030,9666,481,2203,-192,-135,-822,-60,688,237,795,220,1119
11995,6320,-10043,-7590,9484,-32,1842,-303,-128,-819,-66,689,233,677,254,1130
12013,7076,-9842,-8127,9346,3,1619,-281,-107,-814,-103,692,246,544,296,999
12069,9047,-8592,-9648,7942,310,1761,-105,-34,-774,-163,667,406,335,484,499
12086,9206,-8535,-9846,7769,89,1613,-193,-20,-766,-171,662,579,323,588,463
12103,8550,-8614,-9484,7604,40,1969,-9,-5,-753,-191,648,525,299,650,432
12145,9553,-7942,-10301,6806,384,2065,-212,71,-711,-263,603,546,268,612,348
12162,9266,-8058,-10140,6825,85,1535,-36,90,-699,-283,592,566,264,767,327
12193,9012,-8019,-9899,6775,252,1970,-160,118,-684,-305,576,514,257,737,264
12211,8696,-8082,-9583,6878,252,1970,-160,152,-661,-348,554,482,239,640,262
12242,8139,-8253,-9039,7111,252,1970,-160,175,-643,-369,535,391,247,550,268
12273,7732,-8404,-8652,7305,252,1970,-160,197,-625,-388,515,317,252,446,279
12291,7536,-8496,-8472,7421,252,1970,-160,204,-615,-394,508,307,266,388,297
12308,7376,-8579,-8333,7515,252,1970,-160,210,-604,-400,503,272,268,352,291
12364,8595,-7891,-9511,6513,83,2054,-188,234,-581,-413,480,298,242,456,200
12381,8589,-7905,-9582,6439,-57,1753,-95,247,-569,-422,468,345,259,463,202
12399,8013,-8420,-9371,6713,-23,1471,65,257,-559,-433,458,318,252,467,214
12416,8258,-7525,-9379,5889,-50,1874,-189,269,-550,-441,449,304,263,470,230
12434,8139,-7651,-9342,5962,35,1611,-23,281,-545,-448,440,274,229,463,256
12451,8618,-7414,-9670,5781,-158,1613,-212,289,-536,-459,433,246,222,454,220
12472,8530,-7704,-9504,6220,-158,1613,-212,299,-523,-468,416,261,219,446,202
12490,8153,-7835,-9337,6192,-39,1904,3,310,-512,-476,406,289,237,419,232
12531,9078,-7153,-9877,5660,-153,1727,-239,334,-480,-503,374,348,212,486,156
12549,8735,-7316,-9733,5665,-7,1828,2,340,-472,-511,362,349,214,500,207
12566,8946,-7397,-9984,5666,-49,892,-60,348,-465,-521,350,342,220,525,195
12584,9098,-5926,-9638,4488,74,3423,-408,360,-456,-528,338,343,220,500,201
12605,8957,-5819,-9483,4409,-43,1512,-74,371,-440,-535,319,336,184,482,177
12622,8687,-6169,-9429,4621,-229,1639,-13,376,-434,-543,309,334,149,436,157
12639,8470,-6424,-9343,4806,-229,1639,-13,384,-426,-550,298,303,134,406,132
12657,9581,-5441,-9961,4035,-32,1594,-291,390,-410,-558,284,330,140,374,109
12674,9022,-4907,-9302,3612,-79,2463,-126,404,-394,-565,270,355,130,438,100
12716,8057,-4302,-8026,3451,-288,1844,-253,421,-360,-573,224,291,101,323,79
12747,7615,-4130,-7693,3222,36,1745,-58,431,-334,-575,194,234,80,253,72
12765,7373,-3511,-7342,-3121,8,1589,-153,435,-322,-576,180,198,71,228,58
12782,6852,-3067,-6684,-3377,-223,2336,-213,436,-317,-575,173,162,60,192,51
12803,6976,-3069,-6778,-3339,-75,1465,-129,441,-293,-570,140,132,76,148,40
12821,6408,2917,-6213,-3442,-231,1884,-117,441,-275,-569,124,128,65,143,27
12838,6550,-3023,-6453,-3406,-104,1276,-36,440,-267,-568,115,102,83,124,67
12856,6713,-3453,-6685,-3106,-104,1276,-36,442,-242,-565,92,99,68,119,56
12873,5916,3066,-5752,-3695,-157,1504,-2,445,-225,-563,74,87,71,118,64
12890,5088,2900,-5136,-3530,-158,1610,34,444,-202,-558,52,72,67,103,61
12922,4362,3167,-4106,-3308,-190,1192,-6,443,-168,-549,27,51,51,76,49
12939,4075,3632,-3518,-3444,-91,2134,-380,444,-160,-548,21,49,48,68,37
12970,3422,3402,3081,2914,-265,1432,-57,437,-116,-532,-16,40,44,60,37
12987,3110,3476,3430,2929,-198,1298,-220,436,-98,-513,-27,29,44,125,53
13005,-3495,2997,3923,3280,-344,1688,38,432,-83,-492,-31,21,42,164,58
13025,-3714,3063,4274,3429,-157,1233,-194,427,-65,-456,-34,45,48,161,46
13067,-6063,-3704,6248,4602,-418,1392,-88,370,-40,-379,-29,167,65,202,70
13084,-5818,-3969,5855,4703,-418,1392,-88,352,-37,-358,-22,181,75,231,76
13101,-7600,-4596,6842,4805,-146,1024,196,317,-31,-326,-5,221,86,254,91
13147,-11344,4286,10235,-4587,-99,697,100,242,-20,-255,28,586,246,327,102
13164,-10968,4262,9860,-4552,-51,639,-19,239,-19,-251,30,2989,490,1209,356
13181,-10649,4213,9553,-4588,-183,537,71,127,-15,-197,38,2768,439,1335,353
13199,-9770,4087,8814,-4543,-183,537,71,51,-14,-140,34,1956,332,1041,268
13216,-9238,4067,8401,-4541,-314,697,53,0,-14,-96,33,1363,260,788,203
13247,-8551,4229,7977,-4620,1,50,12,-50,-14,-70,34,850,166,533,157
13265,-7742,4140,7304,-4535,1,50,12,-69,-12,-44,34,659,146,486,155
13282,-7359,4153,7044,-4467,-7,5,-20,-73,-10,-29,19,498,126,397,142
13310,-7447,4287,7180,-4465,36,-201,-51,-76,-11,-11,3,363,114,301,110
13341,-7184,4359,7068,-4311,181,-144,5,-91,-13,11,-2,256,104,270,106
13358,-6874,4346,6748,-4320,181,-144,5,-93,-9,18,-4,221,94,259,118
13376,-7151,4438,7132,-4218,36,-189,-41,-98,-5,33,-8,222,97,230,89
13393,-7186,4466,7132,-4254,93,-319,22,-98,-5,33,-8,220,93,248,78
13410,-7071,4407,7222,-3947,105,-395,-165,-107,0,45,-9,211,94,249,98
13438,-7242,4412,7217,-4100,-7,-195,54,-107,5,57,-12,199,87,235,87
13504,-7883,4408,7986,-3779,142,-149,-34,-119,18,86,-16,220,89,284,136
13532,-8255,4362,8380,-3615,-11,-103,-83,-124,20,94,-16,261,104,324,91
13574,-8894,4525,9001,-3676,63,-167,-58,-134,23,114,-20,388,115,423,107
13595,-8566,4447,8941,-3312,208,-1123,-275,-141,28,127,-24,415,119,475,104
13612,-8788,4430,9107,-3303,-71,-373,-8,-145,28,133,-28,409,129,507,77
13640,-9219,4294,9539,-3028,57,-508,-182,-153,29,142,-32,479,130,506,107
13671,-9807,4572,9946,-3430,36,-583,117,-168,35,170,-43,554,138,668,105
13689,-9807,4508,9771,-3520,36,-583,117,-174,37,179,-48,648,157,672,112
13709,-9986,4815,9746,-4049,261,-717,178,-194,39,203,-56,708,164,743,115
13727,-10402,5034,10190,-4168,34,-521,37,-208,40,218,-53,866,192,729,119
13744,-10385,4901,10336,-3810,23,-704,-83,-211,41,221,-51,984,221,906,152
13762,-10495,5288,10287,-4439,118,-721,198,-243,42,247,-41,1079,238,1022,157
13793,-10426,5409,10394,-4405,127,-514,64,-283,44,270,-41,1114,238,1030,187
13810,-10473,5400,10559,-4272,82,-650,-37,-293,46,287,-41,1147,244,1126,184
13828,-10535,5463,10698,-4252,82,-650,-37,-293,46,287,-41,1215,241,1223,186
13845,-10364,5401,10622,-4096,177,-1508,-41,-328,50,324,-45,1170,246,1252,188
13865,-10493,5757,10771,-4450,355,-800,35,-349,51,347,-52,1096,261,1220,214
13893,-10468,5860,10932,-4324,168,-1072,-86,-372,56,377,-54,1075,270,1426,215
13935,-10383,6355,10554,-5194,240,-1130,20,-410,64,428,-57,907,264,1202,199
13956,-10204,6544,10391,-5408,444,-1344,65,-421,70,448,-62,864,274,1093,191
13973,-10222,6666,10388,-5552,109,-1162,66,-421,71,450,-61,855,284,996,182
13991,-10141,7099,10230,-6162,469,-1393,148,-445,81,480,-50,785,286,928,194
14008,-10015,7051,10223,-5998,338,-1411,-47,-461,87,501,-47,778,306,842,183
14064,-9900,8286,10104,-7519,321,-1431,211,-483,111,528,-44,633,334,684,292
14092,-9901,8564,10239,-7726,236,-1498,204,-492,122,541,-45,645,359,734,324
14109,-10090,8269,10494,-7288,314,-1506,-115,-497,128,545,-45,678,407,834,362
14141,-10264,8522,10715,-7538,297,-1541,-88,-509,150,565,-53,723,486,848,567
14172,-10125,9001,10266,-8505,351,-1676,260,-518,165,582,-63,693,571,841,557
14190,-10319,8908,10608,-8188,277,-1263,-59,-525,177,593,-72,743,569,772,627
14207,-10212,9241,10475,-8627,359,-1762,144,-525,187,599,-79,757,603,847,881
14224,-10240,9201,10568,-8491,293,-1656,-13,-529,197,604,-88,773,641,818,727
14242,-10047,9640,10360,-9061,315,-1509,162,-530,207,607,-95,813,650,852,808
14263,-9930,9550,10294,-8922,103,-1445,34,-536,228,610,-122,752,702,773,924
14291,-9325,9397,9838,-8673,160,-1944,98,-534,253,610,-150,666,675,720,754
14357,-8234,9156,8894,-8406,240,-2724,-69,-521,302,608,-189,436,631,432,590
14377,-7945,9492,8517,-8973,316,-1355,177,-515,317,604,-201,398,640,426,828
14394,-7884,9444,8467,-8931,167,-1882,47,-509,328,599,-207,334,610,378,804
14411,-7846,9297,8473,-8731,61,-1818,27,-505,333,596,-211,334,638,361,929
14429,-7841,9416,8491,-8864,273,-1348,50,-502,339,594,-212,312,600,337,974
14450,-7561,9641,8092,-9334,142,-2182,198,-502,339,594,-212,315,579,302,1074
14467,-7574,9337,8238,-8832,-24,-1866,-45,-479,371,568,-237,289,601,286,889
14484,-7377,9599,7965,-9300,159,-1779,181,-475,381,562,-243,262,581,280,773
14502,-7654,9292,8448,-8678,153,-1463,-117,-467,392,551,-258,261,615,256,931
14519,-7293,9569,8084,-9097,-6,-2131,234,-462,405,544,-268,253,580,289,927
14550,-7117,9510,8165,-8795,-22,-1655,94,-444,420,528,-283,252,581,301,911
14568,-6959,9857,7706,-9604,231,-1665,229,-437,430,521,-290,241,561,292,863
14585,-7033,9874,7798,-9607,-7,-1617,41,-434,432,516,-292,253,634,273,924
14606,-7177,9748,7994,-9387,-7,-1617,41,-419,449,505,-306,246,672,263,1006
14634,-5544,7909,6172,-7753,-231,-1685,10,-409,458,494,-323,217,544,250,1033
14655,-5909,8015,6733,-7581,-231,-1685,10,-396,464,483,-333,169,384,200,701
14672,-6134,8243,7040,-7706,-87,-1574,40,-388,466,474,-335,160,323,166,541
14700,-6480,8327,7458,-7661,-56,-1996,-122,-376,464,464,-336,144,302,172,445
14745,-6755,8790,7837,-8008,-112,-1603,36,-357,461,449,-342,142,350,220,565
14797,-6944,9514,8071,-8746,-197,-1353,28,-340,462,433,-344,213,401,252,579
14828,-6656,9812,8012,-8884,-320,-1879,204,-332,468,430,-344,221,519,281,594
14846,-6946,9664,8095,-8900,-320,-1879,204,-320,472,424,-353,210,590,258,594
14863,-6851,9919,8192,-8982,-11,-1301,-55,-312,481,417,-361,204,571,275,679
14881,-6947,10012,8399,-8945,-11,-1301,-55,-302,486,411,-371,217,626,277,690
14898,-7163,9687,8754,-8348,-408,-2023,-111,-297,491,410,-375,221,620,300,780
14919,-6547,9976,7987,-8968,-302,-1912,178,-289,498,406,-374,251,598,314,702
14936,-6804,9789,8032,-8954,-302,-1912,178,-281,503,411,-376,232,635,306,658
14964,-6879,10093,8099,-9270,-102,-1497,-45,-268,510,416,-383,244,641,264,703
14985,-6693,10197,7842,-9476,-272,-1733,139,-258,515,410,-391,245,688,275,764
15014,-6399,10371,7399,-9878,-301,-1754,2,-250,527,405,-400,252,727,279,941
15031,-6281,10383,7318,-9871,-213,-1554,86,-239,537,398,-409,264,740,293,1070
15052,-6188,10721,7136,-10382,-221,-1089,149,-229,543,386,-422,284,868,289,1392
15104,-5940,10182,6923,-9754,-224,-1404,64,-206,564,364,-449,271,935,249,1540
15121,-6095,10108,7077,-9638,-224,-1404,64,-196,579,359,-462,248,833,238,1493
15142,-6270,10016,7239,-9511,-224,-1404,64,-177,587,340,-474,248,781,250,1448
15159,-6439,9952,7401,-9412,-224,-1404,64,-167,589,332,-480,235,694,257,1256
15177,-6585,9913,7541,-9344,-224,-1404,64,-161,593,325,-487,243,646,247,1032
15208,-6815,9819,7765,-9203,-224,-1404,64,-148,601,311,-497,251,590,267,938
15225,-6933,9781,7882,-9139,-224,-1404,64,-141,602,303,-499,243,548,277,935
15267,3894,10615,-2999,-11095,-375,-1938,62,-124,613,282,-516,345,945,253,2073
15298,4336,9910,-3630,-10562,-342,-1995,162,-103,625,239,-547,302,938,225,3323
15326,4484,9756,-3653,-10298,-349,-1674,82,-91,628,204,-566,236,710,164,2514
15346,4673,8901,-3843,-9362,-109,-2113,100,-68,635,171,-581,178,523,140,1967
15363,4354,8835,-3339,-9036,-293,-1559,-49,-53,635,151,-590,144,417,116,1448
15381,4250,8064,-3223,-8105,-291,-1979,-2,-37,634,136,-596,122,339,111,953
15398,4110,7928,-3013,-7839,-291,-1979,-2,-29,631,123,-599,110,270,101,649
15419,3705,6751,3422,-6109,-421,-1732,-66,-22,627,113,-602,108,237,99,519
15436,3408,6051,3859,-5065,-444,-1960,-140,-9,621,95,-607,102,201,95,387
15464,-2954,4872,4547,-3422,-446,-2037,-81,-1,615,85,-605,73,123,98,198
15485,-3259,4153,4850,3287,-604,-1987,-90,-1,607,83,-603,64,91,101,168
15527,-4171,-3579,5843,5783,-596,-1935,-148,6,596,83,-554,51,62,125,205
15579,-4608,-5786,5852,7851,-572,-1547,-33,-12,491,94,-428,102,228,154,394
15596,-4647,-5308,5881,7294,-572,-1547,-33,-14,476,97,-411,111,288,169,642
15617,-4673,-6251,5561,8011,-618,-1533,99,-29,434,99,-363,121,339,159,603
15635,-4786,-5796,5607,7401,-618,-1533,99,-38,383,96,-316,109,298,176,539
15652,-4684,-5922,5455,7465,-384,-1306,33,-38,383,96,-316,98,276,167,505
15669,-4627,-6241,5228,7626,-566,-1552,123,-55,336,96,-268,121,346,166,605
15700,-4099,-6829,4782,8302,-363,-1344,71,-65,288,97,-230,113,356,168,573
15742,-3127,-7480,3843,8945,-395,-1404,11,-84,235,90,-181,114,379,148,824
15759,3248,-7571,3286,8953,-395,-1404,11,-90,216,89,-160,101,381,136,702
15777,3810,-8126,-3089,9470,-299,-1999,2,-95,191,87,-146,109,366,125,779
15798,4575,-8023,-3663,9440,72,-864,-87,-91,171,84,-135,144,461,138,1041
15815,-5385,-6878,6491,9080,-92,-515,-45,-83,150,79,-112,149,461,166,1096
15832,-5619,-6695,6602,8784,-41,-522,60,-81,138,82,-101,151,384,191,1217
15849,5867,-7004,-4916,8127,107,-317,5,-77,114,81,-72,192,364,194,1075
15891,5690,-6353,-4791,7373,9,-34,4,-63,83,67,-39,173,294,179,690
15922,5314,-6143,-4765,6789,53,-18,82,-53,58,59,-15,162,293,150,443
15939,5341,-6018,-4799,6633,275,-1,37,-47,49,52,-6,141,243,146,410
15957,5251,-5959,-4799,6476,193,93,86,-44,40,47,1,134,213,144,360
15974,4964,-5944,-4717,6272,17,167,165,-37,30,42,10,129,216,150,300
15991,4870,-5968,-4663,6280,32,101,52,-27,19,36,20,111,192,143,254
16005,4831,-6062,-4676,6342,142,197,54,-25,13,35,25,113,189,141,256
16023,4750,-6159,-4668,6400,0,75,85,-17,5,33,31,107,168,129,251
16040,4852,-6557,-4794,6845,11,206,-50,-16,0,31,32,104,173,119,224
16057,4783,-6659,-4772,6943,1,306,60,-9,-9,28,37,111,181,124,242
16075,4696,-6743,-4752,6999,1,306,60,-6,-13,23,40,94,192,125,293
16092,4504,-6992,-4720,7153,-13,53,104,-3,-18,18,42,100,202,139,298
16134,4808,-7379,-4918,7688,5,215,-132,6,-28,9,53,94,230,119,342
16151,4594,-7574,-4858,7777,-18,314,115,10,-36,6,57,108,274,129,417
16179,4427,-8158,-4879,8285,48,16,21,13,-45,-2,69,125,319,151,440
16196,4569,-8277,-4928,8502,-89,439,-67,14,-49,-4,72,125,343,143,575
16213,4260,-8495,-4813,8591,-6,279,164,19,-61,-6,78,126,387,144,571
16231,4347,-8665,-4907,8775,35,200,-33,21,-69,-9,88,129,415,147,548
16248,4161,-8960,-4849,9002,-168,141,108,22,-71,-13,91,136,492,162,618
16279,3957,-9427,-4832,9368,-80,374,59,25,-92,-18,112,156,598,153,806
16296,3976,-9578,-4869,9517,40,317,39,25,-102,-21,119,171,676,160,814
16324,4136,-10282,-5088,10248,-46,417,-3,25,-116,-24,138,230,957,183,1221
16345,4132,-10032,-5006,10045,-46,417,-3,28,-135,-27,156,259,1134,209,1705
16362,3944,-10214,-4971,10113,69,362,100,30,-143,-29,165,285,1224,216,2621
16380,4070,-10251,-5053,10189,-3,550,-35,35,-165,-29,188,299,1330,223,2243
16397,3924,-10317,-5018,10172,173,616,89,37,-183,-32,208,297,1356,244,2126
16415,3788,-10351,-4990,10122,29,645,50,42,-196,-32,219,272,1277,226,1916
16435,3785,-10437,-5021,10203,30,407,14,44,-220,-36,237,277,1262,214,1918
16477,4348,-10519,-5525,10324,255,686,14,52,-274,-38,288,295,1438,216,2508
16495,4094,-10515,-5410,10225,4,845,66,53,-287,-38,303,294,1456,229,2098
16512,4366,-10420,-5586,10193,150,976,-80,53,-287,-38,303,299,1392,243,2046
16529,4840,-10592,-5985,10397,85,959,-59,43,-317,-43,336,307,1388,266,1999
16550,4821,-10392,-6011,10096,412,1283,39,40,-345,-44,368,305,1326,268,2089
16567,5133,-10265,-6255,9960,369,1066,-58,35,-364,-46,386,289,1202,253,1993
16584,5070,-10218,-6244,9840,156,1196,22,32,-377,-49,400,298,1202,268,1908
16615,4976,-10435,-6309,9891,186,1052,28,29,-395,-51,427,244,1017,244,1463
16633,4947,-10192,-6269,9614,186,1052,28,27,-422,-52,450,245,1013,236,1246
16650,4727,-10221,-6176,9534,305,1457,94,25,-430,-54,455,249,994,234,1170
16668,4577,-10587,-6214,9768,243,1261,84,21,-445,-55,469,241,1052,237,1220
16698,4243,-10925,-6235,9817,271,1164,59,18,-466,-55,484,248,1125,241,1617
16716,3926,-10934,-5985,9814,84,1744,137,15,-491,-58,500,266,1335,231,1702
16736,3854,-10924,-5916,9841,308,1282,59,13,-516,-56,511,251,1331,240,1381
16753,3660,-10953,-5744,9916,226,1614,93,12,-537,-57,521,251,1248,223,1742
16806,-3725,-10754,-4848,9301,87,1429,95,15,-588,-51,547,243,1213,222,1585
16837,-4494,-11275,-4301,9917,53,1691,76,7,-650,-42,571,233,1001,193,1324
16878,-5259,-11320,-3659,10438,-64,1734,126,-16,-687,-32,599,523,3385,267,1554
16899,-5601,-11325,-3431,10730,185,1306,144,-34,-619,-24,618,715,4744,371,1740
16951,-5111,-11326,-3862,11188,80,1558,63,-55,-632,-15,691,504,2655,267,2744
16969,-4909,-11326,-4033,11043,-34,1438,-23,-63,-671,-10,747,431,2077,226,2578
16986,-5037,-11324,-3973,10755,143,1320,40,-69,-701,-9,796,364,1689,212,1916
17029,-5089,-11322,-4015,9755,-27,1473,53,-79,-771,-2,882,240,999,166,1108
17050,-5067,-11320,-4036,9317,-27,1473,53,-86,-811,1,917,234,1017,161,864
17067,-4387,-11280,-4627,9068,104,1342,-8,-92,-824,3,911,242,1155,162,753
17119,-3997,-10953,-4915,8777,168,1279,-77,-108,-811,-19,883,208,1129,153,661
17140,-3228,-10979,-5351,9019,22,1372,-149,-114,-797,-28,843,201,1153,176,697
17167,4453,-10550,-6361,9195,319,2184,-407,-115,-781,-42,808,205,1062,214,764
17185,5087,-10371,-6882,9011,32,1956,-47,-106,-769,-53,775,208,937,216,739
17216,5619,-10230,-7300,8935,157,1524,-263,-80,-753,-84,723,191,763,217,895
17234,6500,-10124,-7917,9002,316,1799,-223,-73,-749,-97,704,208,678,256,719
17251,6662,-9965,-8005,8898,52,2135,-134,-67,-743,-111,690,239,623,270,576
17282,7722,-9665,-8799,8669,256,1852,-196,-50,-734,-140,668,283,547,390,688
17300,8216,-9429,-9237,8369,107,1779,-79,-35,-727,-155,655,338,492,485,580
17321,7740,-9497,-8836,8446,107,1779,-79,-20,-723,-172,647,379,446,529,450
17338,8073,-9229,-9041,8222,222,2014,-181,6,-714,-195,633,382,412,519,462
17355,8422,-9096,-9289,8127,194,1639,-163,23,-710,-213,622,375,392,529,457
17387,8792,-8648,-9530,7684,158,1811,-168,52,-705,-251,613,462,361,538,359
17404,8814,-8568,-9532,7596,14,1726,-119,64,-697,-262,603,458,334,586,429
17421,8922,-8298,-9556,7354,24,2122,-176,101,-681,-292,585,464,287,606,385
17463,9070,-8061,-9771,6944,-48,1952,-165,137,-656,-326,560,495,272,568,339
17495,9488,-7753,-10041,6661,31,1740,-161,177,-631,-366,529,477,266,601,287
17522,9458,-7699,-10047,6554,-9,1825,79,200,-614,-386,510,684,254,777,278
17543,9488,-7465,-10054,6296,-8,1963,-177,235,-599,-412,492,729,242,785,257
17561,9147,-7584,-9692,6520,-8,1963,-177,251,-588,-433,479,630,229,746,252
17589,8734,-7716,-9252,6766,-8,1963,-177,276,-572,-452,456,515,228,609,258
17606,8444,-7847,-8974,6962,-8,1963,-177,289,-559,-464,446,435,224,544,258
17637,8034,-8072,-8586,7257,-8,1963,-177,301,-538,-476,429,354,235,419,237
17668,7742,-8281,-8332,7482,-8,1963,-177,310,-524,-481,419,311,259,359,289
17710,8940,-7106,-9506,5915,39,1976,-57,334,-503,-490,401,335,249,367,261
17728,9554,-6630,-9925,5480,15,1759,-258,341,-497,-492,398,390,227,398,243
17745,9530,-6787,-9971,5588,-126,1645,-65,355,-481,-501,384,442,215,523,197
17765,8693,-6500,-9288,5215,-30,2263,-93,366,-463,-511,369,417,193,507,157
17783,9097,-6352,-9586,5086,-47,1470,-160,375,-454,-519,358,407,189,459,125
17800,8657,-6551,-9396,5099,38,2130,29,379,-444,-522,347,383,175,478,146
17818,8731,-6375,-9439,4910,-161,1964,-142,385,-435,-526,339,355,176,472,167
17835,8600,-6566,-9288,5178,-161,1964,-142,392,-427,-533,328,332,162,447,127
17856,7944,-6124,-8584,4829,-177,2460,-161,401,-413,-535,313,288,158,374,164
17874,7962,-6200,-8652,4858,-120,1754,-77,403,-405,-540,305,252,147,331,164
17891,7913,-6518,-8739,5077,-218,1561,-24,407,-394,-545,293,236,152,299,137
17909,7636,-6876,-8729,5229,70,1716,70,408,-384,-545,281,202,155,289,138
17926,7457,-7209,-8712,5457,-219,1616,17,410,-378,-546,278,186,161,298,143
17944,7374,-6506,-8394,4916,-24,2049,-169,412,-370,-548,270,185,172,276,145
17964,7395,-6637,-8488,4973,-261,1589,38,415,-360,-548,257,190,173,265,127
17982,7718,-6512,-8663,4947,-148,1776,-147,416,-352,-547,247,179,153,274,129
17999,7523,-6829,-8626,5176,-182,1716,25,419,-345,-546,239,190,147,264,113
18016,7732,-6727,-8786,5084,-56,1720,-101,423,-338,-546,229,186,142,273,119
18034,8058,-6568,-8961,5030,-161,1712,-145,422,-328,-548,221,194,147,298,121
18055,8114,-6753,-9041,5215,-146,1568,-44,423,-324,-550,211,209,167,298,126
18072,8036,-6963,-9080,5341,-66,1562,1,426,-320,-544,202,214,168,312,135
18089,7802,-6388,-8685,4912,-67,1748,-123,426,-309,-544,194,225,159,292,139
18121,6731,-5924,-7601,4579,-11,1679,73,426,-294,-543,183,178,143,260,132
18138,6082,-5689,-7082,4259,-11,1679,73,425,-286,-543,179,168,141,249,130
18156,5490,-5263,-6445,3905,-4,2159,-58,428,-277,-542,171,128,119,203,101
18197,5154,-4623,-5752,3636,-212,1651,-122,423,-263,-534,153,88,84,152,61
18214,5468,-4587,-5972,3655,-45,1355,-112,417,-253,-525,141,80,83,117,73
18235,5060,-4346,-5528,3501,-46,1720,-82,413,-248,-517,134,77,78,111,73
18252,3938,-3992,-4471,3216,-89,1480,-25,410,-244,-513,130,71,60,109,47
18270,3430,-3857,-3950,3170,-231,1608,-73,410,-238,-507,128,61,53,88,46
18287,3212,-3474,-3613,2903,60,1273,-116,409,-233,-506,129,49,44,86,43
18305,-3166,-3376,-3101,-2992,-100,1599,1,407,-226,-504,123,52,54,76,36
18325,-3235,-3496,-3130,-2963,-100,1599,1,383,-213,-495,105,101,65,67,66
18343,-3718,-3461,3139,-2961,-120,1359,1,360,-207,-487,97,101,58,84,53
18360,-3618,-3045,3298,-3189,-108,884,-14,336,-197,-462,90,105,49,121,53
18392,-4218,3042,4100,-3162,-139,1823,-240,312,-185,-422,66,117,29,127,53
18409,-4429,3242,4504,-3102,-63,1353,-145,276,-171,-371,39,124,101,172,87
18426,-4470,3291,4620,-2989,-46,1015,-108,260,-155,-350,23,149,89,183,69
18564,6306,-3887,-5029,4953,-74,264,-92,169,-63,-229,-20,119,63,98,57
18582,6482,-4198,-5281,5195,-103,391,-104,165,-58,-218,-23,133,81,101,106
18603,6590,-4476,-5560,5307,-32,371,-35,161,-55,-203,-19,135,75,107,83
18620,6900,-4547,-5802,5428,-4,129,-112,161,-55,-203,-19,147,93,105,72
18648,6780,-4998,-5969,5652,4,113,-38,155,-41,-179,-14,161,96,119,142
18668,5897,-5252,-5314,5845,-59,769,36,152,-38,-170,-12,164,108,121,136
18696,-6537,4011,7368,3240,99,460,10,148,-35,-157,-8,195,102,177,90
18713,-7072,3942,7520,2974,191,625,288,134,-25,-137,-2,241,107,297,81
18734,-7188,3865,7628,3061,95,458,-82,122,-17,-120,1,273,101,266,66
18761,-7614,3704,7811,3017,100,661,2,104,-9,-100,7,314,109,337,50
18779,-7702,3626,7876,3081,98,106,28,99,-6,-90,11,303,105,348,53
18796,-7939,3548,7910,2959,56,297,145,85,-1,-69,18,322,100,362,64
18824,-8301,3420,8079,2935,-109,-53,10,68,2,-45,26,306,91,312,148
18841,-7859,3280,7688,3078,-109,-53,10,58,4,-35,29,290,88,302,101
18858,-7845,3200,7630,3114,-17,-76,73,45,6,-19,28,280,89,308,72
18876,-7970,3184,7523,-2922,-72,-270,227,30,10,-6,31,297,91,271,64
18903,-7841,3116,7573,3133,83,-283,-70,5,12,21,36,290,85,252,58
18921,-8341,3154,7845,2906,-81,-75,125,-9,13,35,36,301,87,252,60
18938,-8338,3113,7854,2967,64,-362,-8,-20,14,45,37,317,95,274,65
19052,-8513,3377,8064,-3052,136,-449,83,-91,19,115,34,417,91,330,73
19083,-8781,3534,8371,-3130,21,-644,157,-109,21,134,30,411,110,380,69
19110,-8910,3586,8540,-3108,-66,-1101,-108,-129,21,149,18,453,120,373,88
19130,-8713,3474,8538,3040,72,-657,-45,-139,20,157,12,456,108,441,92
19148,-8882,3522,8745,3080,16,-489,22,-151,22,167,8,458,100,458,76
19165,-9399,3622,9298,3109,92,-414,2,-161,22,177,7,549,109,544,69
19182,-9499,3516,9510,3395,231,-538,-111,-174,20,188,4,628,126,624,60
19199,-9653,3705,9515,3043,-103,-1017,235,-175,19,189,1,706,140,736,77
19216,-9906,3792,9739,2964,106,-411,22,-193,20,209,12,751,141,817,80
19233,-9922,3839,9812,2971,-13,-1075,25,-208,20,222,20,797,150,782,88
19254,-9772,3799,9766,3098,-5,-932,-47,-223,22,238,31,737,159,726,86
19271,-9739,3791,9808,3171,-5,-932,-47,-231,21,245,32,758,157,752,100
19289,-9698,3797,9842,3229,317,-1060,-80,-248,22,262,42,753,159,736,99
19305,-9901,4120,9957,-3036,138,-838,123,-262,26,280,48,741,146,751,104
19323,-10160,4465,10115,-3532,30,-731,146,-272,27,293,51,852,164,794,120
19343,-10298,4579,10223,-3677,102,-848,44,-287,30,309,47,918,175,943,118
19371,-10894,5201,10837,-4268,156,-828,184,-307,36,335,38,1270,201,1113,150
19391,-10841,5163,10636,-4390,156,-828,184,-328,39,357,36,1377,237,1290,200
19409,-10814,4998,10750,-4022,134,-905,-84,-362,40,385,38,1334,238,1259,191
19426,-10896,5801,10971,-4791,205,-925,91,-385,45,403,36,1411,270,1488,182
19467,-10626,6240,10677,-5397,360,-1367,57,-436,56,456,22,1205,318,1348,199
19523,-9894,6641,9917,-5966,347,-2076,189,-486,72,521,12,882,269,961,305
19578,-9733,6732,9707,-6148,234,-1642,-182,-505,90,532,-2,532,221,530,240
19596,-9784,7351,9762,-6873,289,-1234,221,-507,95,536,-4,517,244,531,297
19623,-9836,7532,10196,-6634,238,-1238,96,-514,103,544,-10,563,287,606,318
19655,-9950,7187,10720,-5731,423,-1960,-103,-522,112,559,-14,630,316,698,372
19672,-9976,7598,10755,-6199,256,-1448,113,-526,117,564,-17,640,319,747,352
19692,-10268,7545,11041,-6092,254,-1500,-47,-529,119,575,-22,662,335,968,288
19720,-10568,7241,11316,-5464,270,-1738,-150,-538,129,587,-25,680,352,1217,259
19775,-9216,7191,9950,-5844,216,-1440,141,-548,144,608,-42,410,247,782,204
19792,-9708,7072,10416,-5637,80,-1800,-52,-549,153,611,-53,417,240,648,195
19813,-9938,7201,10640,-5745,50,-1683,55,-544,164,615,-58,482,257,761,212
19830,-9764,8422,10267,-7439,318,-1643,410,-542,174,617,-58,480,321,778,279
19861,-9433,8993,10050,-8053,485,-1529,211,-538,194,621,-68,558,370,761,327
19889,-9010,9540,9639,-8779,320,-2106,254,-534,217,619,-77,492,495,649,508
19910,-9040,9310,9685,-8509,274,-1498,-25,-531,235,622,-94,480,597,552,583
19927,-8572,9994,9134,-9502,204,-1881,313,-525,253,622,-103,463,705,494,677
19944,-8412,10283,8956,-9904,323,-1468,150,-518,271,619,-123,440,849,451,946
19975,-7762,10501,8109,-10526,265,-1651,153,-514,287,615,-138,429,950,411,1592
20003,-7052,10963,7383,-11242,73,-1653,235,-491,365,595,-224,444,1108,371,2574
20021,-7359,10513,7566,-10805,73,-1653,235,-479,395,584,-266,460,1266,310,4590
20042,-7506,9948,7987,-9778,335,-1509,-105,-467,430,575,-319,408,1114,311,3860
20070,-6570,10194,6989,-10289,144,-1635,351,-452,483,556,-376,315,806,262,2098
20101,-6769,9487,7500,-9054,101,-1938,-60,-436,504,538,-404,254,692,214,1534
20132,-6752,9138,7836,-8254,-63,-1961,73,-425,518,522,-412,233,575,222,939
20150,-6899,9072,8020,-8139,175,-1390,-11,-419,517,511,-414,209,510,238,712
20167,-6707,8908,7792,-8046,-128,-2363,106,-417,520,507,-417,188,476,251,681
20184,-7008,8408,8185,-7324,-190,-1791,-128,-409,518,494,-405,188,413,275,590
20201,-7029,8399,8210,-7336,-121,-1841,90,-404,511,486,-398,173,365,271,513
20233,-7431,8377,8742,-7121,-101,-1331,-48,-397,503,478,-388,200,339,294,429
20299,-7133,7377,8764,-5620,-100,-1663,-78,-388,470,469,-361,168,211,284,211
20317,-7307,7616,8909,-5899,-343,-1561,41,-384,466,467,-353,164,203,350,163
20348,-7391,7900,9020,-6188,-386,-2191,63,-378,459,469,-339,198,233,350,185
20366,-7645,7836,9334,-5992,-269,-1520,-62,-370,455,464,-334,183,217,396,141
20383,-7559,8253,9070,-6706,-338,-1721,187,-368,456,462,-331,201,261,405,141
20401,-7538,8625,9067,-7130,-212,-1323,52,-358,454,457,-326,197,262,422,237
20418,-7536,8581,9091,-7040,-399,-2223,20,-353,453,456,-324,219,295,399,239
20485,-7132,9393,8583,-8159,-134,-1554,68,-339,462,462,-323,212,403,335,303
20527,-6988,9821,8234,-8911,-277,-1525,150,-317,472,455,-328,229,523,299,556
20559,-6610,10050,7856,-9236,-206,-1531,131,-300,482,442,-337,237,614,307,670
20587,-5996,10570,7108,-10109,-193,-1923,258,-282,497,430,-351,259,802,267,988
20608,-5919,10709,6911,-10427,-189,-1342,158,-268,512,425,-364,264,970,257,1498
20636,-6342,10631,7239,-10361,-189,-1342,158,-251,528,413,-384,292,1018,247,1906
20667,-6741,10513,7561,-10222,-189,-1342,158,-234,543,403,-405,297,1026,275,1842
20688,-6956,10420,7729,-10105,-189,-1342,158,-225,555,395,-424,305,982,282,1742
20706,-7102,10335,7848,-9999,-189,-1342,158,-217,565,392,-438,300,918,293,1724
20786,3728,11307,3195,-11307,-326,-1832,3,-176,599,356,-502,430,1469,269,3028
20804,4207,10941,-3171,-11242,-75,-2011,124,-151,621,336,-530,468,1611,307,3859
20845,4634,9234,-3771,-9516,-304,-1977,14,-106,656,263,-569,317,879,216,2733
20876,4547,9090,-3532,-9236,-58,-1571,74,-78,663,222,-585,222,542,168,1658
20904,4676,6628,-3521,-6256,-844,-2989,-76,-51,660,179,-597,160,327,130,879
20922,4341,5923,-3122,-5316,-430,-1604,-23,-38,655,160,-600,133,230,107,619
20943,4014,5018,3209,-3975,-715,-2906,-180,-30,651,144,-601,108,150,98,344
20960,3780,4414,3452,-3221,-496,-2006,-39,-19,643,135,-598,79,112,82,228
20977,3409,3925,3900,3309,-495,-1849,-120,-12,638,128,-595,74,88,77,158
21019,-3346,-3533,4771,5289,-826,-2358,3,-3,619,116,-539,59,69,96,173
21036,-3516,-3564,4845,5187,-826,-2358,3,-2,597,112,-510,64,125,115,236
21068,-4085,-4552,5308,6295,-715,-1895,-50,5,541,111,-449,80,205,148,317
21085,-4286,-5487,5283,7163,-546,-1653,51,-3,504,105,-424,89,248,153,440
21151,-4470,-6415,5158,7982,-482,-1207,29,-34,387,102,-338,110,310,152,635
21183,-4525,-6845,4952,8176,-660,-1645,131,-51,334,93,-275,121,325,161,537
21200,-4437,-6968,4834,8234,-304,-1048,65,-58,309,87,-250,136,366,164,613
21217,-4374,-7156,4734,8376,-452,-1019,67,-60,281,86,-229,140,387,163,673
21238,-4162,-7150,4464,8252,-181,-1015,102,-65,254,81,-194,152,423,165,920
21255,-3809,-7164,4202,8288,-205,-728,-18,-67,236,78,-173,134,431,142,884 