0	-6241	5279	6727	-4538	0	0	1130	0	0	0	0	-189	791	0	88
3	-3845	-4396	-3097	3483	-58	-14	-110	0	0	0	0	-174	-95	1132	88
21	-3415	-3251	-3310	-3485	38	27	80	0	0	0	0	10	26	1130	88
33	-3539	-3100	-3156	-3616	176	-64	-30	0	0	-3	0	22	55	1133	88
57	-3489	3066	-3139	-3982	-137	-5	60	2	2	-2	2	44	111	1129	88
72	-3580	3175	-3028	-4079	0	0	-240	2	1	-4	4	54	139	1136	88
96	-3710	3531	2989	-4360	85	-143	670	3	1	-4	1	79	194	1100	88
126	-3721	3945	3096	-4735	35	12	-220	2	3	-3	0	116	276	1086	88
141	-3663	3894	3039	-4684	25	154	60	2	3	-3	0	116	276	1086	88
159	-3755	4114	3187	-4878	55	-20	410	2	4	-7	0	130	303	1071	88
189	-3772	4425	3270	-5163	-30	25	-70	1	5	-7	-2	153	358	1068	88
213	-3915	4697	3430	-5428	-27	23	-860	3	4	-8	-4	168	417	1107	88
231	-3948	4875	3492	-5597	-92	-4	-200	3	4	-8	-4	178	445	1114	88
243	-4059	5142	3655	-5840	0	0	-160	2	5	-8	-3	199	501	1118	88
297	-4297	5703	3976	-6373	0	0	-750	1	5	-9	-1	231	618	1155	88
324	-4359	6011	4107	-6650	0	0	-60	1	6	-10	-1	255	673	1150	88
342	-4440	6140	4198	-6777	0	0	-440	3	7	-11	-1	261	702	1163	88
360	-4470	6278	4264	-6914	-3	19	70	2	11	-11	1	272	732	1160	88
384	-4659	6515	4446	-7154	-35	26	-720	2	13	-5	1	275	794	1202	88
396	-4659	6511	4430	-7154	-35	26	-720	2	14	0	1	275	794	1202	88
432	-4890	6886	4703	-7507	30	15	-590	3	20	4	0	294	883	1225	88
501	-5357	7508	5226	-8123	42	197	-340	2	38	15	2	311	1067	1293	88
525	-5405	7639	5279	-8255	42	197	-340	1	42	23	3	319	1096	1293	88
549	-5622	7848	5498	-8471	8	199	-580	1	48	28	5	315	1159	1325	88
582	-5897	8065	5773	-8737	-23	26	220	1	73	35	4	313	1222	1354	88
618	-6423	8021	6245	-8701	36	177	-230	0	119	40	-30	269	1324	1446	88
636	-6630	7994	6427	-8629	24	205	-1320	-5	133	45	-57	245	1361	1487	88
666	-6989	8331	6841	-8918	-151	58	-80	-8	153	45	-76	230	1454	1524	88
684	-7172	8192	7034	-8765	-64	123	-1120	-22	187	47	-110	208	1488	1559	88
702	-7157	8088	7078	-8620	82	376	-20	-34	216	48	-140	212	1518	1556	88
750	-7013	8722	7251	-9238	-40	211	-50	-64	289	45	-186	295	1627	1471	88
786	-6363	9135	6885	-9643	-179	381	2230	-85	350	47	-230	412	1663	1347	88
804	-6444	9149	7024	-9652	104	327	400	-95	380	45	-252	431	1689	1331	88
834	-5485	9987	6442	-10458	-126	359	2180	-108	430	44	-294	621	1726	1144	88
864	-4226	10802	5568	-10774	-145	331	2190	-118	490	47	-362	866	1718	905	88
888	-3896	10777	5381	-10777	-122	162	2110	-125	520	43	-426	940	1713	839	88
912	-3642	10778	5215	-10778	-12	342	940	-131	578	42	-528	988	1721	799	88
936	3202	10779	4411	-10779	-34	351	1140	-131	629	41	-585	1170	1677	626	88
954	4084	10779	3707	-10779	-238	268	1840	-121	653	40	-623	1324	1637	487	88
978	4580	10780	3242	-10780	70	320	3130	-100	670	44	-669	1425	1590	387	88
1008	5777	10782	-3592	-10782	116	413	420	-81	679	44	-702	1632	1515	204	88
1029	5684	10783	-3507	-10783	348	590	-500	-73	672	42	-705	1644	1546	211	88
1053	5892	10783	-3742	-10783	99	494	990	-35	704	37	-742	1695	1535	170	88
1071	5202	10784	-3113	-10784	407	840	-990	-9	680	33	-752	1672	1689	256	88
1089	5347	10785	-3235	-10785	684	657	1490	10	672	30	-758	1735	1670	203	88
1125	4136	10786	3619	-10786	539	675	-2790	45	665	35	-781	1643	1882	345	88
1143	3830	10787	3863	-10787	1017	980	-1090	57	663	40	-778	1631	1932	367	88
1164	3026	10787	4535	-10787	826	982	-3520	68	665	52	-797	1535	2046	465	88
1185	-2907	10787	4626	-10787	708	1032	-760	74	681	70	-802	1527	2089	476	88
1203	-4649	10787	6166	-10787	926	1123	-3440	72	691	82	-809	1314	2300	667	88
1227	-5910	10787	7275	-10787	813	1317	-3080	66	700	99	-822	1130	2462	813	88
1257	-7550	10787	8609	-10787	688	1412	-4800	35	711	135	-820	827	2579	1016	88
1287	-8573	10787	9403	-10600	537	1909	-1630	7	717	166	-817	583	2646	1164	88
1317	-10610	10276	10787	-9325	552	1479	-1980	-52	734	231	-793	185	2703	1399	88
1341	-10787	9324	10787	-8485	710	2129	-1290	-137	731	315	-740	12	2709	1487	88
1383	-10787	8532	10787	-7821	518	1712	-1900	-303	706	442	-660	-249	2698	1617	88
1401	-10786	8481	10786	-7876	423	2091	-2370	-376	689	500	-613	-249	2699	1617	88
1419	-10785	8405	10785	-7812	440	1743	-910	-415	684	531	-596	-301	2694	1633	88
1449	-10784	7037	10784	-6538	667	3314	-1110	-528	651	622	-525	-479	2667	1717	88
1473	-10783	7111	10783	-6610	210	2246	40	-578	630	664	-492	-597	2644	1727	88
1491	-10783	6900	10783	-6444	-122	2188	-1850	-609	613	690	-465	-676	2625	1755	88
1509	-10782	6775	10782	-6305	-61	2119	-1000	-650	584	721	-432	-724	2612	1760	88
1539	-10781	6870	10781	-6388	-457	2156	-440	-684	556	760	-399	-750	2605	1715	88
1563	-10781	6632	10781	-6107	-316	2095	-660	-699	541	767	-383	-805	2588	1697	88
1584	-10781	6902	10781	-6342	-274	1811	410	-707	521	779	-361	-789	2593	1648	88
1614	-10780	7211	10780	-6542	-492	2279	1750	-720	507	791	-350	-728	2611	1488	88
1644	-10780	7950	10780	-7184	-567	2122	1820	-741	490	803	-337	-619	2639	1324	88
1668	-10465	8315	10779	-7440	-461	2347	490	-759	482	816	-336	-535	2658	1169	88
1692	-9951	9037	10711	-8059	-463	2185	1170	-760	477	816	-335	-411	2680	987	88
1722	-9186	9553	10117	-8439	-72	2603	1960	-750	478	845	-346	-247	2700	765	88
1740	-8921	10049	9983	-8902	-375	2280	1530	-739	486	838	-357	-180	2705	670	88
1758	-8281	10776	9644	-9642	-277	1951	2780	-739	486	838	-357	-20	2712	452	88
1782	-8343	10776	9752	-9655	-135	1841	560	-695	538	799	-388	15	2711	375	88
1800	-7322	10029	8769	-8856	-165	3617	1310	-671	576	778	-416	58	2651	284	88
1818	-6869	10776	8646	-9699	-300	2693	1100	-661	603	771	-432	202	2643	0	88
1848	-7376	10776	9112	-9686	-100	2143	-240	-625	633	738	-452	182	2645	0	88
1866	-6832	10169	8480	-8969	-138	3312	-240	-607	655	729	-470	174	2585	0	88
1884	-6676	10004	8399	-8751	-111	3139	-490	-589	679	717	-482	181	2524	-169	88
1902	-7125	9460	8694	-8201	-36	2853	-2400	-574	692	711	-493	86	2469	-163	88
1920	-7368	9675	8978	-8378	-92	2272	-290	-566	697	705	-493	78	2470	-207	88
1941	-7401	9700	8976	-8387	-92	2272	-290	-556	689	706	-491	78	2470	-206	88
1965	-7416	9713	8969	-8413	-92	2272	-290	-552	685	708	-484	78	2470	-204	88
1989	-7437	9782	8955	-8477	-92	2272	-290	-545	665	713	-466	78	2470	-207	88
2007	-7437	9822	8944	-8514	-92	2272	-290	-545	653	716	-456	78	2470	-204	88
2031	-7428	9862	8925	-8566	-92	2272	-290	-548	643	723	-442	78	2471	-206	88
2061	-9663	6365	10401	-4916	-860	3194	-1940	-552	629	731	-431	-639	2324	0	88
2091	-10248	5791	10771	-4330	-797	2352	-2520	-570	600	760	-401	-784	2215	0	88
2115	-10424	5158	10800	-3736	-867	2066	-1600	-597	563	784	-353	-904	2104	0	88
2145	-10782	4873	10771	-3432	-776	1679	-920	-637	509	820	-292	-1010	2055	0	88
2163	-10596	3377	10538	3763	-772	2150	-2490	-630	480	833	-259	-1155	1836	0	88
2208	-10151	-3130	9745	4147	-1287	2137	-3270	-647	401	861	-163	-1232	1638	156	88
2238	-9760	-3948	9206	4809	-1629	2470	-4920	-680	347	869	-104	-1324	1485	226	88
2262	-8034	-4929	7319	5473	-3054	3610	-3990	-698	272	871	-33	-1349	1205	293	88
2292	-8350	-5001	7538	5425	-2093	1939	-1450	-714	215	860	30	-1336	1032	336	88
2322	-7925	-5253	7075	5565	-1666	1653	-1210	-723	180	852	65	-1289	894	338	88
2340	-7698	-4940	6939	5251	-1631	1319	-180	-729	129	837	106	-1244	851	319	88
2364	-6820	-5029	6083	5237	-1900	1628	-1160	-728	90	824	134	-1176	736	302	88
2388	-6590	-5160	5826	5314	-1660	1551	-1520	-727	57	811	160	-1151	661	319	88
2436	-5229	-4829	4586	4803	-1848	1371	0	-718	-19	776	225	-979	471	268	88
2463	-4549	-4774	3930	4637	-1877	1311	70	-713	-44	760	244	-893	369	263	88
2481	-3849	-4830	3197	4532	-1881	1240	-1590	-708	-58	748	254	-806	254	287	88
2499	-3554	-4613	2952	4283	-1881	1240	-1590	-702	-77	735	267	-748	236	287	88
2553	3677	-4268	-3982	3803	-2039	1259	0	-662	-115	629	284	-537	65	224	88
2571	4205	-4161	-4466	3601	-1730	1092	-370	-610	-125	570	290	-414	-34	185	88
2601	4227	-4011	-4373	3564	-1231	862	1470	-532	-128	505	292	-340	-77	0	88
2625	5168	-3538	-5290	2904	-1528	1042	1700	-480	-128	473	295	-166	-130	0	88
2643	5393	3452	-5382	-4114	-1475	982	1960	-413	-131	431	294	23	-16	0	88
2682	5719	3298	-5424	-3598	-745	916	2180	-352	-104	368	230	106	-105	-381	88
2712	5878	3213	-5453	-3259	-761	841	2680	-292	-80	318	164	133	-161	-591	88
2742	6046	3049	-5579	-3004	-626	849	1280	-256	-61	279	118	166	-214	-664	88
2772	6002	2928	-5488	3005	-232	480	1070	-229	-45	247	87	190	-270	-753	88
2796	6101	-2939	-5559	3091	-376	534	880	-192	-31	208	65	204	-297	-785	88
2814	6232	-3065	-5703	3187	-192	431	-60	-171	-22	187	55	234	-349	-810	88
2844	6350	-3147	-5783	3302	-166	292	710	-135	-17	146	39	257	-406	-865	88
2862	6551	-3120	-6026	3174	-216	143	-1080	-116	-12	125	31	300	-450	-819	88
2886	6548	-3163	-6001	3230	-78	30	510	-96	-10	99	25	314	-476	-832	88
2904	6801	-3181	-6284	3170	-59	-75	-340	-94	-10	97	25	351	-523	-816	88
2928	7015	-3352	-6504	3308	4	47	430	-60	-5	61	17	381	-577	-828	88
2946	7013	-3276	-6507	3210	40	-220	-180	-48	-7	46	15	400	-600	-820	88
2970	7302	-3472	-6813	3372	189	-34	580	-38	-8	36	13	430	-652	-828	88
2988	7354	-3441	-6874	3313	130	-145	-70	-16	-9	13	10	448	-677	-821	88
3030	7774	-3484	-7321	3257	-25	-132	0	13	-10	-14	9	501	-750	-812	88
3054	7897	-3624	-7479	3368	120	-277	430	30	-8	-24	9	520	-809	-843	88
3072	8113	-3638	-7720	3317	15	-120	-780	42	-9	-34	10	546	-828	-819	88
3102	8404	-3648	-8072	3224	188	-311	280	59	-8	-44	8	609	-894	-787	88
3132	8622	-3616	-8347	3085	341	-268	-390	85	-8	-66	6	671	-924	-725	88
3150	8834	-3512	-8571	2908	214	-266	-1130	87	-8	-69	6	705	-936	-688	88
3174	9130	-3472	-8900	-3026	110	-256	-1570	108	-6	-86	4	754	-975	-659	88
3195	9056	-3575	-8866	-2941	434	-326	200	135	-7	-105	10	769	-1001	-664	88
3219	9246	-3381	-9056	-3219	369	-319	-850	146	-4	-116	10	821	-999	-624	88
3237	9563	-3337	-9403	-3361	201	-277	-490	167	-3	-136	6	869	-1037	-577	88
3255	9504	-3304	-9364	-3397	441	-514	-330	181	-3	-150	-2	893	-1056	-561	88
3285	9953	-3383	-9818	-3377	386	-401	220	206	-2	-179	-16	952	-1124	-548	88
3309	10083	-3325	-9989	-3489	680	-477	-830	229	0	-200	-29	1015	-1149	-501	88
3345	10395	-3284	-10310	-3597	615	-650	-760	263	0	-237	-41	1074	-1216	-485	88
3369	10460	-3305	-10368	-3573	615	-650	-760	290	2	-267	-53	1094	-1239	-484	88
3405	10413	-3292	-10351	-3603	904	-863	-340	346	3	-323	-68	1142	-1278	-459	88
3438	10751	-3647	-10706	-3281	860	-693	330	394	4	-376	-78	1163	-1379	-489	88
3474	10770	-3599	-10770	-3332	1042	-934	1140	404	-2	-386	-91	1206	-1422	-467	88
3492	10770	-3679	-10770	-3300	784	-977	2080	429	-11	-382	-88	1220	-1488	-477	88
3519	10770	-4311	-10770	3154	1034	-1089	2000	489	-10	-443	-86	1171	-1602	-560	88
3543	10769	-4353	-10769	3037	707	-687	900	545	-6	-485	-79	1222	-1639	-520	88
3564	10768	-3765	-10768	-3509	926	-1204	-3470	561	-3	-505	-73	1318	-1602	-416	88
3627	10766	-3522	-10766	-3897	1293	-1177	-110	656	0	-626	-90	1463	-1636	-282	88
3657	10765	-3026	-10765	-4678	1355	-1221	-1530	683	0	-654	-103	1610	-1622	0	88
3675	10764	-3245	-10764	-4501	1162	-1102	140	698	2	-671	-112	1623	-1692	0	88
3699	10763	-3259	-10763	-4466	1643	-1466	140	726	2	-707	-128	1664	-1736	0	88
3723	10762	-3132	-10762	-4601	1632	-1599	-380	740	1	-723	-134	1695	-1748	0	88
3741	10762	-2974	-10762	-4769	1452	-1519	-680	765	3	-750	-145	1736	-1751	0	88
3759	10761	2931	-10761	-4902	1660	-1667	-900	779	3	-771	-151	1793	-1778	0	88
3789	10760	-3155	-10760	-4573	2339	-2072	-440	804	6	-799	-164	1783	-1829	0	88
3849	10758	-3172	-10758	-4734	1801	-1714	-590	842	7	-842	-178	1792	-1821	229	88
3870	10757	-3297	-10757	-4657	1723	-1645	-80	853	8	-851	-180	1779	-1833	287	88
3894	10757	-3435	-10757	-4563	1862	-1795	-610	869	11	-872	-184	1764	-1848	351	88
3936	10756	-3774	-10756	-4227	1654	-1727	-150	886	-7	-886	-187	1710	-1898	422	88
3966	10755	-3991	-10755	-3967	1743	-1786	1030	888	-18	-896	-189	1676	-1929	436	88
3990	10360	-3863	-10755	-3992	3105	-3662	590	891	-22	-903	-191	1608	-1908	507	88
4017	10754	-4694	-10754	-3211	1783	-2059	2210	885	-33	-908	-187	1517	-1982	519	88
4047	10754	-5078	-10754	-2903	1667	-1737	480	883	-50	-912	-182	1472	-2014	642	88
4065	10754	-4963	-10754	-3012	1729	-2304	550	887	-63	-920	-178	1455	-2026	681	88
4101	10753	-5788	-10753	3564	1412	-2018	960	896	-82	-928	-159	1324	-2114	744	88
4119	10576	-5970	-10753	3710	1607	-2194	850	897	-94	-930	-140	1289	-2136	780	88
4137	10607	-6129	-10753	3795	1545	-1977	280	899	-102	-933	-125	1273	-2146	836	88
4155	10116	-6210	-10753	3836	1474	-2123	470	901	-114	-938	-106	1202	-2117	938	88
4179	9681	-6735	-10752	4339	1464	-2401	220	902	-123	-937	-93	1093	-2176	983	88
4197	9408	-6464	-10752	4024	1541	-2418	-1020	898	-140	-944	-72	1094	-2108	1080	88
4215	9473	-6975	-10751	4561	1386	-1904	1730	893	-151	-950	-62	1024	-2142	1083	88
4239	8558	-6539	-10339	4108	1569	-2570	-1330	886	-161	-953	-53	980	-2031	1245	88
4275	7756	-6651	-9531	4338	1690	-2608	1080	868	-183	-962	-39	863	-1952	1330	88
4317	7496	-6641	-9371	4279	1129	-2066	-100	844	-203	-938	-19	780	-1857	1494	88
4335	6999	-6716	-8908	4418	1355	-2203	1170	832	-213	-926	-7	718	-1818	1516	88
4353	6151	-6682	-8118	4478	1329	-2470	500	816	-226	-912	3	604	-1731	1582	88
4377	6245	-6997	-8263	4810	1070	-2086	1600	800	-241	-891	17	546	-1750	1580	88
4401	6288	-6946	-8309	4762	1070	-2086	1600	788	-256	-878	30	546	-1750	1582	88
4419	6320	-6901	-8347	4712	1070	-2086	1600	779	-269	-867	44	546	-1750	1582	88
4479	6472	-6784	-8487	4604	1070	-2086	1600	736	-303	-827	74	546	-1750	1584	88
4503	2970	-8615	-5539	6721	1174	-3176	1560	718	-316	-814	88	-81	-1690	1815	88
4533	-3074	-8587	-5295	6768	937	-2314	810	692	-343	-787	113	-152	-1563	1877	88
4557	-3617	-8198	-4651	6489	682	-2364	580	662	-357	-775	126	-217	-1434	1908	88
4575	-3891	-8101	-4189	6538	804	-2330	1840	593	-380	-754	144	-277	-1363	1892	88
4599	-4307	-7712	-3440	6399	426	-2183	2500	503	-411	-734	163	-378	-1212	1855	88
4629	-4970	-7177	3377	6205	267	-2363	2990	407	-442	-694	184	-487	-1040	1740	88
4671	-5306	-7174	3785	6577	-108	-1731	4060	304	-490	-553	226	-653	-907	1530	88
4695	-6389	-5638	5348	5664	-702	-1953	4230	242	-528	-469	261	-756	-552	1163	88
4713	-6626	-4986	5763	5203	-781	-2106	5420	203	-546	-420	283	-762	-432	1033	88
4746	-7316	-4543	6739	5181	-1281	-1753	3470	116	-581	-326	334	-928	-219	744	88
4776	-7081	-3642	6782	4391	-959	-1391	2610	51	-600	-262	372	-830	-56	617	88
4830	-6063	3569	6222	-2906	-1285	-1112	2530	-71	-556	-138	409	-636	130	392	88
4848	-5684	3651	5862	-3063	-1285	-1112	2530	-93	-528	-113	389	-577	118	392	88
4866	-4916	4509	5401	-3846	-1424	-900	1780	-131	-480	-70	345	-413	213	227	88
4887	-4210	4912	4785	-4353	-1405	-872	850	-144	-464	-55	335	-278	200	201	88
4911	-3395	4863	3970	-4433	-1232	-664	-180	-180	-418	-14	291	-163	151	210	88
4929	-3002	4770	3572	-4457	-1177	-591	-390	-197	-390	-1	276	-112	116	230	88
4959	-3913	4762	4386	-4388	-963	-862	-370	-201	-337	24	235	-190	234	293	88
4986	-5965	5105	6422	-4425	-996	-748	-600	-179	-295	34	211	-399	576	326	88
5004	-6750	5374	7259	-4543	-841	-268	20	-171	-277	40	206	-456	775	332	88
5028	-6691	5592	7239	-4801	-800	-439	630	-173	-248	48	191	-412	798	317	88
5070	-6642	5507	7110	-4841	-616	-317	100	-167	-199	59	165	-376	816	367	88
5097	-6567	5660	7020	-5047	-538	-362	250	-159	-172	64	146	-328	835	383	88
5139	-6360	5605	6800	-5010	-364	-27	300	-146	-131	73	113	-278	852	352	88
5163	-6325	5466	6750	-4878	-226	164	260	-141	-110	74	97	-270	856	344	88
5181	-6274	5594	6697	-5041	-375	28	-370	-137	-92	75	81	-250	862	355	88
5199	-6199	5482	6620	-4921	-219	273	500	-130	-80	75	73	-237	864	334	88
5217	-6105	5543	6555	-4984	-246	316	-20	-128	-71	75	67	-218	870	309	88
5241	-6158	5555	6604	-4989	-164	204	50	-126	-60	76	56	-212	871	304	88
5289	-5973	5752	6531	-5109	-128	164	1030	-123	-39	75	29	-164	882	216	88
5313	-5918	5790	6480	-5130	-55	172	380	-117	-27	79	16	-143	885	184	88
5334	-5751	5862	6357	-5189	-117	276	120	-114	-18	79	7	-118	889	145	88
5358	-5603	6026	6341	-5259	-108	222	1120	-112	-6	82	0	-90	893	0	88
5388	-5475	6104	6215	-5362	-149	262	1010	-104	6	80	-11	-60	896	0	88
5412	-5434	6125	6154	-5415	-151	260	510	-99	16	83	-15	-46	896	0	88
5430	-5486	6048	6173	-5341	-83	289	-620	-96	22	86	-20	-52	896	0	88
5448	-5515	6108	6208	-5401	-98	154	-40	-94	28	85	-26	-46	897	0	88
5469	-5443	6118	6144	-5420	-43	204	1040	-94	33	86	-29	-31	897	0	88
5487	-5317	6159	6028	-5485	-190	284	350	-90	39	83	-34	-17	897	0	88
5511	-5488	5943	6154	-5241	172	368	-380	-89	42	85	-38	-34	897	0	88
5565	-5400	5945	6070	-5261	141	438	-420	-85	54	83	-48	-19	898	0	88
5583	-5326	6154	6021	-5482	-66	241	830	-83	54	83	-49	-1	898	0	88
5601	-5303	6090	5989	-5421	-29	360	-230	-83	54	83	-49	-2	898	0	88
5619	-5273	6160	5968	-5499	-39	275	650	-81	61	83	-55	11	899	0	88
5649	-5194	6149	5901	-5500	-12	349	20	-82	66	81	-60	24	898	0	88
5667	-5195	6135	5898	-5489	-12	349	20	-82	70	82	-63	24	898	0	88
5685	-5187	6122	5887	-5485	64	373	130	-81	73	82	-63	31	898	0	88
5709	-4908	6261	5743	-5530	-187	513	190	-81	72	83	-64	48	897	-136	88
5727	-4831	6399	5714	-5655	-66	395	920	-80	74	84	-62	79	895	-181	88
5763	-4949	6268	5789	-5527	14	435	470	-78	78	85	-65	60	896	-164	88
5787	-4830	6384	5693	-5675	-89	376	-170	-79	83	86	-65	81	895	-173	88
5805	-4851	6394	5743	-5652	108	325	1000	-79	83	86	-64	91	894	-206	88
5847	-4776	6473	5677	-5732	-76	301	510	-77	85	87	-68	96	893	-216	88
5871	-4853	6424	5757	-5667	143	263	980	-76	88	85	-70	99	893	-224	88
5886	-4865	6415	5758	-5671	143	263	980	-74	91	86	-69	98	894	-224	88
5916	4761	5248	-4096	-5221	26	252	1270	-72	90	85	-74	467	221	-264	88
5943	4934	5540	-4245	-5566	-114	394	-1030	-62	92	77	-76	518	255	-235	88
5973	4994	5879	-4202	-5891	-2	225	-240	-57	94	61	-80	573	278	-250	88
6003	5204	6187	-4354	-6215	175	475	-1640	-40	96	48	-83	654	318	-255	88
6018	5129	6363	-4261	-6358	397	257	160	-33	96	47	-87	683	328	-268	88
6042	5299	6795	-4404	-6802	135	107	180	-9	96	42	-90	741	346	-292	88
6060	5247	6797	-4364	-6792	135	107	180	6	95	31	-93	741	346	-292	88
6078	5351	6972	-4419	-6963	348	281	-130	18	97	17	-98	794	373	-292	88
6108	5430	7239	-4424	-7206	515	231	1100	31	100	2	-106	851	393	-309	88
6126	5583	7541	-4558	-7558	21	230	-940	35	102	0	-109	872	419	-282	88
6144	5706	7841	-4592	-7840	147	79	640	46	107	-13	-115	933	429	-319	88
6168	5789	8092	-4635	-8097	257	112	-400	59	112	-24	-123	988	457	-318	88
6186	6048	8426	-4807	-8437	135	92	590	61	114	-27	-126	1047	472	-342	88
6222	6143	8546	-4866	-8552	383	186	290	82	133	-43	-146	1105	489	-362	88
6237	6191	8739	-4882	-8738	382	48	350	87	135	-46	-151	1135	496	-375	88
6267	6415	8865	-5055	-8838	520	209	950	103	151	-55	-174	1196	505	-410	88
6285	6552	9047	-5150	-9044	368	150	270	105	159	-59	-180	1226	511	-419	88
6312	6961	9138	-5465	-9108	440	332	490	111	176	-67	-205	1296	498	-483	88
6330	7116	9385	-5567	-9371	474	365	400	113	188	-68	-216	1350	524	-485	88
6348	7015	9484	-5465	-9465	714	314	-760	116	197	-70	-227	1373	550	-470	88
6384	7250	9889	-5657	-9909	545	294	130	138	226	-79	-258	1456	585	-457	88
6402	7274	9978	-5642	-9976	643	347	560	144	239	-82	-269	1481	605	-484	88
6438	7508	10271	-5840	-10270	751	256	60	175	273	-92	-307	1574	614	-534	88
6456	7685	10169	-6009	-10163	973	591	350	183	285	-94	-318	1606	614	-557	88
6486	7905	10265	-6160	-10235	1090	638	1500	192	322	-101	-361	1668	621	-591	88
6510	8218	10466	-6406	-10442	885	734	1000	201	353	-106	-396	1727	633	-620	88
6534	8156	10549	-6334	-10508	1336	768	430	214	384	-110	-427	1779	668	-626	88
6564	8320	10650	-6482	-10582	1394	764	-440	241	428	-119	-481	1841	673	-669	88
6588	8611	10757	-6711	-10748	1481	792	870	250	444	-121	-494	1907	667	-722	88
6618	8761	10758	-6871	-10758	1136	801	700	285	502	-125	-558	1960	698	-741	88
6648	9010	10759	-7054	-10759	1538	869	1320	305	543	-131	-601	2053	705	-817	88
6666	8934	10759	-7027	-10759	1538	869	1320	327	573	-138	-636	2053	705	-817	88
6684	8943	10760	-7055	-10760	1417	1093	-1010	347	595	-144	-657	2071	743	-809	88
6708	9213	10760	-7268	-10760	1398	920	-570	365	614	-149	-673	2140	728	-882	88
6738	9612	10760	-7624	-10760	1942	1430	350	399	649	-161	-713	2238	720	-980	88
6756	9965	10760	-7906	-10760	1667	1089	1520	413	673	-173	-734	2287	663	-1062	88
6780	9920	10760	-7842	-10760	2167	1223	80	433	692	-181	-748	2339	695	-1101	88
6804	10056	10760	-7965	-10760	1763	1101	-420	468	720	-192	-778	2394	723	-1119	88
6834	9912	10760	-7839	-10760	2241	1199	170	497	750	-203	-802	2398	713	-1204	88
6876	9873	10760	-7785	-10760	1909	1337	350	527	775	-216	-826	2389	740	-1251	88
6906	9620	10759	-7532	-10759	2027	1294	-570	538	797	-215	-842	2377	777	-1288	88
6924	9513	10759	-7398	-10759	1725	1288	-1280	539	804	-215	-851	2362	819	-1283	88
6948	9309	10758	-7147	-10758	2383	1771	180	535	819	-210	-861	2347	863	-1352	88
6984	8877	10757	-6651	-10757	1726	1359	-1960	526	839	-200	-878	2306	970	-1339	88
7008	8460	10757	-6199	-10757	1596	1174	-1690	529	852	-198	-882	2272	1044	-1351	88
7026	8200	10756	-5913	-10756	2078	1503	220	515	860	-194	-890	2206	1045	-1416	88
7044	8286	10756	-5998	-10756	2041	1734	-560	506	870	-177	-902	2201	1055	-1447	88
7062	7846	10755	-5560	-10755	1848	1486	-2410	501	878	-170	-896	2162	1131	-1415	88
7086	7698	10755	-5367	-10755	1805	1467	-1000	495	879	-167	-901	2145	1165	-1428	88
7110	7544	10754	-5210	-10728	1963	1845	-210	492	888	-165	-911	2079	1160	-1492	88
7140	7639	10753	-5121	-10753	1663	1551	-530	460	900	-154	-913	2073	1170	-1609	88
7158	7297	10753	-4851	-9982	2548	2287	-1680	452	900	-151	-917	2000	1176	-1623	88
7179	7302	10753	-4798	-9924	2030	2000	-30	436	903	-139	-910	1946	1149	-1703	88
7209	7442	10752	-4799	-9947	1978	1883	-20	399	907	-123	-910	1947	1147	-1784	88
7227	7507	10752	-4839	-9963	1978	1883	-20	380	909	-112	-905	1947	1147	-1785	88
7257	7584	10752	-4887	-9992	1978	1883	-20	358	909	-99	-896	1947	1147	-1786	88
7281	7616	10752	-4900	-10014	1978	1883	-20	348	916	-96	-889	1947	1147	-1786	88
7323	7676	10752	-4960	-10056	1978	1883	-20	330	924	-80	-877	1947	1147	-1783	88
7359	5816	10751	-3057	-9549	2111	2221	-730	315	929	-66	-866	1684	1410	-1821	88
7389	5448	10751	3176	-9901	1145	1199	-1300	288	936	-53	-863	1598	1417	-1846	88
7407	5446	9021	2933	-7549	3545	4322	-4150	272	939	-32	-860	1512	1421	-1829	88
7443	4479	9461	3813	-7984	1660	2120	-1180	234	933	14	-842	1287	1392	-1814	88
7461	4096	8754	4052	-7241	1603	2247	10	213	930	41	-832	1145	1356	-1804	88
7485	3992	8580	4088	-7093	1395	2035	-1170	189	923	70	-815	1085	1327	-1810	88
7509	3314	7890	4559	-6404	1239	1966	-1370	167	919	97	-801	908	1311	-1733	88
7536	3081	6996	4582	-5560	1164	2437	-2880	124	904	145	-769	753	1268	-1676	88
7560	-3121	6234	4773	-4830	1173	2450	-3510	96	888	177	-744	607	1210	-1615	88
7620	-3540	4870	4761	-3655	656	2319	-3560	0	844	274	-675	326	1065	-1433	88
7662	-3586	3694	4502	3180	567	2481	-2130	-62	808	330	-630	157	920	-1299	88
7680	-3591	3344	4343	3385	284	2430	-4910	-105	782	367	-594	82	869	-1187	88
7710	-3616	-3302	4047	3838	149	1915	-2140	-161	740	414	-488	-43	691	-1018	88
7752	2975	-3840	-2905	3957	-314	2238	-2040	-218	618	478	-343	-83	506	-788	88
7773	2958	-4279	-3145	4243	-355	1795	-3840	-227	549	483	-288	-145	363	-644	88
7797	3480	-4386	-3613	4244	-747	2307	-3100	-228	484	445	-225	-141	300	-585	88
7839	3964	-4403	-4252	3872	-522	1280	-920	-223	371	374	-129	-64	64	-284	88
7869	4429	-4155	-4832	3306	-651	1083	-2910	-215	300	327	-74	22	-18	0	88
7932	4992	-3531	-5234	-3127	-748	932	-2460	-192	185	266	9	124	-83	0	88
7950	4951	-3227	-5163	-3395	-728	504	-1770	-181	163	252	14	153	-94	0	88
7974	5157	-3142	-5439	-3570	-605	532	-1780	-172	140	234	14	208	-119	138	88
7998	5279	-2917	-5546	-3779	-393	343	-1800	-160	110	210	13	265	-141	190	88
8019	5583	3093	-5787	-3961	-472	315	30	-146	87	188	13	318	-169	185	88
8043	5560	3200	-5715	-4010	-236	179	-310	-132	67	158	10	346	-182	191	88
8076	5912	3392	-5992	-4188	-141	66	200	-107	49	125	10	421	-231	151	88
8094	6103	3405	-6052	-4082	-60	130	1150	-95	43	110	11	441	-257	0	88
8118	6172	3539	-6076	-4222	-130	-4	420	-76	33	79	13	466	-274	0	88
8130	6244	3554	-6157	-4247	-30	-52	440	-64	30	69	11	489	-293	0	88
8148	6566	3590	-6467	-4329	-23	29	-330	-54	24	56	12	538	-328	0	88
8166	6555	3649	-6453	-4380	133	-129	50	-36	20	37	8	563	-345	0	88
8190	6860	3733	-6756	-4489	28	-166	670	-21	14	25	2	609	-385	0	88
8208	7024	3745	-6909	-4530	111	-63	-560	-18	14	19	2	639	-395	0	88
8238	7433	3903	-7303	-4745	47	-84	-380	10	13	-6	-7	718	-438	0	88
8262	7705	3926	-7562	-4808	104	-128	1130	18	14	-16	-11	764	-478	0	88
8280	7794	3905	-7669	-4808	188	-77	0	36	17	-30	-17	790	-493	0	88
8304	7864	3997	-7726	-4923	272	-152	-660	45	20	-40	-20	822	-499	0	88
8328	8134	4004	-7988	-4956	348	-75	710	64	21	-58	-28	872	-532	0	88
8352	8460	4196	-8283	-5199	119	-126	600	81	21	-76	-33	926	-559	0	88
8382	8715	4239	-8535	-5287	153	-144	440	97	25	-91	-41	976	-592	0	88
8412	8936	4248	-8762	-5341	242	-167	630	119	29	-111	-48	1025	-629	0	88
8436	8955	4337	-8777	-5441	456	-206	-1070	132	30	-123	-52	1061	-628	0	88
8457	9384	4453	-9198	-5632	364	-240	880	158	32	-144	-57	1134	-680	0	88
8481	9471	4495	-9418	-5845	505	-393	-860	178	36	-159	-62	1188	-706	139	88
8559	9726	4457	-9700	-5876	807	-444	-1150	259	48	-235	-85	1284	-781	139	88
8577	10085	4644	-10059	-6146	563	-405	-540	276	49	-247	-88	1343	-801	167	88
8634	10494	4859	-10467	-6485	619	-529	-760	320	61	-292	-106	1454	-848	212	88
8658	10497	5087	-10498	-6767	798	-544	-620	378	67	-345	-124	1529	-837	285	88
8688	10711	5204	-10732	-6974	1138	-736	-620	398	68	-365	-126	1611	-876	319	88
8706	10433	5194	-10462	-6941	1138	-736	-620	477	71	-442	-135	1611	-876	319	88
8730	10745	5383	-10745	-7188	829	-538	460	514	70	-471	-145	1672	-888	355	88
8760	10690	5298	-10761	-7097	1245	-822	120	570	69	-526	-159	1710	-945	352	88
8790	10745	4978	-10745	-6759	1171	-811	2570	618	69	-533	-176	1721	-1047	294	88
8820	10744	4791	-10744	-6653	1357	-950	-350	653	74	-580	-187	1770	-1138	292	88
8847	10744	4906	-10744	-6814	1096	-918	-40	675	78	-605	-202	1821	-1169	307	88
8889	10744	5283	-10744	-7271	1714	-972	320	706	86	-643	-226	1948	-1135	439	88
8913	10743	5166	-10743	-7156	1507	-1238	1660	728	92	-672	-239	1944	-1200	413	88
8934	10743	5480	-10743	-7577	1608	-1142	-1020	745	96	-697	-248	2030	-1172	508	88
8958	10742	5603	-10742	-7776	1490	-1035	470	762	96	-718	-255	2088	-1191	565	88
8985	10742	5539	-10742	-7782	1245	-911	-30	782	101	-748	-270	2127	-1244	592	88
9015	10741	5507	-10741	-7818	1846	-1391	-740	797	108	-771	-283	2173	-1285	663	88
9048	10740	5185	-10740	-7510	1573	-1252	90	816	113	-796	-296	2141	-1337	679	88
9078	10739	5120	-10739	-7490	1705	-1680	-80	836	110	-820	-299	2125	-1364	756	88
9120	10738	4876	-10738	-7113	2848	-2499	950	857	104	-845	-307	2058	-1358	797	88
9144	10738	4351	-10738	-6656	1624	-1389	1220	860	97	-855	-308	2008	-1431	802	88
9162	10737	4398	-10737	-6704	2401	-2073	-100	868	97	-864	-308	2011	-1425	852	88
9192	10736	3797	-10736	-6044	2394	-2402	1810	881	83	-879	-302	1882	-1497	865	88
9222	10736	3641	-10736	-5970	1990	-2072	-370	892	66	-898	-288	1862	-1523	929	88
9240	10735	3327	-10735	-5684	1859	-1652	950	900	61	-903	-281	1838	-1551	943	88
9258	10735	3181	-10735	-5582	2006	-1923	1000	908	52	-913	-272	1812	-1581	1002	88
9306	10734	-3136	-10734	-5157	1646	-1553	1330	912	39	-917	-254	1733	-1667	1056	88
9321	10734	-3420	-10734	-4898	1700	-1917	1380	912	36	-917	-244	1697	-1704	1058	88
9372	10708	-3526	-10733	-4939	1709	-2130	1000	925	13	-932	-225	1672	-1728	1246	88
9396	10699	-3974	-10732	-4504	1704	-1921	-20	920	-7	-936	-215	1616	-1780	1291	88
9432	9969	-3557	-10736	-4891	2557	-2931	-780	837	-30	-947	-200	1607	-1707	1441	88
9462	10239	-4469	-10735	-3905	1225	-2037	1070	822	-56	-954	-191	1417	-1791	1422	88
9492	8997	-5279	-10314	2960	2185	-2869	2800	812	-90	-963	-178	1225	-1857	1373	88
9540	8715	-6326	-10161	4177	1070	-2239	5540	815	-141	-957	-137	957	-1940	1287	88
9570	7579	-7059	-9073	5246	1063	-2713	6330	799	-219	-953	-77	682	-1991	1140	88
9594	7473	-7729	-9027	6021	863	-2161	3860	775	-264	-930	-34	542	-2033	1062	88
9624	7609	-7521	-9155	5824	863	-2161	3860	737	-324	-893	21	542	-2033	1063	88
9642	7718	-7402	-9256	5693	863	-2161	3860	706	-358	-864	58	542	-2033	1064	88
9660	7831	-7282	-9331	5566	863	-2161	3860	674	-392	-843	94	542	-2033	1064	88
9702	-3179	-10729	-4455	10209	487	-2433	2930	627	-442	-805	152	-620	-1931	677	88
9729	-3170	-10730	-4354	10256	-194	-2077	2520	559	-509	-761	221	-730	-1891	629	88
9753	-4081	-9759	-3235	9449	-516	-3686	4580	496	-550	-731	265	-807	-1793	584	88
9771	-4701	-9812	3433	9839	-377	-2357	2530	405	-608	-676	332	-970	-1571	472	88
9795	-5437	-9667	4275	9986	-551	-1829	2670	337	-645	-600	376	-1126	-1387	369	88
9825	-6434	-8509	5481	9143	-1121	-2325	3810	278	-676	-515	421	-1228	-1126	224	88
9855	-6672	-7610	5861	8396	-1267	-1998	2870	167	-725	-376	497	-1256	-899	134	88
9885	-7110	-6298	6620	7347	-1294	-1747	1140	116	-743	-315	526	-1222	-604	0	88
9915	-6845	-5479	6504	6462	-1469	-1519	1510	40	-750	-235	569	-1154	-460	0	88
9939	-6686	-5161	6386	6063	-1370	-1530	-510	4	-748	-197	590	-1106	-416	0	88
9981	-6293	-4167	6182	5013	-1285	-1289	570	-40	-743	-148	609	-964	-268	0	88
10002	-6220	-2962	6157	3627	-1866	-1792	920	-81	-733	-94	624	-868	-124	138	88
10020	-5987	2904	5978	3545	-1474	-1224	750	-103	-724	-71	627	-813	-68	133	88
10050	-5560	3996	5702	-3658	-1566	-1361	150	-129	-650	-36	629	-626	76	182	88
10074	-5071	4741	5389	-4491	-1617	-1302	860	-144	-602	-20	602	-478	163	168	88
10092	-4727	4754	5081	-4527	-1369	-1028	60	-161	-544	-1	540	-399	189	181	88
10122	-4200	5139	4564	-5089	-1353	-1401	-1430	-180	-467	14	457	-251	190	295	88
10140	-3669	5018	4050	-5046	-1295	-914	-200	-185	-436	19	430	-184	174	312	88
10164	-5772	5271	6204	-4912	-914	-769	-640	-190	-397	18	378	-385	523	405	88
10188	-6549	6211	7170	-5653	-1582	-1328	120	-195	-346	20	314	-417	735	410	88
10212	-6374	6237	6917	-5810	-848	-871	-2010	-189	-321	25	297	-315	777	517	88
10230	-6064	6581	6644	-6271	-902	-882	-720	-186	-288	24	275	-223	804	570	88
10260	-5452	6768	6105	-6508	-767	-418	-280	-189	-249	28	229	-102	826	587	88
10278	-5461	6803	6106	-6557	-541	-462	-410	-189	-249	28	229	-80	828	601	88
10296	-5432	6698	6035	-6466	-433	-428	-190	-179	-208	31	187	-59	829	612	88
10317	-5301	6742	5898	-6526	-456	-397	-140	-172	-186	33	163	-27	831	613	88
10347	-5166	6680	5737	-6488	-500	-220	-40	-158	-160	31	138	-5	831	614	88
10371	-5142	6643	5689	-6455	-298	-188	110	-139	-134	27	114	25	831	596	88
10407	-4998	6572	5537	-6385	-174	16	870	-123	-109	26	92	57	830	566	88
10431	-4981	6666	5508	-6511	-263	-149	700	-108	-88	24	80	77	828	546	88
10452	-4987	6584	5501	-6400	-69	-107	220	-97	-68	26	60	91	827	505	88
10470	-4840	6408	5335	-6218	-15	259	490	-89	-51	29	44	100	826	486	88
10494	-4832	6479	5335	-6269	27	91	660	-82	-35	32	27	119	823	450	88
10512	-4736	6456	5223	-6272	-140	192	-250	-77	-23	32	16	124	822	456	88
10548	-4729	6371	5184	-6178	-38	267	-220	-67	-6	36	0	132	821	437	88
10602	-4738	6374	5205	-6159	7	115	150	-57	27	36	-31	148	819	393	88
10620	-4743	6335	5201	-6130	-6	133	-210	-56	34	35	-37	146	819	400	88
10674	-4497	6256	5012	-6016	34	411	-260	-57	53	39	-55	170	815	331	88
10698	-4461	6398	5012	-6168	-76	173	150	-55	66	40	-60	186	812	294	88
10716	-4430	6394	5014	-6155	43	138	1090	-54	77	39	-65	199	809	260	88
10740	-4343	6392	4922	-6175	-83	231	-300	-55	78	40	-66	202	808	266	88
10782	-4296	6443	4879	-6211	-116	224	190	-50	77	42	-66	210	806	244	88
10806	-4224	6543	4850	-6285	-5	126	370	-49	75	41	-66	235	800	203	88
10824	-4243	6495	4862	-6213	67	184	-300	-49	73	43	-68	231	800	193	88
10845	-4099	6505	4729	-6229	-124	350	-240	-47	72	41	-70	236	800	195	88
10911	-4066	6590	4839	-6137	240	220	-100	-44	72	43	-75	260	791	0	88
10935	-3946	6582	4727	-6140	58	366	-150	-43	74	42	-77	261	791	0	88
10953	-3953	6568	4720	-6137	58	366	-150	-41	78	44	-78	261	791	0	88
10971	-4007	6582	4769	-6154	166	264	200	-40	80	44	-78	266	790	0	88
10995	-3908	6646	4680	-6250	25	234	-10	-39	85	43	-79	277	786	0	88
11019	-4076	6671	4835	-6258	69	51	-760	-39	85	44	-80	263	791	0	88
11052	-4022	6623	4769	-6226	88	147	150	-34	92	44	-83	270	789	0	88
11070	-3876	6595	4631	-6222	-34	313	130	-33	97	43	-85	278	786	0	88
11088	-4144	6446	4864	-6040	294	270	-490	-33	99	44	-86	253	794	0	88
11112	-4117	6524	4837	-6125	29	195	-880	-33	102	47	-90	247	796	0	88
11136	-4160	6487	4882	-6079	93	183	540	-35	105	49	-91	242	797	0	88
11166	-4266	6313	4973	-5893	240	329	-380	-37	109	48	-92	220	803	0	88
11184	-4249	6354	4960	-5924	101	311	-200	-37	108	49	-95	216	805	0	88
11205	-4488	6187	5189	-5700	228	345	850	-37	109	46	-99	176	814	0	88
11223	4266	5668	-3702	-5763	333	431	-640	-34	111	46	-101	521	364	0	88
11241	4355	5958	-3754	-6065	110	254	560	-30	111	45	-102	549	375	0	88
11259	4479	6328	-3807	-6435	-8	220	580	-28	112	42	-106	597	412	0	88
11280	4427	6362	-3753	-6462	339	266	480	-17	112	33	-106	626	424	0	88
11316	4485	6788	-3739	-6887	461	303	-820	0	115	18	-111	697	478	0	88
11340	4652	7304	-3824	-7420	44	103	-180	9	116	10	-115	748	510	0	88
11364	4627	7296	-3789	-7396	44	103	-180	16	118	0	-122	748	510	0	88
11394	4802	7656	-3899	-7747	233	232	170	31	119	-11	-130	829	550	0	88
11424	4978	7943	-4003	-8036	200	324	420	35	122	-18	-136	883	581	0	88
11448	4983	8128	-3968	-8213	606	249	240	46	129	-31	-147	942	599	0	88
11463	5144	8501	-4086	-8613	154	-20	770	51	131	-33	-152	974	605	0	88
11493	5324	8856	-4185	-8993	320	10	-80	60	144	-45	-164	1057	641	0	88
11517	5388	8869	-4237	-8982	380	308	-600	69	152	-50	-178	1076	667	0	88
11535	5686	9171	-4337	-9177	565	169	870	72	161	-56	-186	1150	661	-171	88
11559	5752	9246	-4388	-9253	570	263	10	82	174	-62	-201	1176	677	-176	88
11583	5867	9367	-4453	-9364	513	229	290	84	192	-66	-222	1205	685	-192	88
11613	6249	9669	-4717	-9642	656	363	630	90	208	-72	-244	1300	701	-248	88
11643	6527	9881	-4930	-9827	667	358	760	108	228	-78	-269	1369	699	-318	88
11667	6628	10181	-5010	-10145	688	139	460	127	245	-84	-287	1432	709	-336	88
11703	6980	10077	-5350	-10012	1291	662	-230	160	284	-93	-330	1531	710	-409	88
11727	7363	10356	-5670	-10299	1060	513	800	186	306	-104	-354	1607	686	-483	88
11751	7697	10329	-5961	-10264	1065	557	1880	200	327	-111	-377	1655	648	-552	88
11772	8077	10412	-6279	-10351	1109	607	1720	215	356	-119	-407	1728	625	-621	88
11808	8526	10584	-6693	-10543	674	659	960	243	404	-126	-460	1797	612	-680	88
11835	8907	10620	-6997	-10548	1273	559	1970	259	437	-133	-496	1906	567	-791	88
11853	8899	10652	-6983	-10404	1641	963	-850	266	408	-138	-519	1927	600	-786	88
11871	9051	10742	-7076	-10723	1218	599	450	279	417	-146	-541	1961	593	-816	88
11895	9281	10743	-7179	-10743	1159	655	-60	300	453	-165	-573	2019	606	-920	88
11913	9762	10743	-7698	-10667	1237	596	820	322	487	-175	-608	2078	504	-968	88
11949	10744	10505	-8731	-10253	1813	801	1070	372	534	-196	-657	2235	324	-1221	88
11997	10744	10583	-8963	-10428	1665	732	220	447	580	-225	-681	2299	299	-1289	88
12027	10649	10744	-8745	-10744	1876	874	-1990	540	620	-245	-710	2374	408	-1277	88
12051	10513	10744	-8593	-10744	1574	869	-1690	572	638	-251	-719	2417	507	-1255	88
12075	10167	10744	-8356	-10744	1840	784	-1160	617	681	-252	-762	2437	557	-1249	88
12099	9382	10743	-7644	-10743	1842	963	-2500	640	699	-247	-773	2391	725	-1166	88
12153	8271	10741	-6549	-10741	2082	1642	-630	615	753	-210	-818	2290	1001	-1035	88
12171	7926	10741	-6133	-10741	1869	1147	-1820	585	769	-191	-829	2261	1064	-1035	88
12189	7613	10740	-5775	-10740	1697	1422	-2770	558	780	-177	-844	2211	1165	-982	88
12225	6038	10739	-4170	-10739	2087	1763	-4030	488	804	-135	-862	2030	1459	-823	88
12246	5369	10738	-3432	-10738	1536	1653	-2120	457	817	-118	-874	1924	1595	-765	88
12264	4776	10738	2972	-10738	1518	1654	-3060	426	823	-103	-868	1840	1691	-704	88
12294	4432	10738	3350	-10738	1930	2182	-40	397	836	-83	-866	1775	1761	-714	88
12327	4141	10737	3581	-10737	2024	2422	920	368	842	-49	-868	1678	1770	-734	88
12351	3900	10736	3842	-10736	1703	2198	-2220	311	857	-2	-874	1618	1825	-714	88
12375	3602	10736	4180	-10736	1655	2217	-920	301	858	8	-874	1566	1870	-752	88
12393	3578	10736	4269	-10736	1319	1704	-190	279	862	28	-875	1560	1876	-793	88
12423	3218	10735	4600	-10353	1798	2412	-1270	224	880	63	-891	1432	1900	-802	88
12465	-2987	10734	5106	-9722	1572	2596	-2340	167	899	88	-899	1281	1933	-885	88
12495	-3407	10734	5575	-9697	1469	2260	-780	131	905	119	-894	1208	1979	-924	88
12519	-4275	10733	6406	-9535	1259	1952	-1880	115	914	132	-891	1071	2058	-902	88
12546	-4125	10733	6285	-9580	1259	1952	-1880	71	918	165	-878	1071	2058	-897	88
12564	-4019	10733	6186	-9631	1259	1952	-1880	41	915	193	-863	1071	2058	-899	88
12588	-3927	10733	6113	-9704	1259	1952	-1880	14	909	213	-842	1071	2058	-898	88
12612	-3850	10733	6035	-9758	1259	1952	-1880	-8	909	235	-826	1071	2058	-900	88
12642	-3712	10733	5926	-9832	1259	1952	-1880	-48	911	265	-804	1071	2058	-901	88
12666	-6190	8461	8082	-6680	1635	4083	-2860	-66	913	280	-796	465	2211	-901	88
12696	-6815	8479	8587	-6732	797	2293	-2240	-102	907	319	-779	316	2116	-908	88
12717	-7302	7925	8959	-6120	591	2054	-1340	-114	901	331	-773	171	2071	-907	88
12741	-7410	6998	8878	-5218	828	2172	-2120	-153	869	373	-730	45	1958	-918	88
12768	-7361	6156	8654	-4441	532	2284	-2240	-186	842	407	-691	-85	1837	-915	88
12786	-7279	6226	8577	-4529	532	2284	-2240	-209	822	429	-666	-85	1837	-915	88
12828	-7282	4946	8284	-3387	300	2228	-3560	-256	778	474	-603	-273	1635	-884	88
12846	-7103	4130	7944	3149	142	2304	-1980	-279	753	494	-572	-368	1493	-868	88
12867	-6576	3340	7330	3831	68	2795	210	-297	733	508	-533	-413	1355	-900	88
12891	-6618	-3139	7128	4231	-15	2249	-2140	-321	704	531	-455	-507	1193	-845	88
12915	-6476	-3475	6864	4366	3	2211	-1760	-336	681	552	-388	-536	1113	-827	88
12951	-5794	-4367	5855	4952	-388	2249	-1320	-367	589	589	-281	-610	861	-722	88
12969	-5711	-4949	5500	5396	-337	2204	-5760	-384	531	606	-241	-669	736	-582	88
13005	-5097	-5252	4613	5433	-897	1807	-4420	-417	421	630	-153	-696	528	-375	88
13047	-3482	-5579	-3025	5314	-1419	1636	-2290	-455	305	639	-59	-595	210	-148	88
13068	-3289	-5497	-3065	5237	-935	1487	-1060	-470	255	598	-21	-548	161	-138	88
13101	3054	-6134	-3565	5711	-2146	2231	-3460	-469	201	514	22	-647	43	0	88
13131	3090	-5592	-3341	5283	-1268	1275	1060	-448	175	460	40	-527	-6	-149	88
13155	3277	-5129	-3556	4643	-1008	898	-2160	-369	114	356	78	-399	-68	0	88
13197	3893	-4574	-3902	4159	-1121	1227	380	-295	70	266	111	-269	-87	-150	88
13224	3945	-3799	-3895	3360	-938	693	-930	-235	41	212	124	-143	-75	-143	88
13266	4070	3194	-4008	-3701	-930	730	-1580	-157	10	160	127	39	44	0	88
13290	3947	-4002	-4130	3499	-756	636	-200	-152	6	150	117	-110	-165	0	88
13314	4211	-4965	-4631	4404	-1064	704	-10	-137	1	153	109	-197	-346	0	88
13332	4824	-6830	-5705	6119	-822	573	-160	-114	-20	157	104	-291	-742	0	88
13368	5060	-6643	-5678	6162	-668	596	1930	-111	-35	129	93	-252	-752	-184	88
13386	4775	-6603	-5318	6196	-206	208	1050	-113	-36	115	95	-254	-752	-243	88
13410	4967	-6656	-5319	6339	-480	607	3820	-104	-36	75	94	-264	-748	-327	88
13446	5141	-6302	-5442	5864	-359	189	-1140	-87	-41	34	98	-177	-773	-283	88
13467	5247	-6070	-5475	5611	-438	-27	860	-78	-43	15	103	-141	-780	-292	88
13485	5380	-5939	-5638	5420	-475	-36	-1070	-67	-48	8	104	-105	-785	-255	88
13503	5463	-6012	-5780	5450	-205	177	-1490	-59	-51	7	105	-75	-789	-212	88
13527	5603	-5728	-5942	5100	-314	-17	-670	-46	-54	3	105	-25	-791	-168	88
13557	5587	-5621	-6060	4845	-251	-147	-1160	-35	-57	-4	103	11	-792	0	88
13581	5661	-5563	-6143	4803	-62	-53	660	-21	-62	-8	101	44	-791	0	88
13605	5816	-5229	-6274	4447	-244	-242	-2120	-13	-67	-13	97	91	-786	0	88
13665	5810	-5093	-6256	4347	-194	-325	1280	5	-71	-24	92	114	-783	0	88
13689	5816	-4971	-6282	4215	-151	-393	-2680	18	-72	-31	86	140	-779	0	88
13713	5893	-5143	-6357	4405	20	-60	-270	18	-72	-31	86	140	-779	0	88
13731	5871	-4955	-6313	4236	-166	-296	170	28	-73	-41	78	149	-778	0	88
13752	5736	-5106	-6199	4414	240	-250	550	29	-72	-42	76	146	-778	0	88
13776	5906	-4868	-6362	4142	-87	-280	-1760	40	-72	-46	73	176	-772	0	88
13794	5872	-4965	-6333	4242	73	-173	580	46	-68	-50	74	175	-772	0	88
13818	5885	-4985	-6350	4269	110	-123	-580	47	-68	-51	70	178	-771	0	88
13854	5763	-4692	-6201	3982	49	-617	1100	56	-66	-59	66	197	-767	0	88
13884	5900	-4548	-6309	3834	-91	-571	970	62	-66	-65	61	222	-761	0	88
13908	5894	-4761	-6450	3913	53	-269	-580	66	-63	-68	58	227	-759	155	88
13926	5901	-4719	-6435	3890	5	-313	510	67	-63	-70	56	227	-758	144	88
13950	5850	-4723	-6429	3852	224	-303	-1510	72	-62	-74	55	245	-753	187	88
13980	5895	-4613	-6490	3705	146	-343	-1360	77	-60	-77	51	264	-747	225	88
14004	5931	-4687	-6517	3804	127	-229	260	76	-59	-77	46	257	-749	221	88
14052	5912	-4816	-6531	3925	215	-70	-650	82	-56	-82	41	252	-750	240	88
14070	5938	-4297	-6502	3375	-188	-636	-400	84	-57	-86	39	287	-737	254	88
14100	5874	-4797	-6499	3897	220	-116	690	88	-53	-90	36	256	-748	268	88
14130	5670	4211	-5680	-4925	-61	-448	220	89	-54	-95	34	549	-272	240	88
14178	6296	4300	-6324	-5166	67	-245	-50	98	-43	-99	27	661	-316	280	88
14196	6541	4374	-6572	-5307	197	-307	320	100	-35	-98	23	716	-339	288	88
14226	6676	4507	-6719	-5492	73	-385	-580	106	-31	-101	18	746	-345	312	88
14256	7004	4514	-7058	-5530	197	-151	-360	114	-28	-104	5	804	-363	330	88
14280	7258	4621	-7300	-5699	306	-178	650	117	-21	-109	-2	864	-379	355	88
14310	7706	4899	-7731	-6069	145	-319	-60	123	-15	-113	-13	949	-409	375	88
14358	8164	4928	-8180	-6171	183	-200	360	141	5	-127	-36	1030	-449	377	88
14382	8192	4953	-8207	-6230	391	-262	-410	146	15	-136	-45	1061	-452	396	88
14400	8726	5100	-8721	-6455	214	-214	-310	159	17	-145	-51	1139	-498	388	88
14424	8821	5047	-8810	-6399	362	-229	410	167	25	-153	-63	1163	-520	376	88
14460	9142	4965	-9088	-6337	390	-232	1780	182	35	-173	-74	1204	-576	332	88
14484	9397	5141	-9364	-6601	359	-147	550	200	41	-186	-82	1269	-577	381	88
14520	9704	5257	-9654	-6778	549	-269	-470	217	51	-207	-100	1351	-615	393	88
14556	10080	5397	-10021	-6977	564	-332	-660	240	56	-229	-116	1431	-656	405	88
14610	10331	5646	-10311	-7290	734	-559	-20	306	71	-281	-152	1546	-696	450	88
14634	10208	5631	-10188	-7251	734	-559	-20	341	75	-316	-163	1546	-696	450	88
14652	10528	5798	-10549	-7546	819	-566	-1190	364	80	-338	-174	1634	-719	532	88
14688	10464	6010	-10486	-7762	1063	-914	-330	412	87	-376	-187	1693	-734	522	88
14718	10724	6000	-10724	-7830	1097	-561	1150	452	91	-416	-199	1775	-772	556	88
14748	10725	6077	-10725	-7930	1043	-868	180	502	93	-469	-215	1817	-826	553	88
14772	10725	6006	-10725	-7884	1208	-697	530	541	97	-510	-232	1868	-859	575	88
14808	10726	5978	-10726	-7843	1304	-962	1060	606	98	-576	-267	1928	-941	582	88
14832	10725	5966	-10725	-7788	1304	-962	1060	647	101	-614	-283	1928	-941	582	88
14850	10725	6163	-10725	-8009	1471	-1197	-480	666	98	-635	-288	1965	-935	623	88
14874	10725	6034	-10725	-7907	1903	-1544	2540	692	99	-670	-303	2021	-1025	634	88
14904	10724	5936	-10724	-7870	2145	-1791	-1040	731	101	-708	-313	2057	-1085	649	88
14922	10723	5728	-10723	-7756	1391	-1242	610	745	98	-725	-317	2081	-1167	655	88
14946	10723	5739	-10723	-7827	1676	-1377	-120	767	96	-749	-322	2130	-1201	699	88
14964	10722	5348	-10722	-7425	1793	-1657	2530	777	95	-763	-325	2106	-1303	656	88
14982	10722	5184	-10722	-7320	1258	-1111	690	791	91	-780	-328	2116	-1343	661	88
15000	10721	5254	-10721	-7391	2412	-2184	-620	801	91	-791	-325	2118	-1339	725	88
15030	10720	4951	-10720	-7141	1644	-1416	1230	829	85	-821	-316	2092	-1380	720	88
15066	10719	4864	-10719	-7149	1424	-1405	-1130	848	76	-846	-307	2077	-1401	801	88
15120	10718	4291	-10718	-6633	1721	-2042	270	881	61	-876	-287	1995	-1517	841	88
15156	10717	3516	-10717	-5920	1481	-1641	2330	895	51	-889	-271	1911	-1620	859	88
15180	10716	3512	-10716	-5966	1846	-2012	270	901	45	-899	-257	1906	-1626	899	88
15198	10716	3586	-10716	-6097	1595	-1835	-130	903	41	-899	-254	1916	-1616	953	88
15216	10716	3099	-10716	-5622	1675	-1965	1270	907	34	-902	-246	1851	-1689	962	88
15234	10715	3107	-10715	-5635	1675	-1965	1270	912	32	-910	-242	1851	-1689	962	88
15276	10714	-3138	-10714	-5369	1739	-1760	220	922	25	-920	-220	1812	-1731	1107	88
15318	10480	-3316	-10713	-5180	2349	-2747	-110	938	15	-935	-208	1721	-1738	1196	88
15342	10713	-3381	-10713	-5142	1512	-2028	630	940	-12	-941	-195	1706	-1753	1228	88
15378	10157	-3752	-10712	-4776	2193	-2390	-90	945	-33	-944	-184	1621	-1750	1382	88
15420	10338	-4727	-10712	-3729	1484	-1930	4460	935	-68	-963	-167	1460	-1887	1359	88
15441	10378	-4552	-10712	-3988	1381	-1920	-580	935	-78	-966	-162	1484	-1869	1439	88
15459	9585	-4201	-10711	-4284	1728	-2816	0	937	-92	-971	-150	1451	-1817	1487	88
15480	9151	-4465	-10711	-3937	1614	-2207	780	935	-111	-968	-138	1350	-1744	1555	88
15525	8279	-5536	-9955	3188	1916	-2574	2920	895	-154	-977	-110	1103	-1840	1467	88
15555	7438	-5164	-9007	3046	1916	-2574	2920	877	-190	-974	-89	1010	-1686	1469	88
15579	7232	-4982	-8713	2928	1916	-2574	2920	850	-216	-967	-63	980	-1634	1468	88
15597	6704	-4736	-8130	-2987	1916	-2574	2920	828	-239	-950	-43	918	-1531	1468	88
15627	6213	-4467	-7590	-3107	1916	-2574	2920	796	-269	-920	-22	855	-1428	1468	88
15654	4245	-7412	-6004	6086	1256	-2241	2120	767	-291	-898	-9	193	-1585	1311	88
15675	3541	-7159	-5165	6130	416	-2416	2820	715	-339	-858	23	12	-1477	1216	88
15693	3261	-7064	-4812	6150	439	-2322	2260	677	-369	-833	51	-44	-1415	1187	88
15717	-3743	-6899	-3471	6324	267	-2693	3710	662	-383	-823	66	-222	-1277	1051	88
15741	-4399	-6556	3278	6274	20	-2623	3540	582	-423	-787	112	-356	-1120	922	88
15759	-4687	-6022	3827	5865	-90	-3150	4060	481	-464	-737	164	-410	-1037	859	88
15777	-5066	-5633	4450	5847	-477	-2500	4820	410	-500	-662	195	-520	-847	669	88
15825	-5451	-4149	5344	4937	-844	-1739	3440	250	-581	-474	295	-593	-464	264	88
15843	-5277	-4080	5145	4833	-844	-1739	3440	201	-601	-417	324	-593	-464	264	88
15861	-5255	-3392	5275	4231	-1223	-1987	3820	154	-618	-364	349	-581	-377	177	88
15879	-4823	3185	5113	3555	-1387	-1767	2580	110	-631	-317	376	-498	-280	0	88
15927	-4076	4257	4607	-3558	-1393	-1112	2280	13	-586	-216	413	-321	-78	0	88
15963	-3258	4727	4006	-4103	-1038	-746	950	-45	-505	-148	374	-149	-6	-137	88
15981	3029	6427	3734	-5940	-3682	-2783	3970	-70	-464	-116	340	-89	3	-171	88
16011	3684	5190	2948	-4736	-1639	-920	970	-92	-365	-66	254	30	-6	-200	88
16029	3693	4992	-2946	-4522	-1133	-847	530	-92	-342	-44	225	56	-16	-204	88
16071	3639	4700	-3076	-4230	-1051	-739	190	-68	-293	-17	171	54	-25	-201	88
16107	3477	4399	-3249	-4135	-1055	-642	-800	-34	-272	-8	155	43	-41	0	88
16134	-3484	4501	3695	-4087	-1116	-854	-1630	-24	-254	-7	151	-89	106	0	88
16158	-4650	4383	4828	-3796	-589	-615	-660	-12	-233	-3	148	-205	269	0	88
16176	-6673	4870	6952	-3921	-478	-565	-820	-8	-217	-1	145	-404	616	0	88
16194	-6577	5140	6811	-4359	-544	-651	-540	-16	-204	2	142	-351	646	146	88
16218	-6503	4927	6737	-4189	-31	-274	-330	-27	-184	6	135	-324	660	170	88
16248	-6284	5028	6553	-4369	-399	-269	-450	-38	-153	12	116	-304	669	189	88
16269	-6248	5102	6538	-4480	-358	-348	580	-42	-135	13	106	-282	678	203	88
16290	-6193	4916	6467	-4294	-111	-39	180	-42	-124	16	98	-274	681	198	88
16320	-6061	4859	6331	-4287	-236	51	160	-46	-89	25	74	-262	685	200	88
16344	-6092	4852	6343	-4294	-54	4	220	-47	-74	30	61	-246	692	214	88
16368	-5981	4835	6250	-4271	-98	121	110	-50	-63	35	50	-236	695	197	88
16404	-5969	4843	6254	-4290	-52	56	650	-53	-42	40	37	-225	700	181	88
16428	-5888	4797	6167	-4265	-84	163	-120	-53	-27	45	28	-218	701	170	88
16446	-5872	4828	6161	-4300	-110	118	40	-55	-21	47	24	-213	703	166	88
16470	-5921	4767	6177	-4246	-57	101	-450	-55	-15	51	17	-218	702	179	88
16491	-5803	4738	6077	-4212	-116	260	-630	-59	-10	53	10	-212	704	173	88
16521	-5631	4917	6088	-4238	-99	267	1990	-62	-7	55	6	-188	711	0	88
16557	-5668	4973	6124	-4301	-70	84	800	-67	3	60	-4	-181	712	0	88
16581	-5597	4947	6058	-4289	-55	181	30	-70	11	62	-10	-172	715	0	88
16599	-5504	5068	5996	-4427	-172	119	630	-73	17	63	-14	-155	719	0	88
16617	-5394	5047	5897	-4415	-133	275	680	-77	20	66	-16	-142	722	0	88
16632	-5435	5110	5929	-4479	-84	153	70	-75	20	67	-17	-135	723	0	88
16674	-5292	5192	5804	-4590	-124	208	980	-75	29	70	-21	-108	727	0	88
16707	-5245	5143	5757	-4547	-7	320	410	-78	32	72	-23	-99	729	0	88
16725	-5247	5111	5750	-4522	-64	344	-640	-79	34	73	-24	-106	728	0	88
16743	-5189	5194	5696	-4619	-159	292	-590	-79	36	76	-25	-96	729	0	88
16761	-5189	5197	5686	-4616	-159	292	-590	-79	35	79	-26	-96	729	0	88
16779	-5284	5279	5784	-4711	3	65	-500	-79	39	79	-25	-84	731	0	88
16803	-5056	5340	5576	-4787	-116	282	10	-77	39	79	-27	-58	733	0	88
16821	-5130	5436	5648	-4883	-42	66	170	-75	39	79	-27	-49	734	0	88
16869	-4977	5514	5511	-4974	-56	144	1520	-72	44	80	-32	-20	735	0	88
16887	-5005	5381	5517	-4860	-47	282	-1480	-70	48	76	-32	-34	735	0	88
16908	3970	4651	-3631	-4757	265	219	-1070	-69	49	76	-35	332	208	0	88
16926	4264	5035	-3849	-5177	-92	294	-160	-66	51	74	-35	385	236	0	88
16944	4277	5222	-3836	-5372	-101	213	390	-54	52	64	-35	412	249	0	88
16962	4219	5389	-3760	-5532	-24	151	-1080	-46	54	57	-39	434	273	0	88
16992	4358	5750	-3826	-5884	170	314	-760	-33	54	46	-43	510	321	0	88
17010	4259	6075	-3699	-6215	135	-100	20	-28	56	44	-43	535	338	0	88
17034	4423	6268	-3834	-6407	169	162	-260	-15	60	39	-51	585	371	0	88
17061	4500	6651	-3870	-6807	79	38	-40	-4	63	35	-53	636	402	0	88
17091	4507	6795	-3839	-6922	83	54	10	14	65	15	-65	661	418	0	88
17106	4517	7087	-3787	-7216	233	5	-1250	15	68	9	-67	708	457	0	88
17130	4603	7257	-3824	-7372	127	43	10	23	71	-1	-75	733	473	0	88
17154	4823	7546	-3969	-7674	154	-43	1060	30	76	-14	-86	800	479	0	88
17172	4919	7709	-4020	-7832	405	112	-50	35	81	-21	-94	852	508	0	88
17190	5255	8000	-4175	-8022	109	27	1530	39	86	-25	-100	892	499	-164	88
17235	5328	8213	-4195	-8220	531	267	-490	49	102	-35	-122	967	552	-158	88
17265	5603	8640	-4344	-8654	526	215	500	57	119	-46	-136	1054	580	-196	88
17319	5814	9017	-4463	-9047	539	185	310	69	147	-56	-162	1137	616	-217	88
17361	6142	9322	-4709	-9326	620	275	370	85	170	-62	-194	1229	635	-267	88
17379	6270	9607	-4780	-9617	629	270	-10	88	179	-64	-204	1282	664	-273	88
17421	6490	9960	-4935	-9979	582	288	170	108	215	-72	-241	1365	702	-294	88
17472	6847	10288	-5235	-10277	765	369	730	149	263	-83	-298	1489	721	-369	88
17508	7103	10416	-5485	-10389	691	504	730	184	297	-93	-340	1554	725	-415	88
17532	7391	10411	-5758	-10354	986	685	660	211	323	-100	-373	1627	708	-485	88
17556	7933	10379	-6240	-10325	1123	798	870	229	355	-106	-405	1714	654	-593	88
17574	7939	10520	-6248	-10439	1102	495	520	250	385	-112	-445	1749	648	-623	88
17613	8615	10555	-6800	-10489	1266	568	1370	263	431	-122	-486	1864	592	-752	88
17649	9119	10702	-7227	-10704	1161	815	890	286	482	-132	-520	1958	591	-824	88
17667	8910	10591	-7050	-10592	1877	726	-10	299	505	-136	-533	1988	597	-844	88
17685	8955	10673	-7121	-10687	1877	726	-10	316	522	-137	-551	2016	606	-844	88
17709	9083	10545	-7252	-10594	2441	1405	-1030	322	537	-137	-552	2066	648	-837	88
17733	9068	10724	-7189	-10724	1865	1135	-1220	330	575	-136	-590	2082	696	-837	88
17775	8463	10724	-6546	-10724	1351	929	-2500	356	640	-130	-663	2120	931	-737	88
17799	8135	10723	-6165	-10723	1694	1052	-1530	352	661	-126	-685	2137	1038	-707	88
17835	7817	10723	-5789	-10723	888	906	-1480	357	704	-118	-751	2128	1184	-644	88
17853	7061	10723	-5060	-10723	1449	1388	-2870	347	717	-99	-769	2090	1365	-558	88
17883	6255	10722	-4234	-10722	1268	1410	-1420	327	746	-82	-792	2006	1535	-465	88
17913	5212	10723	-3313	-10723	1546	2144	-5000	302	766	-51	-823	1854	1715	-342	88
17931	4619	10722	3097	-10722	1206	1418	-2120	283	774	-34	-834	1791	1781	-302	88
17958	2952	10722	4639	-10722	1142	1763	-3050	256	785	-12	-835	1538	2004	-140	88
17988	-3881	10722	5510	-10722	1109	1693	-2290	232	795	21	-839	1382	2114	0	88
18018	-4465	10722	6108	-10722	1113	1739	-1340	180	807	62	-841	1261	2189	0	88
18048	-5078	10721	6715	-10721	1212	1925	-1350	134	824	97	-848	1131	2260	0	88
18066	-5321	10721	6961	-10706	1284	2072	-1580	106	838	116	-857	1069	2289	0	88
18084	-5661	10720	7312	-10492	1311	2000	-1700	74	848	137	-861	999	2321	0	88
18102	-5577	10720	7241	-10442	1311	2000	-1700	50	861	157	-875	999	2321	0	88
18120	-5660	10720	7309	-10228	1277	2189	-700	32	870	177	-882	959	2337	0	88
18138	-5953	10719	7583	-10082	1145	2086	-1520	11	885	197	-888	895	2363	0	88
18168	-6936	10718	8513	-9706	1034	1731	-2200	-26	900	226	-865	713	2424	0	88
18189	-6716	10718	8428	-9476	813	2189	320	-26	900	226	-865	695	2429	-145	88
18219	-7015	10481	8510	-9251	869	2407	-2010	-71	903	281	-831	611	2452	0	88
18255	-8023	10106	9525	-8658	852	2083	-1230	-108	884	320	-788	401	2495	-141	88
18273	-8536	9596	9940	-8096	769	2317	-1840	-132	874	349	-762	255	2514	-145	88
18297	-8926	9000	10111	-7586	718	2726	-2610	-148	869	371	-745	139	2523	0	88
18315	-9213	8967	10469	-7430	653	2391	-1490	-174	861	399	-723	66	2526	-137	88
18345	-10015	8623	10715	-7154	281	1839	-2360	-222	829	462	-676	-119	2524	0	88
18369	-9860	8704	10715	-7319	281	1839	-2360	-266	806	520	-629	-119	2524	0	88
18387	-9793	8718	10712	-7362	281	1839	-2360	-285	802	544	-617	-119	2524	0	88
18411	-9603	8783	10486	-7530	281	1839	-2360	-339	784	608	-569	-119	2524	0	88
18435	-9403	8869	10308	-7680	281	1839	-2360	-396	760	658	-526	-119	2524	0	88
18459	-10713	4092	10713	3201	-683	2030	-2470	-415	743	674	-507	-1143	2253	144	88
18501	-10714	3193	10714	3941	-527	2332	-3170	-518	661	750	-382	-1270	2114	144	88
18540	-10714	-4619	10595	5640	-1321	3733	-3570	-598	575	811	-278	-1441	1774	210	88
18564	-10714	-5080	10481	6068	-1271	2218	-2640	-648	492	837	-229	-1531	1531	252	88
18588	-10430	-5741	9597	6623	-1483	2219	-3770	-698	402	863	-165	-1571	1310	290	88
18636	-8645	-5157	8220	6158	-1826	2297	2070	-751	286	879	-82	-1401	1137	0	88
18666	-8429	-4892	8081	5919	-1603	2012	120	-774	212	872	-33	-1362	1090	0	88
18696	-7285	-4929	7083	5950	-1571	2237	210	-784	168	862	-9	-1249	941	-138	88
18717	-7241	-4798	7159	5934	-1571	2237	210	-786	141	851	6	-1249	941	-225	88
18747	-6570	-4086	6735	5249	-1154	1585	1250	-784	110	827	23	-1072	874	-363	88
18777	-5624	-4051	5964	5221	-1308	2124	1500	-777	91	803	33	-977	800	-487	88
18804	-4972	-3880	5399	4999	-1293	2047	1530	-775	87	797	35	-879	730	-559	88
18846	-3402	-3590	4170	4742	-1466	2393	1450	-755	72	754	35	-681	588	-834	88
18864	-3451	-3311	4275	4475	-1238	1665	950	-743	67	734	34	-634	550	-878	88
18894	2930	-3201	3832	4394	-1045	1559	1100	-731	69	720	31	-540	475	-1038	88
18942	4531	-3458	-3508	4632	-1280	2733	2500	-626	73	670	23	-364	309	-1320	88
18960	4447	-3401	-3463	4522	-1078	2259	1340	-575	78	634	30	-328	256	-1372	88
19008	4984	-3461	-3966	4356	-531	1656	-80	-444	85	491	45	-161	55	-1465	88
19038	5425	-3073	-4348	3782	-787	1405	-220	-377	85	415	59	-47	0	-1450	88
19056	5312	3057	-4204	3383	-482	969	-900	-350	84	380	68	15	3	-1424	88
19074	4759	-3840	-3833	4539	-498	877	830	-325	87	356	68	-165	-111	-1453	88
19095	4898	-5958	-4432	6471	-531	797	-880	-291	84	325	67	-353	-475	-1409	88
19113	4807	-5930	-4354	6450	-531	797	-880	-265	76	303	73	-353	-475	-1409	88
19143	5395	-5630	-4919	5980	-591	703	-1370	-233	63	266	90	-234	-537	-1379	88
19173	5494	-5447	-4965	5791	-34	513	70	-201	50	226	97	-149	-564	-1392	88
19191	5566	-5203	-5067	5462	-230	285	-1680	-180	45	206	98	-112	-572	-1333	88
19221	5652	-4974	-5097	5283	-329	197	280	-145	37	172	89	-73	-578	-1356	88
19239	5586	-4878	-5040	5187	-215	52	-600	-131	31	157	87	-55	-580	-1337	88
19263	5557	-4710	-4998	5025	-225	-84	140	-105	20	124	82	-29	-582	-1298	88
19287	5666	-4633	-5111	4905	-81	-10	140	-97	15	108	79	11	-582	-1237	88
19335	5541	-4435	-5073	4699	-95	-149	-880	-45	-1	70	69	42	-581	-1160	88
19371	5423	-4370	-5016	4632	-71	-246	-720	-18	-5	55	63	50	-580	-1124	88
19401	5338	-4301	-4989	4516	54	-347	-1900	-2	-10	38	59	71	-578	-1046	88
19422	5542	-4340	-5203	4523	-89	27	-710	10	-11	29	58	87	-576	-1016	88
19452	5484	-4308	-5169	4466	-5	-32	-1030	19	-11	19	56	98	-574	-981	88
19485	5483	-4162	-5186	4268	24	-155	-380	30	-10	7	53	127	-568	-923	88
19515	5460	-4169	-5239	4194	142	-102	-910	38	-11	-1	52	145	-564	-826	88
19545	5508	-4071	-5309	4048	17	-118	-1410	45	-10	-9	47	162	-559	-772	88
19593	5478	-3987	-5275	3960	-10	-222	-570	49	-15	-19	45	169	-558	-738	88
19611	5543	-3998	-5366	3944	37	-59	-400	53	-16	-24	40	185	-552	-687	88
19641	5961	-2983	-5613	-2933	50	-196	860	54	-19	-31	40	352	-469	-648	88
19665	6250	-2989	-5933	-3009	34	-252	-330	56	-18	-32	38	393	-513	-629	88
19689	6526	-3034	-6213	-2994	102	-270	650	61	-17	-41	26	434	-558	-613	88
19707	6696	-3158	-6385	2903	186	-141	340	62	-15	-44	26	449	-585	-623	88
19731	6938	-3104	-6624	-2998	-22	-82	-690	65	-16	-51	22	474	-603	-601	88
19785	7435	-3210	-7146	-2993	120	-205	60	74	-13	-64	13	546	-699	-587	88
19809	7970	-3297	-7680	-2977	65	-56	650	80	-13	-72	7	604	-768	-590	88
19827	7953	-3238	-7655	-3031	173	-387	180	82	-13	-80	-1	621	-793	-592	88
19851	8339	-3424	-8032	2942	200	-108	900	88	-15	-91	-10	652	-845	-602	88
19899	8652	-3799	-8343	3321	364	-403	1930	108	-14	-114	-15	667	-983	-709	88
19917	8892	-3846	-8606	3287	214	-167	-560	125	-11	-130	-14	692	-1002	-691	88
19941	8971	-3871	-8723	3280	181	-193	100	146	-12	-141	-12	707	-1029	-692	88
19971	9161	-3854	-8949	3178	276	-350	-350	157	-10	-150	-12	751	-1071	-669	88
19989	9240	-3769	-9062	3025	307	-385	-60	180	-10	-167	-9	787	-1083	-635	88
20031	9702	-3618	-9628	-3135	542	-457	-1070	213	-11	-188	-7	908	-1141	-535	88
20055	10039	-3501	-9985	-3334	433	-430	-300	230	-13	-201	-10	967	-1172	-496	88
20109	10515	-3092	-10505	-3928	534	-503	-200	279	-11	-247	-25	1118	-1199	-362	88
20130	10502	2923	-10505	-4193	495	-572	-1340	330	-8	-297	-37	1168	-1193	-309	88
20154	10492	2978	-10486	-4258	512	-615	-400	374	-7	-345	-47	1196	-1207	-289	88
20190	10721	-3149	-10707	-3935	722	-739	0	446	-12	-406	-66	1237	-1334	-323	88
20232	10711	-3464	-10711	-3568	787	-831	1220	397	-18	-465	-82	1250	-1445	-366	88
20250	9944	-3238	-9770	-3645	2468	-2786	3510	435	-30	-508	-93	1260	-1474	-354	88
20271	10710	-3809	-10710	-3035	699	-887	2340	466	-42	-531	-102	1218	-1548	-483	88
20295	10709	-4850	-10709	3975	697	-674	3390	511	-63	-549	-106	1097	-1709	-641	88
20319	10414	-5586	-10428	4868	1330	-1807	4770	535	-73	-567	-97	963	-1856	-795	88
20343	10518	-6094	-10691	5331	776	-1243	2690	591	-97	-600	-75	893	-1923	-795	88
20361	10347	-6563	-10572	5882	794	-1335	2430	598	-104	-604	-75	817	-1989	-866	88
20403	9837	-7593	-10222	6932	1080	-1936	1950	618	-143	-626	-14	650	-2176	-992	88
20427	10171	-8173	-10605	7479	793	-1358	1530	616	-160	-630	6	596	-2254	-1015	88
20448	9865	-8051	-10374	7270	1091	-2337	-1440	623	-178	-643	29	602	-2313	-981	88
20469	10152	-8657	-10641	7917	720	-1535	2060	621	-189	-652	43	528	-2362	-1030	88
20529	10119	-9156	-10688	8275	927	-1780	-300	638	-236	-708	96	487	-2494	-963	88
20547	10108	-9107	-10616	8246	927	-1780	-300	643	-247	-727	107	487	-2494	-982	88
20625	9227	-9588	-9834	8835	787	-2069	1200	640	-329	-747	182	283	-2526	-943	88
20655	9189	-9868	-9861	9128	773	-1627	-1360	628	-369	-738	217	227	-2532	-919	88
20679	8667	-10286	-9365	9711	557	-1650	1240	618	-397	-736	233	77	-2541	-953	88
20697	8183	-9845	-8931	9251	940	-2770	-1000	616	-416	-735	243	99	-2540	-895	88
20727	8393	-10141	-9210	9473	325	-2052	870	604	-441	-724	276	33	-2542	-821	88
20760	8546	-10054	-9392	9315	350	-1898	-490	587	-474	-713	309	50	-2541	-758	88
20784	7999	-10371	-8914	9750	283	-2025	2240	581	-496	-705	323	-72	-2541	-757	88
20820	8148	-10244	-9211	9454	231	-1948	550	561	-534	-681	358	-48	-2541	-582	88
20856	7668	-10075	-8785	9316	311	-2126	-660	547	-561	-666	380	-94	-2480	-510	88
20874	7857	-10037	-9042	9182	-190	-1928	-10	538	-575	-656	391	-105	-2479	-406	88
20898	6724	-9441	-7990	8627	392	-3530	1020	526	-595	-641	407	-136	-2418	-306	88
20919	7151	-10144	-8501	9289	-34	-1980	1600	523	-599	-637	410	-197	-2414	-236	88
20937	7177	-9882	-8590	8921	-65	-2337	-650	506	-616	-620	427	-169	-2416	-149	88
20955	7235	-9824	-8645	8870	-65	-2337	-650	490	-633	-604	441	-169	-2416	-149	88
20973	6869	-10010	-8433	8969	-81	-2494	-1280	480	-639	-597	448	-228	-2412	0	88
21003	6906	-10345	-8483	9346	21	-1911	-150	465	-656	-586	464	-270	-2407	0	88
21033	6754	-10367	-8492	9259	-148	-2031	-900	449	-674	-569	473	-301	-2404	176	88
21063	6268	-10696	-8092	9774	162	-1856	-670	437	-678	-564	479	-395	-2390	223	88
21081	6155	-10535	-7955	9461	-417	-2330	830	428	-694	-562	493	-426	-2385	250	88
21114	5257	-10612	-7082	9720	-514	-2430	3330	401	-717	-539	507	-578	-2290	287	88
21150	5631	-10644	-7544	9591	-585	-2016	20	366	-743	-508	538	-554	-2296	404	88
21168	5297	-10596	-7163	9694	-874	-2272	2540	342	-767	-493	545	-637	-2275	377	88
21192	4414	-10696	-6311	10696	-397	-1698	1560	313	-792	-475	552	-828	-2212	327	88
21210	3716	-10036	-5439	9655	-1250	-3149	2710	293	-802	-456	523	-849	-2075	315	88
21228	3699	-9711	-5349	9391	-1250	-3149	2710	276	-808	-443	519	-826	-2019	316	88
21246	3738	-9402	-5306	9081	-1250	-3149	2710	245	-809	-419	529	-804	-1964	314	88
21264	3640	-8787	-5095	8495	-1250	-3149	2710	230	-810	-404	537	-758	-1852	317	88
21306	3646	-7867	-4913	7556	-1250	-3149	2710	167	-809	-346	567	-689	-1685	315	88
21324	3616	-7576	-4811	7267	-1250	-3149	2710	154	-806	-338	572	-667	-1630	315	88
21354	-6129	-7818	5201	8573	-1611	-1725	2110	102	-795	-265	590	-1305	-979	0	88
21372	-5892	-7509	5027	8221	-1611	-1725	2110	65	-789	-229	595	-1256	-943	0	88
21390	-6275	-7084	5514	7870	-1620	-1688	990	29	-784	-199	602	-1277	-807	0	88
21426	-6227	-6433	5628	7194	-1637	-1454	1570	-37	-765	-137	617	-1229	-650	0	88
21456	-6441	-5624	5980	6409	-1849	-1691	1010	-84	-751	-89	622	-1201	-497	0	88
21480	-6233	-5184	5878	5970	-1471	-1242	480	-114	-742	-56	623	-1113	-391	0	88
21510	-5762	-4323	5666	5141	-1878	-1275	650	-155	-723	-11	625	-1016	-297	-139	88
21552	-5222	-3459	5330	4226	-1767	-965	1090	-199	-699	35	621	-861	-171	-159	88
21576	-5122	-3285	5257	4023	-1413	-908	480	-219	-685	59	617	-807	-135	-158	88
21600	-4695	3297	5004	3132	-1806	-1090	1670	-238	-648	78	610	-694	-63	-187	88
21618	-4478	3304	4802	2920	-1657	-928	380	-249	-587	92	605	-636	-38	-181	88
21642	-3646	4153	4215	-3990	-2192	-951	2260	-264	-493	105	579	-455	34	-230	88
21672	-3177	4241	3777	-4136	-1812	-793	450	-277	-417	125	499	-331	50	-218	88
21690	-2943	4414	3575	-4313	-1827	-920	430	-281	-377	134	448	-269	56	-216	88
21720	3738	4625	-3120	-4497	-1486	-557	-800	-275	-339	154	354	-87	34	-192	88
21744	3917	4636	-3411	-4520	-1400	-522	630	-235	-313	159	318	-30	14	-202	88
