0	7036	3483	-6959	-4228	0	0	-270	-1	0	-1	-1	-18	-8	-26	88
16	3067	3236	3145	2959	2	-6	350	-1	0	-1	-1	0	9	-23	88
77	2958	3959	3400	-3498	16	9	270	-2	-4	-2	-1	55	83	72	88
143	-3006	4645	3659	-4178	-18	-4	-390	-3	5	-5	-2	-18	110	29	88
167	-3057	4752	3730	-4273	42	10	-530	-5	6	-5	-4	-29	75	18	88
187	-3062	4747	3732	-4272	42	10	-530	-4	8	-6	-4	-41	76	20	88
207	-3140	5046	3845	-4573	-26	-32	-540	-6	11	-3	-3	-43	105	17	88
236	-3210	5270	3943	-4785	5	38	-130	-5	13	2	-5	-46	100	51	88
260	-3341	5477	4082	-4995	78	70	-640	-4	17	6	-4	-47	72	22	88
280	-3313	5681	4099	-5185	-51	50	310	-3	17	7	-4	-66	131	43	88
304	-3360	5919	4179	-5417	-71	138	140	-3	18	10	-3	-72	121	73	88
312	-3360	5912	4172	-5417	-71	138	140	-3	20	12	-3	-63	158	59	88
356	-3738	6386	4553	-5903	2	29	-960	-2	26	19	-2	-50	145	43	88
376	-3776	6520	4614	-6028	2	29	-960	-2	27	20	-2	-57	125	58	88
428	-4019	6882	4867	-6397	-44	-19	-140	-1	36	28	-3	-73	187	57	88
473	-4307	6973	5144	-6470	231	263	-840	-1	46	32	-7	-71	286	69	88
518	-4542	7281	5397	-6767	59	310	-280	-3	54	38	-13	-138	219	73	88
571	-5243	7576	6049	-7046	115	128	-550	-9	64	46	-24	-99	251	122	88
628	-5319	7677	6151	-7121	-79	98	-780	-15	78	51	-39	-123	370	111	88
648	-5322	7543	6149	-6975	-41	262	-920	-19	84	52	-44	-94	276	94	88
668	-5518	7369	6318	-6764	264	274	-610	-21	87	56	-49	-91	236	99	88
688	-5547	7313	6344	-6701	235	302	150	-23	93	57	-52	-160	294	101	88
708	-5516	7299	6307	-6693	40	351	-630	-24	96	60	-56	-147	338	148	88
728	-5703	7197	6474	-6560	235	279	-350	-26	97	63	-59	-144	296	140	88
748	-5731	7137	6495	-6497	183	328	-730	-28	100	64	-60	-158	231	157	88
768	-5630	7152	6413	-6507	60	378	230	-31	105	67	-69	-126	194	103	88
788	-5844	7155	6609	-6495	83	126	550	-33	108	70	-70	-130	186	110	88
808	-5948	6920	6587	-6353	191	314	-770	-38	110	71	-71	-121	180	120	88
828	-5927	6848	6541	-6298	37	425	-180	-39	112	76	-72	-143	248	111	88
849	-6190	6727	6730	-6194	164	280	-1340	-39	114	79	-72	-164	231	153	88
885	-6169	6697	6712	-6156	62	312	-350	-45	116	86	-75	-185	255	181	88
905	-6047	6707	6599	-6181	-129	425	-350	-49	116	89	-75	-127	190	118	88
961	-6092	6016	6442	-5596	-5	745	-6930	-59	119	103	-73	-150	217	132	88
982	-6204	6137	6588	-5682	-36	441	-400	-62	119	103	-72	-110	149	91	88
1046	-6403	6083	6745	-5633	-109	234	-110	-72	117	110	-71	-146	187	151	88
1103	-6312	5948	6680	-5459	64	509	600	-81	112	115	-68	-161	187	59	88
1128	-6304	6105	6698	-5608	-97	310	130	-82	109	116	-72	-142	169	160	88
1148	-6350	6028	6728	-5533	-46	339	-420	-86	111	117	-73	-157	186	140	88
1193	-6186	6114	6605	-5610	-253	409	-180	-95	104	123	-70	-119	151	115	88
1233	-6356	5990	6770	-5448	156	369	1250	-98	105	123	-67	-171	226	152	88
1294	-6156	5946	6599	-5406	-73	605	200	-108	112	124	-75	-141	131	110	88
1315	-6143	5955	6594	-5412	-73	605	200	-112	110	125	-73	-144	121	85	88
1335	-6265	5983	6682	-5464	-115	412	-1900	-113	109	126	-72	-113	126	48	88
1363	-6228	6022	6699	-5450	143	418	-450	-117	105	128	-72	-71	104	49	88
1379	-5923	6316	6444	-5786	-570	388	-430	-119	101	130	-71	-87	126	84	88
1423	-5758	6342	6339	-5777	-249	570	480	-122	99	133	-66	-99	120	68	88
1439	-5954	6365	6512	-5796	-26	307	-220	-123	99	136	-65	-125	154	107	88
1479	-5935	6364	6497	-5793	12	321	-190	-128	97	141	-62	-131	191	134	88
1499	-5752	6391	6296	-5878	-353	469	-1040	-132	99	148	-60	-164	231	93	88
1520	-5702	6420	6292	-5872	-245	466	-530	-140	99	149	-62	-124	179	86	88
1552	-5730	6411	6355	-5829	2	415	530	-153	101	151	-60	-101	154	58	88
1572	-5614	6412	6241	-5854	-167	517	-400	-157	104	153	-60	-80	163	69	88
1613	-5608	6343	6231	-5790	-167	593	-510	-163	108	152	-60	-99	166	105	88
1634	-5886	6401	6480	-5834	44	218	-80	-153	109	150	-62	-99	144	87	88
1654	-5935	6160	6476	-5602	113	485	-1390	-149	110	148	-65	-109	152	89	88
1674	-5944	6163	6491	-5595	0	486	-940	-146	108	145	-65	-92	134	52	88
1694	-5896	6271	6450	-5711	-156	401	-10	-140	109	148	-69	-98	136	78	88
1714	-5972	6035	6513	-5438	198	632	110	-137	111	144	-69	-97	129	59	88
1734	-5991	6126	6503	-5568	-142	510	-1120	-130	110	142	-70	-100	129	108	88
1775	-6165	6043	6656	-5457	52	422	-620	-123	110	140	-74	-120	150	100	88
1796	-6044	6096	6553	-5520	-96	511	240	-119	112	140	-72	-134	130	91	88
1816	-6223	6090	6719	-5498	-27	309	690	-115	113	137	-72	-152	206	93	88
1836	-6166	5929	6615	-5366	-110	591	-1050	-111	112	139	-73	-154	196	151	88
1865	-6178	5864	6630	-5288	-156	652	90	-109	114	137	-71	-176	206	157	88
1881	-6411	5696	6785	-5140	-41	564	-1700	-109	115	138	-72	-129	156	99	88
1929	-6090	5619	6444	-5127	-270	559	-10	-109	113	141	-68	-172	166	104	88
1949	-6426	5489	6718	-4988	51	307	-1020	-111	112	142	-67	-181	130	118	88
1970	-6372	5539	6674	-5042	34	319	-930	-110	111	143	-66	-165	163	146	88
1982	-6368	5542	6671	-5046	34	319	-930	-111	110	144	-65	-223	189	225	88
2003	-6090	5591	6424	-5120	-227	590	-290	-114	110	145	-62	-164	161	165	88
2045	3991	-3366	-4288	-2900	-346	609	-560	-113	106	144	-61	-7	-3	36	88
2102	4419	-2994	-4633	-3311	-290	374	390	-93	77	113	-48	92	-96	80	88
2128	4541	-2943	-4721	-3344	72	296	130	-85	65	99	-51	77	-87	69	88
2148	4829	3053	-4955	-3562	-340	321	-70	-79	55	86	-49	75	-39	67	88
2168	4785	3083	-4895	-3574	-40	158	410	-70	52	73	-49	85	30	97	88
2188	5021	3176	-5090	-3672	37	71	250	-62	46	65	-49	69	50	65	88
2212	4996	3197	-5064	-3687	37	71	250	-54	39	58	-45	95	87	38	88
2220	5173	3222	-5210	-3707	26	83	870	-53	38	58	-47	92	97	69	88
2276	5748	3395	-5614	-3822	57	11	1030	-35	25	25	-42	86	91	50	88
2300	6069	3450	-5919	-3924	-2	70	400	-27	21	14	-42	135	108	76	88
2325	6190	3474	-6040	-3979	249	-113	390	-21	19	3	-42	105	82	65	88
2345	6477	3503	-6302	-4037	6	46	460	-15	16	-7	-42	152	95	42	88
2369	6751	3451	-6581	-4028	77	74	1160	-9	14	-14	-42	109	86	29	88
2389	6851	3496	-6683	-4107	0	-68	1000	-3	14	-22	-41	89	96	55	88
2409	6966	3341	-6821	-3966	114	30	1560	8	12	-31	-43	219	137	142	88
2429	7027	3397	-6886	-4046	167	-88	-60	14	10	-38	-44	174	115	89	88
2449	7081	3374	-6951	-4047	264	-216	900	17	11	-42	-42	159	135	106	88
2478	7492	3394	-7256	-4015	122	-41	1230	37	9	-59	-43	127	106	88	88
2498	7551	3345	-7313	-3965	272	-95	670	43	7	-67	-44	147	77	111	88
2518	7813	3446	-7575	-4125	117	-243	320	55	8	-74	-48	347	126	257	88
2538	8041	3269	-7795	-3944	138	9	1150	63	7	-79	-48	221	127	183	88
2567	8435	3147	-8160	-3843	139	-78	1760	72	8	-94	-51	282	145	270	88
2587	8469	3082	-8220	-3790	198	-174	960	89	7	-101	-53	191	141	134	88
2607	8571	3036	-8323	-3764	221	-172	340	99	10	-114	-54	388	171	198	88
2627	8646	-2900	-8441	-3653	477	-356	1110	117	11	-118	-55	325	149	187	88
2647	9013	-2980	-8787	-3601	154	-56	590	120	10	-124	-56	379	-12	263	88
2667	8989	-2979	-8759	-3594	154	-56	590	127	10	-132	-58	411	-251	403	88
2703	9061	-3360	-8839	-3175	551	-378	3160	145	14	-153	-60	526	-212	368	88
2723	9437	-3240	-9213	-3378	6	-205	-380	156	12	-162	-62	359	-204	254	88
2759	9613	-3568	-9443	-3091	333	-265	880	183	19	-182	-63	592	-273	317	88
2775	9683	-3593	-9519	-3086	290	-401	700	189	24	-190	-65	513	-259	352	88
2796	9821	-3812	-9641	2963	276	-275	1650	197	18	-203	-64	640	-278	533	88
2822	9924	-4169	-9774	3337	415	-575	1190	213	4	-219	-57	524	-280	506	88
2862	9878	-4529	-9758	3731	721	-695	1930	237	-10	-245	-45	825	-296	709	88
2894	9520	-4565	-9424	3809	1065	-1354	3380	251	-19	-259	-37	732	-271	629	88
2951	10310	-5023	-10320	4090	527	-863	1360	307	-24	-298	-29	770	-339	615	88
2972	10397	-5094	-10426	4125	495	-731	-60	337	-27	-332	-25	788	-314	616	88
2992	10413	-5140	-10435	4159	578	-679	-290	369	-25	-380	-25	838	-330	758	88
3004	10459	-5043	-10507	4003	663	-819	-830	381	-25	-392	-23	774	-367	690	88
3028	10817	-4747	-10862	3584	524	-794	-1430	409	-26	-427	-24	1088	-412	1024	88
3041	10804	-4440	-10863	3190	752	-1048	-2190	426	-23	-451	-21	1058	-402	928	88
3070	11195	-4316	-11269	-2966	861	-660	-1900	470	-20	-434	-12	1623	-555	4106	88
3086	11271	-4265	-11271	-3169	446	-581	-150	489	-23	-373	-11	1774	-625	4642	88
3126	11271	-3779	-11271	-3799	715	-758	-1300	548	-28	-428	-2	1574	-527	2567	88
3162	11271	3006	-11271	-5072	613	-641	-2570	606	-8	-523	-23	1576	-308	1529	88
3199	11271	3670	-11271	-5688	1254	-803	-1280	657	20	-588	-55	1380	384	1338	88
3219	11270	4538	-11270	-6730	1077	-972	-4500	688	40	-626	-73	1210	417	1301	88
3247	11270	5208	-11270	-7539	1249	-624	-1440	713	66	-657	-100	1257	503	1449	88
3283	11269	6004	-11269	-8438	1387	-859	-2430	748	91	-692	-130	1229	493	1369	88
3301	11269	6443	-11269	-8917	1445	-749	-670	756	113	-711	-156	1411	554	1368	88
3314	11269	6372	-11269	-8814	1445	-749	-670	769	132	-723	-187	1301	544	1532	88
3334	11268	6366	-11268	-8775	1988	-1047	-580	786	144	-736	-210	1221	506	1239	88
3370	11268	7034	-11268	-9475	1607	-794	-1350	812	173	-761	-268	1084	515	1196	88
3411	11175	7182	-11267	-9606	1863	-916	-330	840	194	-800	-311	830	443	969	88
3427	11119	7164	-11286	-9557	1863	-916	-330	859	200	-806	-334	489	262	1796	88
3456	11254	6900	-11264	-9491	1724	-860	360	870	205	-693	-355	491	271	5398	88
3472	11059	6551	-11263	-9188	2134	-1130	1530	886	211	-658	-365	589	312	4079	88
3492	11029	6550	-11262	-9157	2134	-1130	1530	896	210	-669	-375	581	358	2424	88
3532	11258	5801	-11258	-8403	1694	-914	830	915	210	-723	-390	682	348	1190	88
3558	11213	5931	-11257	-8495	1803	-1152	-90	914	202	-754	-393	738	325	1033	88
3578	11122	5596	-11256	-8088	2168	-1124	1370	920	191	-778	-400	670	339	944	88
3643	11258	4144	-11258	-6509	2191	-1380	1480	880	155	-835	-395	3856	1074	1112	88
3699	11263	3124	-11263	-5362	1504	-1329	2150	772	111	-890	-355	2254	787	606	88
3741	11055	-4548	-11262	-3392	1699	-1993	3260	801	67	-907	-322	1196	-127	742	88
3774	11001	-5056	-11259	2925	1345	-1658	3090	849	0	-923	-268	571	-179	644	88
3794	11127	-5818	-11258	3722	920	-1127	2290	848	-16	-925	-253	590	-176	732	88
3834	9552	-7269	-10792	5469	1305	-1854	3750	843	-112	-918	-169	220	-139	468	88
3875	8617	-8574	-10008	6981	882	-2046	3560	803	-185	-900	-91	292	-335	353	88
3895	7606	-8663	-9037	7216	1255	-2748	3210	783	-222	-888	-51	194	-263	273	88
3935	7120	-7890	-8389	6579	1255	-2748	3210	731	-297	-855	28	170	-277	146	88
3979	6678	-7132	-7780	5974	1255	-2748	3210	669	-370	-807	96	105	-163	60	88
4020	6442	-6590	-7439	5503	1255	-2748	3210	610	-428	-758	161	93	-124	53	88
4036	6287	-6367	-7240	5314	1255	-2748	3210	589	-443	-743	181	94	-116	68	88
4052	3320	-9094	-4587	8679	376	-2251	2370	567	-463	-726	202	95	-151	57	88
4125	-4046	-9339	-2925	9315	-218	-1979	1620	431	-545	-642	303	-119	-261	103	88
4166	-4371	-8920	3316	9008	-416	-2084	2490	313	-599	-546	370	-105	-221	105	88
4182	-4818	-8578	3838	8789	-517	-2206	3000	283	-612	-507	386	-89	-200	63	88
4202	-5182	-8515	4271	8885	-552	-1581	2960	233	-633	-442	412	-129	-207	41	88
4214	-5557	-7843	4731	8266	-803	-2218	2040	207	-645	-414	427	-111	-177	75	88
4234	-5433	-7812	4584	8193	-803	-2218	2040	173	-656	-369	446	-100	-159	66	88
4254	-6017	-7450	5388	8139	-958	-1787	3460	141	-665	-327	465	-100	-159	85	88
4302	-6120	-6784	5597	7504	-1080	-1331	2140	55	-679	-227	506	-113	-138	96	88
4342	-6351	-5724	5994	6474	-1481	-1608	1850	6	-678	-181	529	-118	-108	113	88
4391	-6384	-5131	6120	5880	-1417	-1443	1320	-62	-673	-108	553	-63	-78	22	88
4411	-6073	-4469	5940	5199	-1588	-1182	1910	-87	-669	-79	559	-75	-84	34	88
4455	-5909	-3907	5827	4558	-2278	-1491	500	-130	-655	-31	567	-72	-58	71	88
4467	-5903	-3906	5819	4556	-2278	-1491	500	-131	-656	-28	567	-89	-49	49	88
4491	-5769	-3527	5756	4168	-1655	-1239	-890	-154	-648	-1	568	-139	-59	40	88
4511	-6526	-3865	6479	4655	-1579	-1052	2120	-166	-640	13	568	-131	-77	105	88
4560	-5996	-2914	6096	3596	-1554	-989	1030	-198	-612	50	567	-144	-79	178	88
4580	-5748	3130	5888	3297	-1591	-881	340	-205	-597	57	565	-132	22	150	88
4664	-4050	4234	4401	-3905	-1160	-679	-2240	-243	-441	100	446	-81	177	81	88
4704	-3854	4051	4087	-3869	-1051	-636	-1910	-243	-382	97	378	-74	176	39	88
4744	-4551	3509	4511	-3441	-612	-616	-2000	-233	-328	86	325	-63	185	28	88
4789	-6394	3635	6132	-3564	-1972	-1829	-9130	-226	-269	73	286	-97	109	90	88
4805	-6148	3665	5858	-3668	-1972	-1829	-9130	-210	-251	72	272	-122	108	121	88
4838	-7342	-3655	6783	3809	-263	-455	-1190	-186	-209	61	241	-145	-37	49	88
4858	-7372	-3708	6749	3813	-285	-425	-1600	-175	-201	61	231	-217	-83	100	88
4879	-7459	-3618	6790	3696	-335	-545	-1060	-161	-196	67	217	-225	-113	133	88
4900	-7399	-3833	6669	3884	-239	-139	-1300	-146	-184	65	199	-195	-131	153	88
4932	-7555	-3852	6805	3918	-50	-253	-30	-135	-171	63	183	-182	-95	152	88
4957	-7501	-3412	6848	3516	-395	-391	1200	-133	-165	65	170	-131	-87	61	88
4998	-7423	-3234	6832	3380	-329	-139	490	-130	-150	71	149	-226	-125	128	88
5023	-7253	-3175	6728	3356	-464	91	1270	-133	-143	73	140	-261	-105	124	88
5051	-7295	-2966	6831	3192	-297	1	1240	-139	-132	80	127	-233	-111	47	88
5157	-7062	3569	6844	-3241	-343	-87	-660	-162	-91	92	87	-207	109	91	88
5169	-7058	3544	6835	-3217	-343	-87	-660	-163	-84	95	80	-202	99	102	88
5193	-7006	3669	6842	-3301	-228	-30	630	-162	-75	97	71	-131	105	65	88
5217	-6802	3795	6725	-3386	-266	188	1920	-165	-64	99	59	-178	98	121	88
5237	-6933	3620	6782	-3250	-114	133	-1290	-168	-55	99	52	-133	91	120	88
5257	-6638	3783	6570	-3393	-464	389	1670	-162	-47	100	47	-124	92	117	88
5273	-6762	3914	6680	-3537	-283	191	-590	-154	-42	99	42	-139	100	105	88
5285	-6772	3903	6681	-3526	-283	191	-590	-150	-40	100	38	-155	82	144	88
5297	-6737	3846	6664	-3441	-184	333	550	-146	-37	98	34	-185	98	187	88
5370	-6672	3895	6574	-3534	-342	388	-610	-130	-17	101	24	-187	133	99	88
5406	-6727	3948	6624	-3586	-255	291	-1780	-124	-8	104	15	-125	103	108	88
5455	-6806	4143	6782	-3704	-48	24	950	-123	-1	104	4	-97	70	47	88
5464	-6806	4143	6782	-3704	-48	24	950	-123	-1	104	4	-129	92	65	88
5476	-6527	4112	6530	-3682	-304	429	290	-122	1	104	1	-133	103	87	88
5488	-6779	4127	6744	-3700	-66	77	-620	-122	3	105	-1	-146	84	116	88
5500	-6381	4240	6447	-3787	-371	504	1660	-125	3	106	-1	-123	87	108	88
5512	-6386	4234	6453	-3779	-371	504	1660	-124	5	104	-3	-103	74	75	88
5524	-6498	4363	6584	-3891	-184	253	540	-126	5	104	-3	-150	83	137	88
5552	3752	4547	-3640	-4862	-310	418	-690	-124	10	105	-7	-96	86	65	88
5576	3859	4665	-3707	-4971	-281	499	200	-121	9	103	-8	60	95	38	88
5596	3706	4871	-3542	-5172	-164	237	20	-109	14	95	-11	60	92	43	88
5616	3886	5046	-3643	-5306	-326	336	1440	-100	14	90	-18	34	76	22	88
5645	3737	5319	-3465	-5575	-62	171	220	-91	18	79	-20	61	117	55	88
5665	3804	5655	-3462	-5897	-91	119	-640	-81	20	70	-24	43	101	22	88
5685	3683	5800	-3324	-6028	41	13	-300	-68	22	57	-28	71	143	20	88
5705	3757	5861	-3363	-6067	134	153	850	-57	26	51	-33	80	151	7	88
5749	3869	6483	-3344	-6662	109	86	430	-35	33	30	-45	52	153	18	88
5775	3911	6799	-3316	-6957	138	1	700	-21	37	18	-53	51	126	16	88
5801	3911	6840	-3312	-7005	234	149	-320	-11	43	8	-57	59	157	42	88
5821	3934	7044	-3299	-7206	145	72	70	-5	45	3	-60	70	255	25	88
5845	4059	7153	-3364	-7293	155	128	1170	5	53	-9	-67	62	220	40	88
5893	4079	7689	-3303	-7828	265	121	-620	20	62	-21	-80	90	263	51	88
5946	4090	8181	-3223	-8302	546	43	-50	36	81	-31	-99	121	278	29	88
5966	4082	8165	-3218	-8287	546	43	-50	38	86	-33	-103	86	269	28	88
5986	4423	8536	-3468	-8680	175	71	-270	43	96	-36	-110	77	469	20	88
6006	4575	8677	-3556	-8795	397	246	420	48	103	-38	-119	130	400	59	88
6050	4415	9009	-3364	-9126	404	-23	-20	57	126	-48	-143	102	491	28	88
6074	4519	9120	-3425	-9217	526	287	-710	62	134	-51	-157	122	531	69	88
6098	4710	9457	-3444	-9448	454	-103	2240	68	144	-57	-168	163	519	69	88
6118	5027	9520	-3728	-9534	532	308	930	72	153	-58	-180	178	557	68	88
6167	5279	9978	-3895	-10011	527	364	-170	84	182	-63	-215	197	679	95	88
6250	5819	10381	-4360	-10490	634	288	620	111	253	-78	-292	214	963	126	88
6271	5989	10344	-4521	-10461	714	469	770	122	270	-85	-314	224	1110	122	88
6287	5918	10517	-4433	-10626	627	421	-830	130	282	-88	-329	272	1023	157	88
6347	6660	10691	-4945	-10674	973	615	710	165	332	-107	-394	259	1068	106	88
6363	6661	10697	-4942	-10671	1212	655	160	173	345	-109	-408	300	1097	136	88
6391	7165	10838	-5342	-10809	1129	667	1230	183	373	-118	-437	294	1242	195	88
6419	7571	10967	-5675	-10956	1041	611	1900	199	413	-129	-471	295	1323	153	88
6484	8181	10717	-6204	-10676	1814	984	230	232	491	-150	-553	495	1305	241	88
6508	8627	11124	-6539	-11107	1275	655	1600	245	517	-160	-578	461	1139	158	88
6548	8794	11270	-6688	-11289	1173	663	-50	275	560	-174	-614	524	1624	220	88
6580	9215	11275	-7023	-11275	1493	733	230	304	578	-182	-652	663	3075	484	88
6620	9398	11281	-7074	-11281	1692	749	1020	323	570	-199	-696	837	2718	359	88
6684	9880	11282	-7499	-11282	722	279	180	366	656	-231	-738	744	1602	284	88
6704	10260	10940	-7921	-10852	1559	489	490	394	690	-245	-766	610	876	188	88
6720	10232	10914	-7895	-10811	1559	489	490	403	696	-251	-779	658	870	215	88
6797	10067	10644	-7756	-10475	1957	556	-1060	476	718	-285	-792	644	776	274	88
6838	9955	10562	-7621	-10318	2185	719	-1090	499	724	-291	-795	666	719	192	88
6882	9299	11227	-6951	-10977	1607	567	-3010	520	736	-292	-782	624	703	197	88
6902	8683	10827	-6416	-10490	2826	1065	-2940	524	745	-284	-782	480	988	207	88
6942	8632	11227	-6307	-10889	2081	880	-2310	521	764	-271	-786	344	898	161	88
6983	7726	10746	-5471	-10257	2914	1394	-1900	512	788	-252	-789	341	1054	157	88
7011	7459	11235	-5150	-10726	2044	1209	170	506	808	-235	-794	278	831	154	88
7039	6610	11274	-4272	-11159	1526	866	-1940	486	817	-210	-806	329	890	89	88
7079	6042	11121	-3723	-10346	2124	1540	-2300	441	844	-175	-814	233	638	64	88
7115	5107	11161	3050	-10194	2134	1770	-390	398	856	-139	-817	223	663	44	88
7163	4668	11271	3541	-10604	1330	1265	-1650	342	873	-91	-813	189	744	30	88
7200	3853	10977	4247	-9850	1696	1681	-1200	294	883	-41	-810	143	566	72	88
7216	3514	10911	4561	-9747	1583	1804	-2480	275	887	-23	-806	112	520	39	88
7241	-3125	10674	5340	-9399	1620	2007	-2660	237	887	14	-794	0	472	58	88
7261	-3915	10493	6097	-9080	1484	2106	-1620	233	885	21	-792	-64	425	72	88
7317	-5374	9806	7358	-8256	1203	1881	-1640	123	871	131	-747	-143	322	142	88
7337	-5876	9395	7746	-7820	1031	2191	-4190	99	867	154	-736	-157	281	159	88
7402	-6691	9216	8419	-7650	738	1716	-3810	-19	825	266	-655	-114	256	136	88
7423	-6546	9282	8291	-7734	738	1716	-3810	-61	806	303	-631	-104	262	151	88
7448	-6430	9333	8168	-7826	738	1716	-3810	-95	792	338	-604	-130	280	139	88
7468	-6321	9382	8066	-7889	738	1716	-3810	-126	777	368	-587	-125	292	125	88
7484	-6227	9414	7980	-7934	738	1716	-3810	-153	768	393	-574	-146	303	124	88
7532	-8682	6290	9693	-4689	52	2204	-2880	-211	724	451	-521	-154	245	199	88
7568	-9158	5319	9904	-3774	-74	1520	-1280	-256	693	493	-479	-259	188	232	88
7588	-7872	3404	8433	3826	-9	4813	-6300	-294	669	526	-443	-377	181	351	88
7600	-7824	3449	8388	3767	-9	4813	-6300	-308	656	539	-426	-302	144	295	88
7612	-8557	4056	9073	3115	-274	2473	-1690	-324	645	552	-403	-207	124	210	88
7632	-8726	3563	9068	3500	-143	2136	-2520	-350	624	572	-359	-185	107	155	88
7656	-8254	-3541	8338	4618	-550	3294	-3910	-377	601	596	-301	-170	87	134	88
7712	-8083	-4522	7813	5385	-572	1721	-2220	-439	463	641	-206	-183	-181	119	88
7745	-7138	-5309	6714	5997	-1012	2271	-2020	-470	372	662	-141	-144	-151	96	88
7761	-7104	-5498	6531	6044	-1029	1596	-3670	-483	338	668	-113	-121	-149	66	88
7781	-6460	-5762	5878	6242	-1221	2068	-1450	-499	290	677	-73	-132	-165	45	88
7793	-6363	-5891	5704	6290	-995	1582	-1890	-509	263	680	-52	-124	-171	49	88
7813	-5695	-5995	5020	6275	-1463	1838	-2460	-524	221	681	-16	-84	-163	15	88
7833	-5212	-6168	4385	6214	-1216	1378	-420	-536	185	682	16	-72	-169	16	88
7877	-4269	-6260	3445	6157	-1295	1358	-610	-553	125	678	68	-77	-167	16	88
7889	-3835	-6312	3000	6128	-1321	1385	-670	-553	125	678	68	-75	-164	6	88
7901	-3160	-6228	-3435	5940	-1620	1531	-1930	-564	86	669	108	-56	-159	11	88
7914	-2937	-6207	-3667	5861	-1227	1220	-900	-566	77	666	117	-61	-163	39	88
7934	3386	-5923	-4052	5547	-1532	1254	-50	-572	54	625	142	-3	-152	110	88
7954	4309	-5600	-4886	5084	-1576	1197	-850	-553	25	579	165	42	-157	154	88
7966	4238	-5559	-4790	5060	-1576	1197	-850	-535	16	548	175	72	-150	103	88
7980	4307	-5331	-4858	4781	-1142	886	-700	13	5	515	185	115	-150	70	88
7998	5273	-5013	-5720	4363	-2178	1620	1170	-477	-5	496	192	191	-175	132	88
8014	5185	-4324	-5447	3776	-1362	1070	1150	-436	-15	450	201	179	-147	134	88
8054	5869	-6073	-6295	5478	-1661	1425	2060	-351	-21	348	215	255	-192	116	88
8070	5732	-6058	-6205	5437	-1661	1425	2060	-310	-27	323	226	258	-197	116	88
8106	5912	-6779	-6457	6153	-968	1030	1760	-274	-31	281	233	188	-230	168	88
8136	6015	-6529	-6426	5979	-703	831	1830	-238	-29	244	242	207	-242	242	88
8174	5851	-6354	-6122	5955	-407	511	1770	-212	-29	216	248	266	-255	208	88
8231	5375	-6363	-5421	6278	-234	352	2430	-165	-25	148	246	154	-194	62	88
8252	5176	-6380	-5208	6364	-81	226	1080	-146	-25	130	231	161	-198	55	88
8272	5157	-6416	-5129	6482	-148	347	1580	-131	-24	111	221	183	-223	138	88
8333	4867	-6324	-4748	6579	-102	62	-260	-90	-32	71	176	191	-211	66	88
8359	4781	-6224	-4632	6540	-216	-134	280	-74	-33	61	153	149	-170	70	88
8380	4800	-6355	-4644	6717	-59	74	-120	-62	-35	49	135	87	-165	67	88
8400	4606	-6199	-4440	6592	-43	-336	70	-58	-38	46	127	123	-193	47	88
8420	4684	-6319	-4507	6739	-25	-57	170	-53	-40	40	120	108	-187	73	88
8440	4687	-6295	-4508	6721	-76	-78	-900	-44	-40	33	111	92	-182	44	88
8456	4783	-6187	-4595	6592	-247	-147	-530	-40	-41	28	106	98	-183	86	88
8472	4689	-6352	-4528	6779	74	-8	-160	-33	-41	25	102	95	-181	49	88
8492	4716	-6241	-4549	6660	-51	-141	360	-27	-43	22	98	90	-164	71	88
8516	4683	-6251	-4535	6665	-51	-141	360	-16	-42	20	95	137	-176	30	88
8536	4804	-6306	-4697	6661	-28	32	-760	-9	-40	17	95	129	-183	90	88
8561	4733	-6234	-4640	6580	-27	-136	-200	-3	-42	14	92	81	-161	57	88
8581	4890	-6176	-4828	6450	-161	-76	-1420	2	-43	12	93	124	-164	15	88
8601	4950	-6111	-4915	6339	-136	-138	-1180	6	-45	12	91	76	-166	18	88
8629	4851	-5962	-4845	6149	-37	-470	-1090	9	-47	10	93	121	-145	56	88
8683	5217	-5953	-5276	6009	-163	-124	-1000	22	-47	8	91	118	-153	69	88
8707	5183	-5959	-5260	6000	-24	-153	-780	25	-48	5	92	94	-150	68	88
8727	5228	-5867	-5366	5816	41	-250	-1590	30	-48	4	93	84	-151	75	88
8747	5220	-5866	-5357	5817	41	-250	-1590	32	-48	1	93	124	-160	114	88
8763	5280	-5765	-5396	5710	-132	-308	-90	35	-49	-4	93	135	-165	116	88
8779	5403	-5805	-5542	5709	-84	-124	-850	36	-50	-5	93	160	-167	107	88
8799	5559	-5710	-5721	5539	-66	-88	-1350	36	-51	-9	92	116	-153	82	88
8819	5582	-5513	-5743	5305	-170	-313	-1060	40	-52	-15	90	142	-143	89	88
8864	5707	-5500	-5881	5254	-44	-150	-1540	43	-58	-24	88	106	-138	81	88
8921	5760	-5332	-5933	5053	-58	-237	20	57	-63	-39	85	127	-134	62	88
8941	5787	-5207	-5949	4913	-108	-351	-570	58	-65	-45	83	94	-120	59	88
8954	5735	-5241	-5923	4928	82	-339	-790	61	-65	-50	84	141	-137	112	88
8978	5753	-5224	-5943	4901	82	-339	-130	63	-64	-50	84	111	-120	75	88
8990	5859	-5244	-6040	4918	-48	-179	-130	64	-65	-52	84	130	-125	83	88
9015	6027	-4954	-6221	4531	-174	-309	-1730	67	-63	-55	82	134	-147	142	88
9047	6108	-4823	-6304	4365	-123	-313	-1320	70	-68	-59	80	126	-121	104	88
9067	6179	-4784	-6352	4334	-150	-261	240	71	-67	-61	78	181	-132	109	88
9079	6103	-4823	-6279	4392	32	-281	10	74	-68	-66	75	133	-121	144	88
9124	6277	-4700	-6424	4250	-40	-159	820	76	-70	-72	73	139	-122	100	88
9140	6165	-4547	-6313	4086	29	-450	-290	76	-71	-75	73	108	-113	54	88
9180	6398	-4326	-6523	3806	-154	-313	-780	85	-69	-87	71	90	-107	42	88
9220	6411	-4297	-6531	3778	-42	-280	-30	87	-70	-88	71	101	-113	51	88
9244	6550	-4074	-6667	3502	-213	-295	-750	91	-70	-85	71	146	-122	125	88
9264	6355	-3861	-6489	3266	44	-707	-1370	92	-70	-86	70	149	-125	68	88
9284	6665	-3834	-6787	3197	-125	-257	-610	94	-69	-83	71	125	-106	75	88
9304	6584	-3766	-6680	3156	29	-406	640	92	-67	-85	70	164	-113	78	88
9324	6744	-3582	-6849	2904	-57	-239	-380	100	-65	-88	69	117	-107	90	88
9344	6739	-3456	-6847	-3042	16	-285	-650	102	-65	-87	68	149	-98	95	88
9364	6975	3875	-6928	-4702	-117	-253	-1280	103	-64	-90	62	127	-43	118	88
9380	6941	3895	-6897	-4722	129	-484	150	106	-60	-93	56	211	63	162	88
9433	7350	3954	-7275	-4834	248	-512	1210	106	-49	-99	42	196	123	222	88
9502	8080	3995	-8002	-5007	294	-411	840	122	-34	-111	26	266	149	239	88
9550	8467	3939	-8390	-5004	390	-360	530	139	-23	-126	4	313	175	340	88
9715	9840	3593	-9756	-4762	284	-169	1130	285	-4	-229	-63	398	208	461	88
9759	10049	3213	-10019	-4371	399	-280	1650	337	-11	-255	-77	575	239	598	88
9779	9977	3054	-9964	-4184	505	-550	1740	356	-12	-270	-83	536	241	551	88
9795	10254	-3056	-10260	-3877	343	-179	1610	374	-15	-279	-84	595	73	722	88
9835	10249	-3701	-10295	-3141	574	-524	2120	411	-26	-309	-93	573	-210	551	88
9847	10355	-4038	-10401	3036	453	-461	2510	420	-29	-320	-94	666	-234	710	88
9867	10431	-4182	-10475	3189	312	-542	1370	426	-35	-333	-90	646	-277	698	88
9895	10337	-4724	-10401	3802	727	-421	2760	432	-42	-350	-78	829	-338	794	88
9987	10046	-6411	-10184	5679	873	-1133	1240	460	-62	-431	-48	956	-381	827	88
10027	10281	-6696	-10423	5940	558	-898	80	486	-69	-476	-38	848	-386	696	88
10092	10620	-7226	-10875	6335	602	-992	410	496	-84	-498	1	939	-481	1121	88
10160	10803	-7709	-11166	6690	668	-991	870	516	-104	-535	56	917	-490	1085	88
10180	10640	-7931	-11048	6915	949	-1139	910	521	-109	-544	69	951	-505	1215	88
10220	10749	-8456	-11204	7438	670	-1038	650	540	-133	-580	93	945	-572	1166	88
10278	9801	-9382	-10334	8589	924	-1502	730	557	-175	-620	127	687	-658	649	88
10327	8893	-9996	-9433	9467	900	-1733	2000	552	-223	-631	162	424	-785	484	88
10351	8541	-10270	-9093	9858	787	-1664	1090	549	-262	-629	186	356	-764	354	88
10372	8258	-10387	-8824	10037	771	-1734	1490	546	-290	-625	213	365	-851	317	88
10404	8140	-10426	-8708	10124	634	-1636	310	538	-342	-620	250	294	-877	235	88
10448	7292	-10394	-7866	10249	666	-1926	1470	527	-394	-604	298	261	-831	169	88
10500	7153	-10489	-7800	10322	518	-1733	420	511	-453	-583	353	214	-823	104	88
10525	6968	-10368	-7648	10181	564	-2010	200	502	-481	-572	384	214	-767	125	88
10541	7115	-10610	-7799	10444	257	-1456	710	500	-488	-567	387	251	-779	199	88
10606	7197	-10224	-8022	9845	369	-1897	-710	483	-528	-533	420	231	-735	156	88
10658	7662	-10062	-8601	9447	213	-1556	-1300	473	-559	-515	458	245	-609	205	88
10678	7708	-9815	-8723	9074	430	-1826	-760	474	-576	-511	468	283	-512	186	88
10714	7862	-9634	-8958	8751	435	-1909	-1110	472	-585	-505	471	274	-485	188	88
10759	8078	-9512	-9290	8447	624	-1884	-1420	478	-578	-511	447	232	-469	193	88
10787	8214	-9515	-9431	8416	408	-1796	-590	484	-556	-524	418	266	-486	249	88
10831	8548	-9370	-10015	7867	546	-1733	-560	496	-510	-542	379	278	-502	295	88
10859	9138	-8862	-10479	7293	66	-1700	-1510	503	-490	-564	357	293	-525	448	88
10895	8657	-8896	-10203	7167	446	-2294	560	509	-466	-572	336	312	-450	583	88
10931	8921	-8616	-10490	6744	159	-2341	-820	506	-458	-589	323	276	-381	719	88
10971	8682	-9182	-10424	7232	470	-1955	1350	502	-449	-601	312	282	-360	621	88
11016	8210	-9448	-9996	7572	579	-2213	880	492	-456	-615	299	293	-498	471	88
11032	8227	-9437	-9997	7572	579	-2213	880	487	-459	-615	299	286	-495	440	88
11048	8250	-9415	-9994	7574	579	-2213	880	480	-466	-616	298	255	-446	312	88
11084	8299	-9354	-9980	7573	579	-2213	880	467	-484	-619	298	337	-439	368	88
11114	8380	-9283	-10012	7543	579	-2213	880	445	-506	-608	305	367	-473	548	88
11150	8469	-9199	-10058	7482	579	-2213	880	420	-531	-594	322	300	-426	625	88
11194	4167	-11257	-6150	11003	-256	-2234	2110	378	-576	-578	370	314	-1447	276	88
11211	3645	-11258	-5592	11258	-277	-1732	3920	352	-605	-563	399	327	-1431	265	88
11223	-2925	-11258	-4801	11258	-512	-2326	3220	336	-623	-556	423	85	-1389	246	88
11243	-3036	-11259	-4692	11259	-406	-1664	1560	311	-653	-545	464	58	-1186	160	88
11287	-4573	-11259	-3119	11259	-822	-1994	2390	233	-725	-479	586	-173	-1054	85	88
11304	-4874	-11260	2965	11260	-791	-1844	1360	218	-735	-467	602	-213	-1079	90	88
11316	-4812	-11260	2950	11260	-1336	-2088	500	191	-754	-434	632	-102	-1004	751	88
11354	-5967	-11260	4066	11260	-862	-1999	1300	128	-802	-347	685	-254	-900	185	88
11383	-6231	-11181	4461	11150	-1401	-1705	1600	94	-820	-291	718	-253	-887	121	88
11416	-6642	-7951	5046	7675	-4512	-5717	-1490	49	-851	-211	755	-283	-484	113	88
11456	-5959	-9629	4187	9332	-1771	-2312	110	16	-841	-158	761	-208	-321	47	88
11501	-5216	-9081	3375	8489	-1555	-1950	-2430	-9	-829	-112	761	-108	-253	21	88
11517	-5360	-9023	3562	8497	-1207	-1630	860	-17	-820	-99	758	-162	-278	62	88
11557	-4824	-7990	3073	7234	-1657	-1905	440	-39	-802	-70	756	-72	-190	0	88
11583	-4707	-7750	2943	6924	-1120	-1581	-980	-45	-790	-52	750	-70	-137	25	88
11596	-4705	-7049	2970	6134	-1571	-2327	-1600	-47	-787	-49	747	-81	-132	42	88
11620	-4675	-6594	3022	5690	-1506	-2096	-90	-51	-776	-39	741	84	-37	7	88
11645	-4130	-6571	-3321	5558	-1621	-1474	-1710	-53	-763	-40	733	-27	-76	238	88
11659	-4077	-5855	-3335	4746	-1629	-1878	-1010	-53	-755	-41	728	-68	-85	127	88
11679	-4088	-5885	-3315	4788	-1629	-1878	-1010	-51	-745	-48	717	-72	-83	67	88
11711	-4135	-5654	-3245	4532	-942	-1662	-1390	-50	-727	-60	701	-46	-64	11	88
11751	-3972	-4520	-3267	3322	-1424	-2033	-830	-47	-711	-70	687	-68	-64	1	88
11795	-3764	-3911	-3290	-3028	-1338	-1519	-570	-51	-692	-85	659	14	-15	13	88
11835	-3793	-3122	-2939	-3527	-1304	-1435	600	-59	-674	-97	569	-39	-40	11	88
11875	-3395	5829	3151	-6430	-1338	-1847	1080	-77	-654	-91	468	-46	99	9	88
11915	-3034	5654	3028	-6031	-1269	-1168	4520	-105	-574	-74	389	-60	234	42	88
11941	3022	6039	3009	-6261	-1689	-1187	4890	-115	-533	-69	348	-45	219	8	88
11961	3103	5823	2953	-5978	-1426	-1010	3240	-127	-461	-38	275	71	280	29	88
11982	3333	5939	-2923	-5976	-1200	-726	2100	-124	-430	-26	256	81	295	49	88
12018	3422	6173	-2957	-6163	-1278	-907	2240	-98	-370	-3	198	74	285	30	88
12051	3733	6197	-3167	-6099	-843	-385	960	-71	-331	6	161	68	256	14	88
12063	3683	6126	-3179	-6076	-843	-385	960	-56	-311	10	154	62	253	10	88
12087	3797	6306	-3234	-6236	-662	-386	960	-36	-283	10	138	62	230	26	88
12103	3851	6404	-3264	-6330	-594	-439	1990	-23	-265	12	128	86	236	16	88
12124	3981	6275	-3438	-6252	-561	-76	660	1	-230	9	107	96	235	37	88
12168	4197	6483	-3559	-6417	-255	-69	1770	27	-183	11	75	78	220	24	88
12208	4535	6631	-3899	-6666	-96	-45	2550	42	-136	9	46	102	187	5	88
12230	4776	6732	-3998	-6680	-141	0	1520	42	-113	3	32	107	191	11	88
12250	4962	6858	-4114	-6800	93	22	720	40	-93	-2	21	79	187	23	88
12274	5059	6941	-4192	-6912	41	38	20	39	-71	-6	9	89	176	44	88
12330	5433	7453	-4443	-7472	176	18	310	43	-21	-17	-22	113	231	89	88
12350	5417	7400	-4442	-7433	176	18	310	46	-4	-19	-32	118	232	88	88
12363	5475	7439	-4485	-7482	300	107	-240	46	6	-22	-38	109	230	71	88
12375	5557	7547	-4538	-7592	301	124	20	48	14	-25	-46	115	236	95	88
12387	5552	7522	-4541	-7575	301	124	20	49	22	-25	-50	87	221	62	88
12435	5840	7938	-4753	-8031	392	147	480	63	52	-31	-73	107	257	70	88
12455	5936	8169	-4822	-8293	104	87	-520	66	62	-35	-82	128	301	77	88
12475	5912	8183	-4794	-8301	360	128	-180	70	73	-37	-93	176	327	85	88
12495	6176	8324	-4993	-8443	436	274	-110	71	85	-41	-104	172	354	52	88
12543	6492	8783	-5202	-8918	482	293	440	80	109	-49	-129	138	377	39	88
12564	6369	8937	-5088	-9087	518	237	-1410	87	119	-54	-141	182	418	48	88
12588	6550	9134	-5213	-9285	250	199	240	91	130	-59	-154	202	479	25	88
12604	6572	9153	-5211	-9284	585	90	1020	95	139	-62	-163	268	524	26	88
12632	6726	9380	-5308	-9513	505	150	180	102	158	-70	-188	209	499	78	88
12746	7439	10147	-5811	-10293	598	234	790	130	233	-89	-271	265	795	122	88
12795	7589	10358	-5905	-10496	818	243	420	152	267	-103	-313	279	1044	109	88
12843	8034	10454	-6271	-10586	879	467	250	169	309	-113	-365	292	1017	147	88
12880	8059	10587	-6267	-10711	1083	508	-730	180	335	-120	-393	338	1091	317	88
12900	8456	10633	-6604	-10757	838	462	1670	194	358	-127	-423	449	1187	174	88
12929	8446	10878	-6563	-10996	1184	498	-50	212	384	-134	-455	443	1145	166	88
13051	9167	11169	-7220	-11270	1254	596	790	300	521	-172	-564	594	1767	398	88
13083	9336	11147	-7373	-11271	1487	624	600	320	567	-177	-612	618	1595	292	88
13099	9781	11190	-7768	-11271	1508	760	20	333	578	-174	-637	683	1466	332	88
13128	9805	11272	-7760	-11272	1107	738	280	360	608	-178	-670	822	1604	424	88
13148	9292	11272	-7300	-11272	2046	908	-1960	376	626	-179	-702	705	1706	386	88
13180	9255	11273	-7180	-11273	1882	981	-210	396	659	-183	-736	566	1597	287	88
13221	8873	11273	-6840	-11273	2101	1070	-260	416	706	-185	-784	520	1418	254	88
13241	8729	11273	-6667	-11273	1549	1074	-810	417	726	-181	-797	460	1298	215	88
13258	8732	11272	-6673	-11272	1549	1074	-810	415	746	-180	-815	547	1193	147	88
13310	7891	10116	-5989	-9903	4307	3084	-4490	399	796	-170	-872	386	1019	191	88
13330	7773	11270	-5705	-11270	1892	1030	-1200	385	813	-160	-886	365	848	112	88
13363	7016	11269	-4920	-11269	1880	1169	-880	366	843	-144	-916	256	842	93	88
13383	6969	11269	-4841	-11269	1449	1109	-950	351	861	-128	-938	320	774	55	88
13419	5793	11269	-3690	-11202	1924	1677	-1700	327	872	-106	-965	263	1471	162	88
13472	4240	10903	3511	-10140	2474	2528	-4130	279	897	-75	-985	175	919	100	88
13492	3912	11268	3874	-10920	1407	1436	-1540	255	898	-42	-974	185	730	83	88
13521	3768	11267	3945	-10646	1557	1985	-2160	224	901	-3	-949	185	941	80	88
13537	-3534	11267	5312	-10703	1149	1357	-2330	206	910	23	-938	12	901	132	88
13557	-3564	10336	5190	-9541	1899	2727	-2530	179	913	52	-914	-89	777	80	88
13569	-4270	10562	5841	-9752	1484	2103	-3250	165	910	68	-902	-92	614	45	88
13625	-5831	9902	7133	-9033	1208	2361	-1770	94	895	149	-843	-109	487	52	88
13669	-7634	8992	8749	-7883	1050	2338	-3790	26	874	212	-792	-173	361	139	88
13738	-8575	8419	9569	-7211	609	2167	-1940	-84	827	310	-705	-306	304	261	88
13778	-8511	8144	9478	-6934	835	2556	-910	-144	794	365	-656	-413	318	333	88
13811	-9543	7290	10317	-5969	570	2387	-3040	-197	766	420	-616	-326	283	325	88
13831	-9681	7235	10434	-5905	532	2210	-770	-229	750	452	-591	-450	261	389	88
13871	-10373	6383	10961	-4981	304	2187	-1160	-276	724	495	-551	-505	268	475	88
13904	-10379	6259	10921	-4880	-9	2106	-750	-339	683	559	-498	-704	269	669	88
13941	-10454	5265	10869	-3863	-176	2269	-1400	-419	640	611	-449	-558	250	569	88
13965	-10829	5360	11193	-3960	-68	1507	-820	-458	610	653	-412	-696	263	549	88
13986	-9554	4222	9845	-2936	-723	3776	-2540	-491	592	685	-383	-563	228	484	88
13998	-10658	4542	10883	-3198	-55	1817	-1470	-519	574	707	-361	-499	179	367	88
14018	-10569	4091	10745	3058	-165	2226	-1600	-546	554	729	-339	-617	230	385	88
14032	-10499	4153	10666	2960	-165	2226	-1600	-567	537	751	-310	-541	218	305	88
14061	-10459	4232	10624	-2954	-165	2226	-1600	-580	516	761	-275	-591	219	391	88
14089	-10387	4381	10564	-3146	-165	2226	-1600	-603	476	775	-217	-673	245	415	88
14129	-11004	3046	10888	3980	-1233	1640	-1140	-624	441	788	-172	-748	251	517	88
14141	-10247	-3643	10064	4809	-1304	2997	-1780	-628	436	787	-165	-818	191	531	88
14154	-10213	-3589	10051	4762	-1304	2997	-1780	-638	421	790	-151	-669	-21	491	88
14174	-10446	-3448	10258	4625	-932	2033	-730	-650	376	797	-121	-552	-188	350	88
14196	-10096	-3642	9900	4798	-1146	2102	-1700	-662	321	796	-86	-637	-210	426	88
14225	-8996	-4312	8720	5302	-1608	2458	190	-673	282	796	-55	-372	-156	174	88
14269	-8252	-4560	7967	5480	-1371	2312	-360	-684	197	785	-7	-165	-152	113	88
14293	-7689	-4516	7506	5449	-1485	1982	-40	-687	173	780	10	-166	-180	74	88
14333	-7265	-4566	7103	5466	-1247	1718	-690	-688	135	769	34	-127	-129	56	88
14369	-6191	-4625	6099	5421	-1449	1849	-400	-688	101	756	65	-65	-104	22	88
14414	-5675	-4469	5712	5287	-1259	1690	1160	-687	73	735	85	-77	-98	19	88
14446	-4835	-4720	4882	5447	-1438	2064	220	-680	58	723	95	-56	-84	22	88
14467	-4399	-4494	4476	5133	-1386	1653	240	-677	54	716	101	-55	-103	9	88
14503	-3506	-4624	3603	5147	-1246	1544	-10	-666	41	696	108	-37	-158	17	88
14535	3278	-4757	-3138	5184	-1537	1992	90	-658	28	686	115	-36	-152	1	88
14583	3864	-4596	-3667	4945	-1200	1446	490	-586	14	605	122	96	-101	49	88
14599	4125	-4632	-3981	4880	-1243	1576	-510	-513	9	545	129	115	-115	92	88
14655	5059	-4082	-4840	4112	-1486	1530	-370	-389	5	416	150	99	-100	74	88
14675	4834	-6138	-4983	6124	-975	1323	110	-352	4	377	158	171	-136	85	88
14687	4795	-6129	-4937	6112	-975	1323	110	-343	4	361	164	132	-127	133	88
14699	5309	-6041	-5408	5960	-1054	1455	810	-325	3	342	169	163	-193	105	88
14744	6016	-6365	-6110	6192	-520	755	730	-268	6	264	161	201	-198	114	88
14765	6366	-6205	-6395	6035	-799	1014	950	-235	-4	237	158	207	-229	163	88
14781	6047	-6118	-6081	5993	-327	582	930	-216	-6	226	156	232	-241	134	88
14801	6211	-5983	-6160	5898	-506	671	340	-196	-13	188	147	229	-193	121	88
14833	6391	-5714	-6323	5576	-343	551	680	-165	-13	159	138	142	-164	87	88
14849	6177	-5664	-6138	5532	-112	353	-410	-134	-16	135	133	146	-171	134	88
14870	6328	-5447	-6276	5272	-376	316	-720	-111	-18	115	127	102	-129	79	88
14895	6604	-5150	-6538	4884	-491	327	-870	-96	-15	96	123	246	-152	180	88
14936	6655	-4689	-6619	4295	-291	-11	-1600	-74	-15	71	118	196	-172	100	88
14957	6809	-4640	-6786	4198	-316	185	-1640	-67	-15	65	115	176	-172	222	88
14978	6731	-4518	-6721	4063	-186	30	-1130	-54	-17	56	109	266	-122	131	88
14999	6772	-4260	-6798	3727	-205	-56	-760	-33	-21	46	105	248	-124	123	88
15024	6756	-4072	-6812	3489	-151	-171	-620	-19	-22	41	98	149	-107	116	88
15049	6752	-4045	-6840	3430	-72	-80	-1260	-2	-23	31	94	122	-119	87	88
15093	6710	-3748	-6809	3077	-125	-263	-840	21	-20	5	83	154	-120	154	88
15118	6675	-3752	-6806	3065	9	-181	-1200	36	-21	-2	75	198	-116	122	88
15138	6703	-3742	-6841	3043	47	-76	-1100	42	-22	-9	71	173	-111	120	88
15154	6506	-3267	-6648	-3285	-88	-780	-3340	45	-20	-13	67	176	-121	118	88
15170	6564	-3490	-6710	-3036	222	-362	-830	50	-20	-20	62	177	-125	151	88
15191	6681	-3445	-6812	-3089	102	-179	-1030	54	-21	-30	52	164	-108	145	88
15240	6528	-3184	-6610	-3311	213	-457	710	69	-22	-58	36	216	-122	178	88
15261	6702	-3327	-6771	-3156	79	-72	320	76	-22	-66	31	206	-109	213	88
15281	6672	-3255	-6721	-3202	21	-135	-40	86	-27	-78	23	155	-97	168	88
15301	6420	-3263	-6464	-3136	328	-449	820	90	-28	-83	16	178	-111	116	88
15317	6682	-3274	-6685	-3123	-1	-108	-50	88	-29	-89	9	155	-118	136	88
15337	6496	-3168	-6480	-3189	172	-442	140	89	-31	-94	3	108	-94	86	88
15357	6625	-3310	-6603	-3031	155	-90	-60	93	-34	-100	-2	124	-103	78	88
15377	6636	-3455	-6568	2984	90	-28	2300	97	-34	-108	-2	84	-85	60	88
15401	6566	-3446	-6466	3019	88	-101	620	106	-39	-126	-4	91	-96	57	88
15417	6513	-3479	-6378	3101	118	-200	1310	101	-39	-129	-4	94	-90	42	88
15433	6408	-3581	-6280	3214	266	-262	840	100	-34	-134	1	152	-101	38	88
15453	6527	-3521	-6367	3161	-24	-210	180	102	-37	-135	3	175	-105	28	88
15477	6519	-3518	-6369	3143	-24	-210	180	104	-37	-135	9	118	-101	67	88
15498	6554	-3560	-6417	3169	41	-100	-90	102	-35	-132	11	149	-121	50	88
15518	6546	-3566	-6435	3152	41	-100	-90	105	-34	-126	15	142	-113	152	88
15534	6377	-3496	-6304	3062	244	-328	-310	112	-33	-124	16	155	-119	123	88
15578	6384	-3258	-6363	-3086	244	-393	-1560	118	-26	-121	23	196	-114	75	88
15594	6583	-3257	-6566	-3117	9	-134	-200	121	-23	-114	22	143	-94	42	88
15619	6394	-3071	-6403	-3327	251	-462	-570	121	-23	-111	18	128	-87	116	88
15733	6604	2921	-6641	-3625	29	-225	220	108	-17	-114	-5	203	30	176	88
15781	6456	-3021	-6374	-3290	426	-384	260	101	-18	-120	-18	193	-98	148	88
15814	6835	3474	-6555	-3938	231	-113	560	100	-21	-124	-25	135	-87	61	88
15983	8349	3094	-8068	-3747	267	-238	520	131	-5	-143	-45	196	150	104	88
16015	8566	3089	-8332	-3822	303	-272	-40	149	-2	-146	-48	190	142	140	88
16031	8740	3048	-8514	-3810	282	-112	-270	163	0	-158	-53	337	152	245	88
16071	8883	-2931	-8721	-3686	574	-324	300	197	4	-174	-56	462	19	409	88
16092	8944	-2941	-8808	-3704	574	-324	300	226	3	-192	-59	362	-95	281	88
16108	9086	-2953	-8947	-3712	497	-347	1930	233	3	-198	-58	426	-153	227	88
16133	9403	-3272	-9244	-3398	390	-97	1080	255	9	-236	-59	325	-157	239	88
16153	9678	-3359	-9523	-3356	182	-49	610	282	9	-264	-59	455	-185	349	88
16198	9643	-3275	-9538	-3497	317	-474	-20	315	12	-286	-65	465	-214	520	88
16214	9938	-3591	-9855	-3182	264	39	830	336	11	-293	-72	470	-220	481	88
16243	10074	-3869	-10017	2911	255	-90	1190	355	6	-301	-79	647	-231	738	88
16263	10109	-4138	-10074	3204	389	-361	1150	362	-4	-307	-76	711	-256	610	88
16308	10296	-4917	-10280	4050	415	-407	1090	352	-15	-310	-61	1018	-345	714	88
16328	10238	-5227	-10227	4412	501	-525	2510	351	-18	-315	-56	1142	-427	712	88
16349	10332	-5404	-10345	4567	561	-741	1510	348	-22	-319	-51	1268	-419	977	88
16370	10454	-5590	-10494	4712	499	-601	740	356	-25	-332	-33	1151	-404	964	88
16391	10551	-5790	-10636	4852	626	-671	1010	365	-28	-347	-14	987	-415	795	88
16436	10783	-5729	-10910	4652	636	-625	-760	390	-35	-384	16	1143	-467	1217	88
16480	10742	-5761	-10842	4696	636	-625	-760	436	-35	-451	15	1097	-469	1030	88
16508	10817	-6275	-11016	5169	761	-909	920	469	-35	-480	16	975	-422	956	88
16553	11254	-6151	-11254	4903	661	-893	-840	500	-37	-522	14	1377	-545	1306	88
16569	10998	-6261	-11273	5013	1176	-1139	-140	529	-39	-551	16	1407	-504	1633	88
16605	11255	-6324	-11255	4857	899	-1016	40	574	-44	-515	10	1537	-657	3566	88
16638	11255	-6413	-11255	4943	1090	-1149	-50	626	-36	-570	0	1411	-673	1895	88
16662	11255	-6333	-11255	4700	848	-1081	-650	654	-30	-598	14	1454	-606	1897	88
16698	11254	-5663	-11254	3754	996	-1088	-340	689	-27	-642	30	1455	-560	1613	88
16726	11253	-5279	-11253	3276	1186	-1217	-520	721	-22	-678	36	1293	-506	1376	88
16770	11252	-4951	-11252	-2930	1622	-1374	-920	762	-18	-720	30	1156	-428	1297	88
16814	11251	-4670	-11251	-3251	2264	-1746	370	788	-17	-754	25	1147	-459	1242	88
16835	11250	-4680	-11250	-3370	1519	-1311	-170	807	-14	-772	9	1097	-457	1117	88
16856	11250	-4736	-11250	-3232	1954	-1478	-360	819	-12	-792	-12	1119	-430	1011	88
16916	11247	-4811	-11247	-2999	1719	-1431	510	851	-14	-835	-72	830	-329	921	88
16956	11246	-4825	-11246	-3012	1670	-1536	-250	874	-12	-868	-118	895	-386	772	88
16997	11025	-5004	-11247	2947	2041	-1693	-140	879	-13	-887	-137	3055	-911	913	88
17030	11031	-5137	-11250	3151	2069	-1861	840	823	-16	-891	-139	2204	-769	900	88
17050	10544	-5400	-11249	3456	2130	-2020	1130	794	-29	-918	-127	1052	-425	547	88
17094	10560	-5934	-11246	3956	1754	-1621	1020	804	-57	-935	-102	449	-216	695	88
17115	10328	-6101	-11246	4137	1547	-1926	1810	806	-68	-948	-92	481	-262	485	88
17148	8989	-7115	-10110	5312	2216	-2446	1880	808	-90	-972	-76	380	-247	418	88
17194	9313	-7259	-10612	5256	1183	-2035	-850	797	-131	-946	-48	204	-274	204	88
17227	8550	-7993	-10030	6067	1667	-2363	1960	784	-165	-926	-24	177	-270	360	88
17251	8329	-8449	-9969	6476	1475	-2232	1210	776	-188	-910	-9	196	-257	330	88
17295	8160	-8816	-9932	6806	1074	-2101	60	764	-220	-897	10	169	-315	214	88
17315	8223	-8707	-9986	6695	1074	-2101	60	749	-255	-878	39	209	-362	261	88
17327	8255	-8666	-10007	6656	1074	-2101	60	740	-267	-872	50	229	-378	247	88
17359	8321	-8558	-10061	6552	1074	-2101	60	724	-302	-853	77	157	-326	358	88
17379	8360	-8508	-10084	6509	1074	-2101	60	714	-317	-845	89	223	-351	297	88
17419	8445	-8377	-10134	6392	1074	-2101	60	691	-357	-829	121	146	-246	279	88
17431	6094	-10808	-8484	8847	1040	-2015	960	690	-361	-829	122	188	-294	321	88
17451	5390	-10595	-7762	8746	832	-2552	2310	676	-383	-820	141	216	-776	253	88
17471	5212	-10807	-7591	9035	514	-2350	2180	657	-418	-805	163	257	-886	231	88
17516	3597	-10832	-5987	9385	272	-2575	3570	620	-508	-773	221	192	-1144	136	88
17532	3655	-10734	-6022	9292	272	-2575	3570	604	-537	-762	247	177	-974	137	88
17572	-3282	-10314	-4773	9135	131	-2449	700	546	-597	-724	298	-106	-726	93	88
17612	-4586	-9764	-3147	9060	-298	-2275	2030	457	-647	-689	346	-168	-414	71	88
17648	-5385	-9145	3745	8780	-311	-2393	2530	338	-694	-627	395	-103	-331	42	88
17692	-6732	-8859	5317	9002	-638	-1850	3900	252	-728	-507	434	-124	-213	31	88
17741	-7502	-6938	6642	7551	-1091	-1686	2710	113	-760	-357	489	-113	-108	188	88
17757	-7347	-6915	6485	7485	-1091	-1686	2710	67	-765	-313	509	-178	-128	166	88
17778	-7735	-5918	7174	6718	-1647	-1746	2910	21	-766	-275	526	-159	-122	79	88
17822	-7291	-4352	7145	5280	-1622	-1188	2640	-72	-761	-171	555	-133	-83	96	88
17854	-8147	-4569	8043	5733	-1148	-798	1800	-135	-754	-101	569	-125	-77	152	88
17927	-7055	3923	7577	3060	-1460	-775	1000	-252	-691	32	583	-184	186	226	88
17971	-5942	5143	6613	-4281	-2100	-894	2220	-309	-535	106	516	-106	224	151	88
17992	-5904	5004	6557	-4145	-2100	-894	2220	-320	-495	123	476	-102	232	134	88
18021	-4802	5313	5653	-4458	-1462	-477	530	-344	-421	161	399	-119	344	155	88
18121	-3470	5637	4329	-5032	-1308	-257	-1970	-342	-264	209	237	-54	133	45	88
18153	-4700	6800	5834	-5841	-1058	-32	750	-333	-227	215	192	-68	193	28	88
18189	-4728	7622	5960	-6661	-1081	-13	-280	-314	-202	218	157	-79	327	51	88
18214	-4757	7474	5839	-6665	-930	60	-970	-298	-167	214	134	-85	271	81	88
18227	-4791	7416	5845	-6607	-930	60	-970	-286	-153	215	115	-72	215	66	88
18239	-4809	7405	5843	-6601	-709	18	-420	-277	-143	219	101	-131	281	113	88
18383	-4548	7437	5478	-6834	-271	75	-450	-199	-49	180	50	-80	315	73	88
18412	-4698	7259	5472	-6794	-96	107	-720	-186	-30	168	41	-69	320	60	88
18436	-4431	7191	5206	-6765	-274	498	180	-172	-19	162	40	-105	258	82	88
18456	-4558	7263	5317	-6853	-249	218	-330	-163	-5	154	29	-75	208	39	88
18501	-4381	7059	5118	-6672	-102	628	-1010	-143	19	140	6	-85	271	60	88
18682	-4607	6958	5318	-6549	-30	376	70	-84	92	93	-71	-112	222	64	88
18706	-4793	6856	5468	-6430	137	325	-620	-77	95	89	-80	-105	216	79	88
18722	-4618	6920	5435	-6374	149	419	1170	-75	100	87	-82	-116	212	88	88
18766	-4438	6915	5253	-6406	44	578	1450	-65	111	82	-88	-97	183	95	88
18790	-4643	6961	5437	-6439	95	305	-650	-61	112	81	-95	-84	163	51	88
18810	-4452	6873	5256	-6362	70	615	1290	-59	116	80	-95	-90	221	64	88
18830	-4686	7006	5466	-6507	0	198	-980	-55	119	78	-95	-84	225	64	88
18850	-4658	6823	5423	-6312	134	487	-390	-54	121	79	-96	-95	207	78	88
18870	-4683	6850	5457	-6329	151	427	290	-53	120	77	-97	-84	147	59	88
18975	-5081	6774	5823	-6205	116	173	190	-48	123	73	-101	-115	191	127	88
18996	-4772	6609	5526	-6056	-47	741	-550	-50	123	72	-101	-91	231	76	88
19012	-5239	6432	5939	-5829	396	492	-1480	-50	124	72	-101	-109	196	108	88
19052	-5319	6389	6006	-5770	169	496	-830	-46	123	74	-103	-140	214	146	88
19084	-5347	6070	5970	-5467	67	418	0	-46	125	75	-103	-94	146	52	88
19104	-5518	6096	6126	-5483	135	186	350	-46	125	77	-102	-94	137	83	88
19120	-5515	6100	6129	-5483	135	186	350	-47	124	76	-102	-116	167	137	88
19132	-5437	5988	6047	-5370	58	427	-230	-47	125	75	-103	-101	135	82	88
19144	-5438	5985	6042	-5376	58	427	-230	-47	126	76	-101	-136	177	137	88
19156	-5566	5841	6146	-5212	127	464	-300	-47	128	76	-102	-108	155	107	88
19178	4289	5333	-3829	-5472	135	483	200	-42	127	70	-105	-11	104	33	88
19199	4291	5536	-3805	-5676	46	429	-910	-36	126	66	-107	32	110	43	88
19219	4446	5878	-3891	-6024	-32	377	-80	-33	124	61	-108	79	151	41	88
19235	4401	6005	-3821	-6142	24	425	-1450	-30	124	55	-107	69	124	15	88
19251	4340	6144	-3726	-6255	285	268	760	-28	122	49	-107	64	123	33	88
19271	4358	6452	-3686	-6560	264	276	-1440	-27	124	43	-109	48	104	42	88
19287	4587	6632	-3862	-6744	51	352	1080	-23	122	40	-112	65	123	59	88
19315	4461	6830	-3716	-6930	465	305	320	-12	122	32	-111	61	130	58	88
19328	4490	7189	-3709	-7309	99	61	-520	-7	122	32	-113	105	165	26	88
19340	4480	7185	-3702	-7306	99	61	-520	-4	123	30	-114	122	182	16	88
19352	4458	7179	-3696	-7308	99	61	-520	3	124	29	-114	102	247	42	88
19364	4554	7198	-3783	-7333	216	278	230	10	125	28	-114	112	232	58	88
19397	4598	7705	-3750	-7849	220	92	-10	20	129	19	-118	80	230	35	88
19421	4583	7652	-3728	-7771	489	387	-750	30	131	11	-124	97	306	45	88
19441	4605	8051	-3668	-8154	406	199	660	32	135	3	-129	124	336	51	88
19461	4543	8255	-3584	-8356	347	92	-580	41	138	-4	-134	111	394	41	88
19481	4700	8361	-3704	-8464	267	245	250	45	139	-8	-137	93	458	32	88
19501	4556	8400	-3546	-8475	536	267	-1100	49	149	-16	-147	95	368	56	88
19521	4760	8827	-3667	-8919	210	148	160	53	154	-23	-153	146	465	47	88
19565	4774	9126	-3612	-9192	419	269	640	62	170	-29	-171	135	518	68	88
19581	4764	9099	-3592	-9154	419	269	640	64	179	-36	-181	144	469	99	88
19593	4722	9189	-3540	-9240	518	323	-530	67	183	-37	-184	131	603	48	88
19605	4549	9342	-3438	-9469	534	144	-590	70	189	-40	-195	137	499	58	88
19617	4537	9322	-3436	-9453	534	144	-590	74	194	-40	-200	127	547	48	88
19685	4998	10042	-3643	-10081	644	325	-210	89	225	-52	-238	185	708	110	88
19710	5071	10100	-3699	-10138	599	453	-40	98	241	-56	-256	183	839	116	88
19727	5091	10182	-3692	-10206	707	454	200	101	250	-60	-269	201	891	98	88
19747	5220	10512	-3784	-10568	674	223	180	110	265	-63	-286	216	935	77	88
19767	5246	10485	-3807	-10533	729	477	-440	119	284	-65	-306	249	1118	102	88
19788	5291	10622	-3814	-10655	838	613	-240	128	307	-69	-332	254	1259	138	88
19840	5480	10824	-3940	-10842	979	653	60	141	355	-77	-393	288	1118	204	88
19852	5461	10777	-3927	-10789	979	653	60	147	368	-80	-409	288	1354	157	88
19864	5493	11028	-3938	-11062	863	380	520	152	377	-80	-418	310	1315	142	88
19877	5717	11038	-4135	-11085	796	706	80	153	384	-82	-425	296	1562	136	88
19889	5609	11048	-4028	-11084	1059	676	-150	159	407	-86	-445	357	1560	141	88
19902	5815	11216	-4196	-11273	833	556	620	162	429	-89	-471	328	1521	174	88
19930	6055	11260	-4265	-11260	485	255	-150	167	453	-90	-494	300	1583	312	88
19946	5539	8565	-4086	-8304	5111	3579	-940	177	485	-93	-522	371	1401	228	88
19974	5986	11272	-4218	-11201	955	603	0	183	501	-98	-539	274	1648	124	88
20019	6409	11284	-4472	-11063	1445	1142	-240	193	513	-114	-592	398	2910	326	88
20032	6407	11270	-4448	-11002	1445	1142	-240	196	514	-118	-612	648	3743	446	88
20064	6760	11272	-4631	-11272	1161	770	1470	202	548	-145	-647	454	2357	227	88
20093	7709	11273	-5407	-11285	1504	641	3940	212	582	-173	-677	346	2977	375	88
20117	8616	11275	-6240	-11275	1574	654	2880	229	611	-195	-664	481	2158	314	88
20157	9962	11083	-7488	-10941	1990	679	1870	271	657	-231	-698	650	1525	214	88
20190	10630	10912	-8122	-10801	1700	487	1670	311	683	-251	-729	819	1203	316	88
20210	10947	10545	-8467	-10447	1748	602	300	350	696	-269	-739	941	1044	223	88
20250	10831	10446	-8441	-10366	1751	476	660	431	703	-293	-745	851	898	182	88
20387	8902	11242	-6611	-10984	2036	455	-1040	607	724	-337	-741	516	741	227	88
20435	8616	11297	-6288	-10961	1922	909	-820	607	757	-325	-759	483	1000	226	88
20472	7932	10497	-5664	-9968	3276	1685	-3050	579	765	-301	-771	405	1668	255	88
20488	7965	10489	-5693	-9960	3276	1685	-3050	569	768	-293	-773	311	1087	143	88
20532	7597	11272	-5112	-10861	1759	1106	310	527	792	-262	-781	326	1132	143	88
20564	6620	11272	-4144	-10813	2054	1161	-2650	489	822	-227	-802	328	1177	110	88
20585	6897	11272	-4351	-10780	1856	1242	370	469	837	-211	-810	244	1119	100	88
20621	5736	11271	-3208	-10495	2270	1657	-1790	432	859	-176	-816	220	1140	89	88
20635	5139	11271	3151	-10647	1918	1564	-3690	416	867	-153	-814	256	1064	127	88
20655	4753	11271	3539	-10909	1292	1337	-2800	393	881	-132	-812	253	972	92	88
20683	3852	11271	4379	-10323	1844	1866	-2510	362	892	-98	-815	220	982	81	88
20708	3745	11270	4481	-10309	1762	1796	-1270	320	909	-48	-814	199	879	59	88
20741	-3520	11270	5852	-10034	1357	1693	-2230	276	921	1	-809	2	905	62	88
20757	-3392	11270	5722	-10036	1357	1693	-2230	239	926	39	-809	-75	852	64	88
20778	-3841	10629	6002	-9287	1447	2242	-3590	214	933	73	-797	-146	759	95	88
20803	-5794	10021	7748	-8470	1348	2051	-3740	154	927	133	-779	-127	455	78	88
20819	-5686	10055	7641	-8533	1348	2051	-3740	122	918	163	-760	-146	402	120	88
20859	-6315	8838	7994	-7319	1062	2484	-4230	43	894	239	-716	-128	275	116	88
20899	-5720	8176	7262	-6820	1062	2484	-4230	-33	860	308	-659	-104	202	69	88
20959	-5019	7597	6438	-6410	1062	2484	-4230	-138	803	404	-580	-100	177	53	88
20979	-4837	7383	6214	-6238	1062	2484	-4230	-158	789	422	-564	-71	122	27	88
20991	-7332	5191	8036	-4015	-543	2244	-2770	-196	762	452	-530	-137	125	101	88
21011	-7544	4373	8051	-3245	-156	2406	-3820	-221	743	474	-508	-109	120	90	88
21035	-7477	3483	7783	3341	-101	2400	-2480	-264	700	505	-452	-140	110	104	88
21100	-7066	-4056	6830	4653	-584	2184	-1980	-354	577	581	-282	-188	-211	85	88
21140	-6308	-5020	5822	5428	-820	2118	-3450	-404	455	616	-217	-136	-208	29	88
21161	-6229	-4851	5798	5309	-820	2118	-3450	-422	401	628	-187	-100	-198	50	88
21194	-5223	-5426	4535	5517	-1216	1990	-2350	-465	311	648	-112	-91	-182	20	88
21218	-5105	-5396	4410	5451	-890	1569	-1830	-486	261	654	-65	-59	-124	21	88
21250	-3795	-5464	3127	5330	-1277	1694	-1160	-513	198	659	-12	-53	-146	10	88
21262	-3778	-5405	3126	5278	-1277	1694	-1160	-518	181	659	3	-50	-108	11	88
21282	-3263	-5277	-3166	5055	-1073	1312	-960	-529	151	654	27	-52	-107	22	88
21307	3567	-4972	-4047	4647	-1775	1531	-1190	-533	119	611	55	48	-152	38	88
21327	3494	-4898	-3922	4603	-1126	1354	-180	-506	93	555	78	36	-100	15	88
21371	4260	-4233	-4615	3758	-1519	1260	-520	-420	59	468	114	162	-143	140	88
21392	4410	-4046	-4708	3554	-1417	1359	-360	-382	42	413	133	166	-144	96	88
21404	4360	-4024	-4669	3521	-1417	1359	-360	-368	36	401	143	134	-118	80	88
21424	4307	-3766	-4604	3246	-1110	1160	1310	-334	24	375	156	125	-104	88	88
21444	4653	-3062	-4735	-3203	-1212	938	70	-311	16	341	162	134	-93	24	88
21460	4709	3053	-4681	-3448	-975	859	1290	-295	14	324	152	118	10	30	88
21504	3942	-3861	-4045	3683	-670	684	260	-240	12	274	111	91	69	111	88
21786	3281	-6604	-3772	6599	-49	15	-210	-42	-22	55	64	84	-201	29	88
