0	-4290	6810	4835	-6614	0	0	0	-1	-1	-1	-1	258	772	0	88
18	-5260	-5105	-5533	-5765	-245	93	-460	-1	-1	-1	-3	56	20	3326	88
30	-5172	-4958	-5602	-5930	182	-84	0	-3	-3	-3	-3	83	32	3326	88
48	-5067	-4812	-5674	-6082	-19	110	80	-9	-7	-7	-9	112	40	3323	88
63	-4956	-4646	-5720	-6219	3	16	560	-13	-11	-11	-10	140	51	3306	88
81	-4676	-4315	-5840	-6470	-35	167	1580	-18	-16	-16	-18	199	63	3245	88
105	-4301	-3954	-5952	-6652	-4	-8	1700	-27	-23	-28	-29	260	69	3153	88
117	-4286	-3928	-5922	-6633	-4	-8	1700	-31	-30	-34	-36	260	71	3153	88
135	-3794	-3562	-6044	-6715	55	-8	2800	-35	-34	-40	-41	324	60	2990	88
159	-3482	-3365	-6089	-6687	-18	23	2600	-50	-46	-53	-60	356	48	2911	88
177	-3295	-3198	-6155	-6774	-17	23	2600	-56	-52	-60	-69	386	49	2911	88
195	-2935	-3031	-6228	-6696	96	19	3480	-63	-55	-67	-78	418	25	2805	88
210	3496	3032	-6429	-6613	-47	14	3210	-66	-61	-72	-82	479	-19	2595	88
234	4221	3239	-6629	-6366	74	-17	5050	-62	-64	-85	-91	533	-85	2354	88
252	4635	3312	-6719	-6143	9	23	3180	-59	-66	-88	-98	555	-130	2221	88
270	5327	3346	-6955	-5767	75	11	5050	-55	-61	-94	-100	590	-219	1985	88
288	5693	3346	-7037	-5498	74	-50	3230	-50	-55	-96	-103	602	-269	1875	88
309	6217	3350	-7272	-5254	-12	-52	2880	-42	-50	-98	-104	634	-339	1723	88
333	6520	3259	-7374	-4964	315	74	3450	-38	-45	-101	-104	637	-394	1637	88
351	6819	3100	-7461	-4581	321	-32	1820	-36	-40	-104	-102	630	-460	1504	88
366	6819	3072	-7446	-4531	321	-35	1820	-28	-38	-106	-99	626	-465	1504	88
390	6890	2956	-7368	-4233	123	-74	1180	-11	-30	-111	-98	603	-494	1400	88
408	6890	-2967	-7341	-4056	262	-172	1300	-1	-25	-113	-98	585	-515	1365	88
432	6947	-3192	-7224	-3598	439	221	2150	12	-23	-120	-94	543	-559	1235	88
450	6931	-3236	-7189	-3522	243	-321	340	18	-23	-122	-92	536	-567	1195	88
474	6926	-3445	-7068	-3138	220	-229	1540	28	-25	-126	-93	495	-602	1088	88
498	6871	-3654	-6980	2955	382	-153	1540	36	-24	-133	-88	459	-630	1024	88
522	6833	-3782	-6894	3170	230	-272	1630	45	-27	-137	-82	434	-649	968	88
540	6832	-3852	-6784	3380	207	-134	1030	51	-27	-139	-74	412	-663	870	88
564	6718	-4088	-6693	3650	348	-19	720	54	-29	-140	-70	372	-686	848	88
588	6650	-4209	-6584	3852	104	-195	1080	68	-36	-139	-54	345	-700	777	88
606	6580	-4312	-6524	3973	251	-300	820	73	-36	-138	-47	324	-709	752	88
627	6460	-4493	-6391	4224	202	-383	610	76	-38	-139	-43	285	-725	696	88
645	6388	-4554	-6378	4238	170	-322	-30	86	-40	-139	-35	277	-729	697	88
669	6324	-4601	-6368	4243	183	-169	-550	89	-41	-137	-30	270	-732	682	88
687	6142	-4837	-6227	4506	434	-671	-280	91	-45	-138	-20	222	-747	637	88
711	6046	-4891	-6205	4499	197	-470	620	96	-53	-137	-8	214	-749	624	88
729	5947	-4988	-6175	4549	152	-269	-100	95	-52	-140	7	197	-754	627	88
753	5707	-5252	-5968	4862	234	-347	470	101	-52	-138	6	137	-767	582	88
777	5640	-5288	-5959	4847	221	-400	-70	101	-52	-138	6	132	-767	584	88
795	5561	-5352	-5898	4914	109	-277	830	105	-50	-138	10	116	-770	559	88
813	5488	-5416	-5844	4979	95	-352	440	107	-53	-137	11	100	-773	545	88
831	5194	-5675	-5594	5284	541	-237	800	106	-53	-137	12	34	-777	519	88
855	5011	-5812	-5494	5381	400	-430	610	105	-54	-132	19	4	-776	522	88
873	4980	-5826	-5525	5328	32	-287	-530	107	-55	-130	21	7	-776	539	88
891	4820	-5948	-5455	5394	128	-447	-710	105	-54	-130	22	-18	-776	557	88
915	4716	-6014	-5385	5449	172	-412	-50	105	-56	-128	28	-36	-775	534	88
939	4485	-6175	-5248	5568	27	-228	-250	104	-57	-122	30	-75	-772	545	88
957	4305	-6282	-5119	5666	150	-422	60	100	-57	-121	33	-107	-767	543	88
978	4069	-6428	-4961	5787	101	-296	-150	101	-62	-116	38	-147	-761	552	88
996	3870	-6534	-4802	5900	65	-293	190	98	-64	-115	39	-182	-752	545	88
1014	3771	-6580	-4720	5952	13	-227	250	92	-68	-116	45	-200	-747	538	88
1032	3663	-6648	-4685	5964	49	-177	-690	90	-70	-117	45	-214	-743	560	88
1044	3182	-6840	-4254	6216	57	-370	750	86	-68	-117	44	-296	-711	552	88
1068	3222	-6817	-4294	6182	-114	-219	-60	80	-77	-108	48	-289	-715	554	88
1092	2928	-6890	-3991	6329	-34	-350	760	73	-83	-103	54	-341	-689	526	88
1110	-3260	-6660	-3606	6123	75	-273	-670	66	-87	-94	57	-363	-605	540	88
1134	-4395	-5980	3429	5643	72	-291	590	56	-90	-90	62	-438	-357	505	88
1152	-4672	-5574	3742	5255	-242	-304	-250	49	-93	-81	65	-428	-260	512	88
1173	-5190	-4656	4363	4388	-138	-309	-90	42	-98	-72	67	-392	-55	515	88
1191	-5066	-4910	4213	4636	24	-344	410	37	-99	-62	71	-408	-110	501	88
1206	-5176	-5021	4322	4785	0	-315	480	35	-99	-59	72	-438	-113	487	88
1230	-5385	-5286	4482	5078	-22	-186	-410	23	-101	-50	74	-497	-127	483	88
1254	-5615	-5487	4727	5374	-182	-205	820	4	-102	-34	78	-558	-126	449	88
1272	-5824	-5747	4893	5667	-277	-296	60	-3	-101	-27	78	-617	-138	450	88
1296	-5995	-6040	5003	5971	-315	-123	-220	-14	-102	-21	82	-674	-159	455	88
1314	-6001	-6021	5004	5944	-316	-120	-220	-27	-103	-13	84	-675	-153	455	88
1335	-6323	-6365	5322	6400	-97	-220	860	-32	-104	-6	85	-765	-163	417	88
1356	-6411	-6475	5414	6550	-392	-185	200	-42	-107	-1	89	-795	-167	411	88
1380	-6525	-6593	5495	6669	-211	-162	-180	-47	-109	6	89	-825	-168	417	88
1398	-6717	-6851	5669	6985	-238	-147	-170	-58	-111	13	92	-885	-181	403	88
1419	-6849	-6898	5845	7117	-177	-79	1330	-64	-115	20	97	-918	-170	368	88
1443	-7102	-7053	6137	7389	-185	-31	-210	-70	-114	24	99	-981	-159	342	88
1467	-7137	-7046	6194	7412	-410	-136	-360	-78	-119	33	104	-992	-152	328	88
1485	-7097	-7037	6172	7417	-302	13	430	-82	-120	40	103	-992	-154	316	88
1509	-7146	-6844	6368	7371	-212	-138	1060	-98	-128	49	113	-997	-117	248	88
1533	-7149	-6766	6417	7336	-584	-70	420	-103	-136	56	117	-998	-103	236	88
1557	-7128	-6709	6423	7297	-539	-96	10	-110	-139	61	122	-999	-95	224	88
1575	-7110	-6620	6482	7279	-814	-385	1740	-115	-144	68	127	-1000	-84	187	88
1599	-7069	-6589	6468	7269	-176	8	20	-121	-147	74	129	-1000	-84	186	88
1623	-7107	-6451	6580	7203	-524	-97	110	-130	-149	84	134	-1002	-57	154	88
1641	-7093	-6449	6557	7187	-360	-120	-20	-132	-155	92	135	-1002	-57	155	88
1659	-7081	-6170	6815	7177	-618	-162	2100	-136	-154	94	136	-1003	-18	0	88
1677	-7068	-6133	6819	7154	-577	-94	-260	-141	-156	94	141	-1004	-13	0	88
1695	-7063	-6118	6809	7130	-332	-118	380	-143	-159	96	145	-1004	-10	0	88
1713	-7092	-6046	6851	7066	-777	-38	580	-147	-162	98	149	-1004	5	0	88
1731	-7116	-5981	6885	7005	-509	-149	360	-147	-164	99	153	-1003	19	0	88
1755	-7152	-5885	6935	6917	-384	-7	430	-149	-169	100	162	-1003	39	0	88
1773	-7212	-5767	7019	6817	-763	-128	1830	-152	-172	101	165	-1002	66	0	88
1797	-7136	-5767	6987	6855	-586	-152	-120	-152	-173	101	167	-1003	57	0	88
1821	-7173	-5709	7005	6771	-616	-181	1250	-158	-174	105	172	-1002	72	0	88
1845	-7117	-5492	7173	6768	-781	-181	2130	-161	-177	108	173	-1000	98	-137	88
1863	-7083	-5479	7157	6769	-598	-29	-110	-165	-178	110	175	-1000	96	-134	88
1887	-7086	-5403	7189	6715	-642	88	360	-170	-180	117	175	-999	109	-156	88
1908	-7078	-5324	7228	6676	-709	-145	60	-172	-181	121	176	-997	122	-179	88
1926	-7091	-5280	7238	6622	-658	34	40	-175	-178	123	178	-996	130	-181	88
1944	-7054	-5313	7189	6640	-659	29	40	-179	-177	127	179	-997	123	-181	88
1962	-7089	-5218	7244	6559	-533	-20	280	-179	-178	131	179	-995	142	-190	88
1980	-7065	-5111	7314	6538	-622	-12	610	-182	-176	133	182	-993	156	-244	88
1998	-7067	-5069	7325	6500	-622	-7	610	-183	-174	137	183	-991	164	-244	88
2022	-7027	-5179	7212	6536	-673	-62	-800	-184	-172	142	182	-994	144	-218	88
2046	-7037	-5020	7313	6457	-630	55	920	-186	-170	145	186	-990	171	-268	88
2070	-7046	-4969	7324	6401	-688	81	-320	-186	-169	149	186	-988	182	-272	88
2088	-7036	-5031	7253	6401	-715	26	-630	-189	-170	151	186	-990	173	-254	88
2106	-7019	-4985	7273	6387	-716	-68	1040	-189	-170	153	186	-989	179	-280	88
2124	-7022	-4978	7258	6360	-604	133	-310	-192	-169	158	190	-988	182	-269	88
2145	-6989	-5062	7177	6395	-554	54	-290	-192	-166	159	190	-991	167	-256	88
2169	-6988	-4985	7213	6348	-675	114	60	-194	-163	161	188	-989	180	-279	88
2193	-6991	-4941	7221	6302	-728	146	120	-195	-163	161	190	-987	190	-283	88
2211	-6987	-4925	7215	6280	-735	-98	120	-199	-162	165	192	-986	193	-287	88
2232	-6955	-5029	7121	6321	-1037	195	-1480	-201	-160	166	191	-990	175	-266	88
2253	-6949	-5045	7083	6301	-581	82	-280	-201	-159	167	191	-990	174	-265	88
2277	-6938	-4984	7112	6274	-611	-18	-650	-206	-156	172	193	-988	184	-282	88
2295	-6957	-5016	7073	6244	-618	92	-610	-208	-156	170	192	-988	183	-263	88
2313	-6954	-4940	7124	6217	-508	34	950	-207	-157	170	192	-986	195	-300	88
2331	-6970	-4920	7113	6162	-1129	-227	-360	-207	-157	172	191	-985	200	-292	88
2358	-6969	-4843	7152	6119	-718	13	380	-205	-159	174	192	-982	213	-316	88
2382	-6936	-4956	7052	6167	-869	58	-800	-208	-158	176	191	-987	193	-291	88
2406	-6962	-4822	7127	6070	-2371	-391	5420	-206	-159	175	193	-981	218	-335	88
2430	-6910	-4678	7196	6033	-602	141	390	-207	-160	174	193	-978	232	-348	88
2448	-6915	-4667	7196	6016	-706	105	340	-209	-162	174	192	-977	235	-351	88
2466	-6880	-4817	7084	6096	-675	71	-1040	-209	-160	174	190	-983	210	-317	88
2484	-6900	-4789	7096	6055	-640	31	-40	-210	-160	176	189	-982	218	-316	88
2505	-6888	-4751	7120	6052	-684	-35	110	-210	-161	177	190	-981	223	-337	88
2529	-6887	-4632	7199	6005	-643	212	1150	-211	-161	175	189	-976	241	-374	88
2553	-6905	-4551	7244	5944	-827	104	-40	-213	-160	177	187	-972	256	-384	88
2571	-6898	-4549	7238	5942	-672	176	30	-212	-161	177	186	-972	257	-385	88
2595	-6877	-4545	7237	5958	-918	81	220	-214	-160	176	185	-972	256	-398	88
2619	-6868	-4599	7189	5972	-610	68	-520	-216	-159	180	185	-975	248	-380	88
2643	-6881	-4478	7259	5899	-720	124	600	-218	-157	180	184	-969	269	-405	88
2661	-6883	-4441	7282	5881	-614	-22	290	-218	-158	181	183	-967	275	-415	88
2679	-6858	-4469	7259	5911	-656	149	240	-222	-158	182	183	-969	269	-418	88
2697	-6876	-4470	7250	5884	-664	-43	-410	-222	-156	185	182	-968	272	-404	88
2718	-6857	-4348	7332	5856	-659	83	1120	-222	-155	183	180	-963	289	-453	88
2742	-6851	-4163	7447	5779	-592	119	910	-221	-155	183	181	-955	317	-503	88
2763	-6833	-4274	7377	5845	-725	6	-1450	-223	-154	186	179	-960	299	-467	88
2781	-6868	-4261	7370	5787	-610	-9	-100	-223	-154	186	181	-958	306	-464	88
2799	-6855	-4255	7376	5799	-645	287	450	-225	-154	188	182	-958	306	-478	88
2817	-6859	-4084	7474	5710	-713	64	1260	-224	-155	188	182	-949	334	-516	88
2838	-6841	-4110	7460	5742	-694	120	620	-225	-155	189	183	-951	328	-518	88
2856	-6859	-3954	7541	5636	-624	134	650	-224	-151	186	181	-942	355	-539	88
2874	-6832	-4002	7521	5696	-685	25	240	-225	-152	186	180	-946	344	-546	88
2892	-6844	-3984	7524	5666	-713	193	-220	-223	-152	189	180	-944	349	-540	88
2910	-6833	-4052	7484	5709	-611	125	-100	-222	-150	189	179	-948	339	-532	88
2934	-6850	-4037	7484	5674	-660	109	-150	-223	-149	190	180	-946	344	-526	88
2958	-6851	-3955	7528	5628	-667	73	240	-223	-146	188	179	-941	357	-549	88
2976	-6860	-3986	7502	5625	-815	101	-270	-223	-146	189	178	-942	355	-532	88
3000	-6840	-3940	7531	5625	-866	3	990	-224	-145	190	179	-940	359	-563	88
3018	-6846	-3960	7511	5618	-664	141	-700	-221	-144	188	181	-941	358	-541	88
3036	-6841	-3951	7519	5622	-540	43	450	-221	-145	188	179	-941	358	-557	88
3054	-6861	-3901	7532	5557	-902	217	-240	-217	-142	189	180	-937	370	-550	88
3072	-6857	-3886	7540	5553	-644	167	800	-217	-145	189	179	-936	372	-565	88
3093	-6846	-3917	7530	5589	-739	80	-500	-218	-142	188	182	-938	366	-562	88
3117	-6850	-3868	7550	5549	-619	154	200	-217	-142	188	180	-935	375	-577	88
3138	-6846	-3773	7603	5505	-681	65	900	-217	-142	188	179	-929	389	-605	88
3156	-6857	-3757	7604	5475	-712	182	-290	-216	-142	190	180	-928	393	-596	88
3174	-6852	-3786	7592	5499	-1058	252	0	-215	-140	189	177	-930	389	-599	88
3195	-6852	-3833	7553	5510	-550	99	70	-216	-140	192	177	-932	383	-584	88
3219	-6855	-3904	7510	5540	-715	119	-630	-214	-138	191	176	-935	373	-564	88
3237	-6866	-3859	7538	5509	-535	200	440	-216	-140	196	175	-933	382	-580	88
3261	-6854	-3770	7585	5473	-328	13	350	-211	-141	189	170	-926	395	-605	88
3285	-6867	-3784	7568	5458	-863	250	-1780	-210	-136	192	169	-926	396	-587	88
3303	-6867	-3736	7584	5420	-747	269	530	-213	-134	192	171	-922	404	-605	88
3321	-6864	-3758	7575	5439	-628	194	420	-216	-135	194	168	-924	401	-608	88
3339	-6875	-3781	7559	5436	-493	83	-540	-215	-134	194	166	-925	400	-588	88
3357	-6875	-3839	7533	5474	-764	226	-110	-214	-136	195	167	-928	391	-585	88
3378	-6875	-3863	7517	5485	-729	147	-870	-217	-132	192	171	-930	389	-577	88
3402	-6882	-3719	7586	5390	-840	252	290	-218	-132	193	170	-920	412	-607	88
3420	-6860	-3757	7567	5435	-836	266	290	-216	-133	192	167	-923	404	-607	88
3441	-6852	-3692	7602	5408	-612	259	-90	-217	-136	193	165	-919	414	-625	88
3465	-6849	-3645	7631	5390	-462	138	10	-219	-140	197	168	-916	421	-639	88
3483	-6845	-3519	7687	5312	-938	332	810	-220	-137	199	168	-907	440	-661	88
3501	-6837	-3649	7626	5402	-572	216	-430	-221	-135	200	167	-916	421	-636	88
3525	-6834	-3629	7636	5395	-488	24	-540	-220	-128	200	163	-914	425	-640	88
3546	-6843	-3594	7647	5345	-830	537	80	-221	-121	200	157	-910	433	-642	88
3561	-6834	-3602	7644	5372	-712	50	360	-221	-119	201	155	-911	431	-651	88
3579	-6843	-3600	7639	5355	-616	378	-300	-221	-118	199	153	-911	433	-641	88
3597	-6830	-3591	7649	5369	-593	187	470	-221	-114	201	155	-910	434	-656	88
3621	-6838	-3581	7641	5339	-778	307	-260	-222	-112	203	154	-908	438	-648	88
3639	-6838	-3586	7636	5339	-673	195	-10	-221	-112	203	152	-908	438	-648	88
3657	-6804	-3457	7712	5310	-664	252	50	-217	-109	204	152	-901	454	-694	88
3681	-6820	-3475	7694	5295	-685	356	-250	-218	-106	208	152	-900	455	-679	88
3699	-6825	-3514	7670	5307	-681	235	-280	-221	-104	209	151	-902	451	-670	88
3717	-6828	-3646	7611	5389	-612	182	-500	-219	-100	214	152	-911	433	-647	88
3741	-6837	-3584	7642	5344	-594	271	490	-218	-99	213	152	-906	444	-669	88
3759	-6855	-3683	7587	5378	-678	236	-1320	-218	-96	214	153	-911	433	-628	88
3777	-6867	-3748	7549	5397	-680	231	-1320	-221	-95	218	155	-915	426	-628	88
3795	-6890	-3793	7516	5388	-578	217	-540	-221	-97	218	155	-916	423	-609	88
3813	-6887	-3862	7481	5429	-794	181	-90	-222	-97	217	154	-921	413	-600	88
3831	-6895	-3829	7487	5390	-792	186	-90	-220	-96	216	151	-918	419	-600	88
3855	-6889	-3848	7481	5411	-723	232	-60	-222	-97	218	152	-919	417	-606	88
3879	-6898	-3949	7424	5454	-714	172	-700	-218	-101	212	155	-925	404	-575	88
3903	-6911	-3856	7464	5378	-633	173	560	-221	-100	214	159	-918	420	-594	88
3921	-6919	-3910	7437	5400	-575	211	-360	-220	-102	214	158	-921	413	-580	88
3939	-6902	-3874	7452	5393	-291	92	530	-220	-103	214	158	-918	417	-598	88
3963	-6921	-3921	7430	5403	-636	382	40	-220	-107	211	160	-921	413	-580	88
3987	-6919	-3899	7435	5385	-1062	181	-120	-219	-113	210	158	-919	417	-581	88
4005	-6910	-3996	7383	5447	-670	195	-560	-219	-113	210	160	-926	401	-562	88
4026	-6912	-4005	7374	5445	-656	345	-560	-222	-112	210	166	-926	401	-562	88
4050	-6928	-3971	7383	5399	-670	229	-120	-225	-114	209	168	-923	408	-558	88
4074	-6917	-3893	7427	5369	-694	144	-640	-223	-115	209	167	-918	419	-575	88
4092	-6914	-3891	7434	5377	-559	101	330	-227	-114	208	167	-919	418	-586	88
4113	-6921	-3926	7424	5398	-363	187	-160	-226	-115	206	166	-921	413	-577	88
4131	-6944	-3860	7454	5333	-360	192	-160	-225	-116	206	165	-915	426	-577	88
4149	-6942	-3900	7446	5372	-362	189	-160	-227	-118	208	163	-918	420	-577	88
4173	-6941	-3942	7438	5411	-363	187	-160	-227	-121	209	165	-921	413	-577	88
4191	-6962	-3874	7467	5346	-360	192	-160	-225	-120	210	162	-915	426	-577	88
4209	-6959	-3913	7458	5385	-362	189	-160	-227	-123	207	165	-918	420	-577	88
4230	-6961	-3954	7454	5426	-363	187	-160	-229	-121	209	168	-922	413	-577	88
4254	-7005	-3782	7516	5252	-586	-154	0	-230	-122	208	167	-907	444	-575	88
4275	-7004	-3646	7579	5167	-601	138	880	-233	-122	207	168	-898	463	-607	88
4293	-6994	-3602	7598	5146	-733	320	-10	-233	-122	207	170	-896	468	-607	88
4311	-6985	-3730	7530	5225	-779	284	-980	-234	-122	207	167	-904	449	-577	88
4329	-6969	-3513	7629	5101	-816	286	1790	-235	-121	208	166	-889	479	-629	88
4350	-6932	-3497	7645	5138	-659	215	-570	-239	-120	209	164	-890	478	-633	88
4368	-6929	-3403	7675	5064	-756	419	570	-241	-121	208	163	-882	492	-650	88
4386	-6913	-3455	7658	5121	-493	231	-160	-240	-122	210	159	-887	483	-645	88
4410	-6870	-3162	7781	4964	-599	596	1750	-240	-126	209	158	-865	522	-708	88
4434	-6898	-3281	7727	5013	-518	157	-1030	-241	-125	213	158	-874	508	-676	88
4452	-6884	-3232	7751	4999	-699	346	120	-243	-126	214	160	-871	513	-699	88
4476	-6822	-2994	7842	4888	-708	240	1820	-244	-127	217	156	-853	541	-758	88
4497	-6827	-3036	7823	4912	-582	167	-40	-244	-124	216	155	-856	536	-743	88
4515	-6801	2925	7878	4812	-711	383	940	-248	-122	217	158	-843	558	-773	88
4533	-6793	-2946	7852	4874	-584	336	180	-249	-118	218	159	-850	548	-766	88
4551	-6784	2909	7864	4830	-733	388	90	-250	-115	219	152	-844	556	-768	88
4575	-6735	3025	7914	4801	-604	263	730	-249	-101	223	152	-836	569	-809	88
4599	-6709	3102	7934	4757	-597	235	380	-249	-89	223	151	-829	579	-826	88
4620	-6723	2983	7892	4830	-646	480	-1370	-247	-77	226	151	-838	564	-797	88
4638	-6738	2998	7874	4774	-642	485	-1370	-246	-67	230	151	-834	571	-797	88
4656	-6751	2919	7851	4823	-898	409	-2040	-247	-60	235	151	-841	562	-782	88
4674	-6750	3028	7859	4701	-428	419	840	-243	-55	238	150	-828	580	-809	88
4698	-6801	-3103	7747	4903	-901	612	-2670	-239	-46	244	151	-855	540	-732	88
4722	-6851	-3332	7623	4974	-669	398	-1700	-239	-43	246	151	-869	516	-675	88
4743	-6879	-3368	7591	4947	-817	229	-240	-231	-45	255	154	-870	516	-668	88
4761	-6895	-3387	7573	4931	-474	375	-250	-230	-45	257	157	-869	517	-659	88
4779	-6954	-3823	7368	5142	-556	364	0	-229	-47	258	158	-899	462	-559	88
4797	-6988	-3922	7304	5149	-696	317	-1220	-228	-53	256	161	-904	453	-525	88
4821	-7027	-4395	7056	5374	-558	331	-1810	-227	-58	257	165	-933	388	-405	88
4839	-7072	-4354	7057	5282	-553	338	-1810	-227	-63	256	168	-928	402	-405	88
4857	-7089	-4475	6989	5327	-743	174	-730	-223	-70	255	169	-935	386	-382	88
4881	-7108	-4780	6811	5460	-691	212	-1350	-224	-76	252	171	-952	342	-305	88
4899	-7121	-4563	6929	5329	-578	285	1230	-226	-80	248	175	-939	376	-348	88
4917	-7115	-4872	6750	5488	-695	-124	-770	-225	-90	243	175	-956	329	-272	88
4941	-7128	-4900	6727	5483	-680	227	150	-223	-97	238	176	-958	325	-259	88
4959	-7120	-4890	6734	5487	-680	227	150	-225	-98	231	177	-958	325	-259	88
4977	-7115	-5035	6650	5564	-471	48	-100	-224	-104	227	181	-966	302	-223	88
4995	-7126	-5012	6648	5525	-1367	301	-670	-226	-110	224	182	-964	306	-211	88
5013	-7097	-5103	6574	5573	-786	199	-200	-226	-116	219	181	-970	289	-187	88
5034	-7091	-5089	6582	5573	-786	199	-200	-227	-118	216	181	-970	289	-187	88
5052	-7098	-5043	6607	5542	-784	205	-200	-227	-124	211	179	-968	295	-187	88
5070	-7082	-5032	6625	5566	-445	72	210	-228	-128	210	178	-968	293	-197	88
5094	-7095	-4884	6721	5492	-650	237	440	-232	-134	207	176	-961	315	-221	88
5112	-7090	-4838	6755	5485	-707	128	140	-233	-137	204	176	-960	319	-226	88
5130	-7065	-4674	6868	5449	-781	109	880	-233	-140	201	173	-953	340	-278	88
5154	-7062	-4480	6983	5362	-702	140	1430	-239	-144	200	170	-943	366	-314	88
5172	-7038	-4382	7048	5346	-729	247	670	-240	-145	197	171	-939	377	-334	88
5190	-7015	-4265	7119	5316	-497	141	500	-240	-145	194	166	-934	390	-367	88
5214	-6991	-3987	7285	5209	-678	209	1110	-241	-145	193	163	-918	426	-437	88
5232	-6977	-3910	7325	5180	-662	159	70	-245	-143	193	160	-913	435	-439	88
5250	-6964	-3934	7323	5220	-663	154	70	-244	-142	191	157	-916	429	-439	88
5268	-6947	-3750	7418	5132	-704	242	1090	-245	-138	192	155	-905	453	-472	88
5286	-6899	-3535	7531	5060	-739	267	580	-244	-138	189	153	-891	478	-534	88
5304	-6895	-3433	7576	4998	-756	174	300	-243	-135	193	150	-884	493	-543	88
5328	-6853	-3235	7667	4914	-646	175	640	-242	-131	195	147	-870	516	-596	88
5352	-6827	-3095	7740	4861	-503	154	1110	-243	-131	196	144	-861	533	-628	88
5373	-6766	3038	7875	4690	-468	247	2580	-242	-130	197	143	-834	574	-712	88
5391	-6779	2983	7852	4716	-660	289	-1120	-243	-125	198	143	-838	568	-677	88
5409	-6747	3153	7911	4618	-669	207	1240	-242	-117	201	140	-823	589	-724	88
5433	-6737	3234	7934	4559	-679	315	-20	-237	-103	203	139	-815	600	-725	88
5451	-6738	3227	7930	4561	-679	315	-20	-237	-90	207	140	-815	600	-725	88
5472	-6738	3213	7921	4566	-554	187	150	-230	-80	209	137	-815	600	-727	88
5496	-6770	3178	7916	4567	-735	274	-270	-223	-68	215	138	-817	599	-718	88
5520	-6836	2935	7814	4665	-545	254	-1700	-215	-61	217	138	-834	574	-647	88
5538	-6896	-2970	7751	4653	-720	291	-1250	-211	-57	220	143	-839	567	-612	88
5556	-6958	-3267	7631	4799	-490	285	-1700	-206	-56	222	142	-861	532	-550	88
5646	-7219	-4192	7162	5073	-595	177	-2270	-190	-60	219	154	-917	431	-294	88
5670	-7266	-4307	7088	5074	-722	226	-840	-185	-68	213	158	-921	420	-269	88
5688	-7285	-4548	6963	5193	-601	203	-600	-186	-71	210	160	-936	386	-206	88
5709	-7311	-4500	6997	5149	-360	88	450	-186	-75	210	159	-933	396	-220	88
5733	-7333	-4588	6948	5174	-590	371	930	-188	-83	203	156	-937	386	-186	88
5751	-7359	-4617	6933	5165	-554	-71	-600	-188	-84	198	154	-938	383	-168	88
5769	-7359	-4727	6885	5238	-685	78	-1580	-191	-88	195	155	-945	366	-144	88
5793	-7371	-4634	6929	5170	-599	185	-80	-191	-93	192	151	-939	380	-150	88
5906	-7356	-4350	7092	5047	-592	60	1250	-200	-114	171	143	-924	415	-184	88
5924	-7376	-4230	7149	4954	-584	156	-180	-199	-119	170	141	-916	434	-178	88
5948	-7346	-4064	7258	4917	-508	83	1580	-201	-121	164	141	-907	453	-233	88
5969	-7342	-3968	7311	4872	-661	179	-160	-203	-127	161	139	-901	465	-239	88
5987	-7327	-3729	7412	4725	-713	49	1190	-205	-128	160	139	-883	498	-276	88
6005	-7283	-3534	7510	4655	-327	-29	-80	-203	-127	157	138	-870	520	-321	88
6029	-7251	-3278	7622	4518	-855	239	2220	-207	-130	157	136	-850	552	-368	88
6047	-7217	-3025	7702	4351	-598	44	1470	-208	-130	160	136	-828	585	-405	88
6065	-7196	-3042	7723	4416	-599	40	1470	-209	-130	157	132	-833	578	-405	88
6083	-7167	2939	7785	4305	-437	115	750	-209	-124	158	132	-816	601	-430	88
6107	-7092	3300	7891	4078	-690	142	840	-212	-116	160	133	-782	645	-494	88
6131	-7038	3464	7939	3994	-518	42	-780	-211	-102	162	126	-766	664	-515	88
6161	-7011	3710	7967	3762	-658	278	940	-209	-81	169	123	-736	697	-542	88
6185	-6967	3840	7996	3683	-434	231	-290	-205	-71	175	122	-722	712	-561	88
6203	-6889	4087	8030	3507	-391	201	1480	-202	-63	179	121	-693	740	-609	88
6227	-6944	3964	7981	3537	-611	348	-800	-199	-49	187	119	-701	732	-562	88
6245	-6980	3956	7939	3459	-437	221	-1030	-192	-46	188	119	-696	737	-531	88
6263	-7003	3898	7929	3492	-412	189	-30	-187	-40	193	122	-700	733	-530	88
6284	-7116	3684	7845	3528	-630	305	-300	-187	-38	195	123	-716	718	-447	88
6311	-7193	3601	7781	3472	-629	331	380	-182	-30	199	122	-716	717	-403	88
6335	-7334	3231	7670	3633	-392	192	-1450	-176	-25	199	124	-749	683	-290	88
6353	-7406	3084	7607	3658	-542	306	-1340	-172	-24	200	127	-758	672	-246	88
6377	-7533	-2990	7499	3727	-277	175	-850	-169	-24	201	126	-779	650	-161	88
6401	-7682	-3156	7359	3606	-472	171	-1290	-162	-21	201	131	-780	648	0	88
6419	-7714	-3214	7331	3609	-450	134	-1590	-158	-24	200	134	-783	643	0	88
6437	-7750	-3576	7271	3928	-397	431	-3720	-156	-28	197	135	-822	593	0	88
6461	-7790	-3432	7261	3708	-402	117	710	-156	-36	195	134	-800	621	0	88
6479	-7798	-3532	7250	3804	-455	185	-1380	-154	-39	195	135	-811	607	0	88
6500	-7824	-3505	7244	3740	-494	93	-760	-161	-44	190	132	-806	614	0	88
6518	-7975	-3676	7098	3618	-373	278	-960	-159	-48	187	132	-808	611	181	88
6536	-7992	-3610	7088	3513	-575	18	-650	-163	-53	184	129	-798	623	197	88
6560	-7997	-3496	7100	3388	-369	374	1160	-168	-59	180	127	-784	641	207	88
6578	-7989	-3300	7103	3170	-602	78	-530	-169	-64	177	122	-759	669	224	88
6602	-7542	3053	6799	-3190	-645	258	190	-175	-71	173	120	-646	695	217	88
6620	-7399	3511	6782	-3605	-484	87	640	-181	-76	170	114	-584	746	198	88
6638	-7325	3688	6788	-3732	-418	264	390	-188	-76	168	102	-561	763	186	88
6659	-6363	4802	6314	-4637	-458	135	1610	-190	-73	163	96	-354	805	0	88
6683	-6302	4874	6350	-4617	-458	139	1610	-196	-68	154	74	-348	807	0	88
6701	-6007	5299	6175	-5027	-214	167	580	-198	-62	154	68	-268	834	0	88
6725	-3239	6428	3723	-6473	-311	428	490	-193	-49	145	49	200	649	0	88
6743	3718	6752	-3091	-6890	-277	144	590	-185	-45	140	33	378	550	0	88
6761	5147	6316	-4293	-6361	-362	619	2060	-174	-41	136	22	480	298	-151	88
6782	6194	5761	-5275	-5812	-277	384	2410	-160	-40	126	8	538	80	-215	88
6806	6493	5486	-5520	-5472	-107	347	-400	-134	-26	110	-20	538	1	-202	88
6824	6803	4745	-5906	-4738	48	566	390	-119	-16	100	-35	495	-149	-216	88
6845	6768	4819	-5837	-4773	-166	4	-250	-119	-16	100	-35	501	-131	-208	88
6875	6777	4609	-5888	-4569	203	142	10	-77	9	68	-45	488	-167	-208	88
6899	6816	4239	-5985	-4203	73	241	1590	-57	14	61	-44	460	-230	-219	88
6923	6804	3921	-6015	-3871	67	77	1000	-36	24	43	-49	430	-279	-229	88
6947	6740	3657	-6023	-3631	139	2	-420	-15	32	25	-49	404	-313	-208	88
6965	6644	3348	-6032	-3370	171	70	-520	-4	37	15	-49	370	-349	-187	88
6986	6591	3172	-5957	-3127	121	-6	610	8	38	6	-51	344	-373	-226	88
7016	6001	-3054	-5596	3013	347	-28	-1290	20	42	-4	-51	250	-365	-154	88
7034	5575	-3731	-5307	3725	247	-138	-940	33	43	-16	-50	130	-415	-152	88
7058	4890	-4324	-4768	4372	266	-25	220	41	37	-25	-44	-9	-421	-151	88
7076	4852	-4337	-4739	4385	266	-27	220	46	34	-35	-42	-9	-421	-151	88
7097	4295	-4632	-4230	4774	29	-59	1000	52	29	-40	-37	-108	-397	-168	88
7121	3620	-4808	-3644	4997	290	-93	-820	55	22	-44	-29	-202	-341	-139	88
7139	2992	-4860	-3076	5100	114	-83	670	58	19	-47	-27	-279	-271	-135	88
7157	-3178	-4585	2929	4648	-11	-284	-1040	57	21	-45	-26	-266	-183	0	88
7181	-3679	-4395	3417	4497	182	-122	-240	50	20	-40	-17	-300	-94	0	88
7199	-3949	-4215	3694	4340	259	-53	-790	47	21	-39	-13	-310	-35	0	88
7217	-4147	-4026	3895	4154	-16	-228	550	38	21	-36	-8	-308	16	0	88
7232	-4185	-3985	3937	4117	0	-56	-270	37	24	-32	-5	-307	25	0	88
7250	-4336	-3728	4099	3852	-19	-274	0	33	15	-29	-2	-292	80	0	88
7268	-4351	-3734	4110	3855	-17	16	60	28	9	-25	-2	-293	80	0	88
7292	-4376	-3700	4144	3829	-23	-16	840	16	1	-23	0	-291	87	0	88
7310	-4367	-3684	4162	3840	-41	26	750	10	-4	-20	3	-290	87	0	88
7328	-4273	-3511	4313	3907	-24	28	260	1	-8	-17	4	-287	98	-139	88
7346	-4278	-3434	4358	3862	-227	42	410	-1	-10	-16	4	-282	109	-150	88
7364	-4249	-3252	4441	3775	-148	-87	490	-8	-15	-13	6	-269	131	-200	88
7382	-4230	-3172	4488	3754	6	-19	510	-15	-23	-11	7	-264	140	-217	88
7397	-4227	-3164	4499	3760	-56	29	0	-20	-25	-12	6	-264	140	-217	88
7421	-3742	3224	4231	3235	-268	-67	870	-25	-29	-10	7	-152	165	-274	88
7439	-3682	3372	4252	3145	-11	-62	800	-28	-31	-8	8	-136	178	-298	88
7457	-3583	3586	4204	2935	-14	1	70	-30	-27	-7	9	-101	197	-302	88
7475	3495	3343	2961	3035	-181	-58	680	-29	-27	-6	8	28	-4	-322	88
7493	3505	3356	2970	3041	-181	-57	680	-29	-27	-6	9	28	-5	-322	88
7514	3904	3614	-3024	2905	-144	-83	970	-25	-23	-5	8	87	-20	-410	88
7532	4194	3780	-3305	-3130	-5	29	-390	-23	-21	-6	6	146	-32	-398	88
7550	4308	3858	-3453	-3281	41	-29	-1000	-19	-22	-8	8	176	-35	-375	88
7568	4602	4026	-3728	-3511	38	63	840	-12	-23	-7	9	235	-48	-381	88
7586	4728	4106	-3870	-3646	55	-55	-990	-3	-13	-10	9	264	-51	-351	88
7604	4845	4171	-4023	-3786	31	-36	-430	2	-9	-13	13	294	-57	-336	88
7622	4933	4242	-4176	-3963	128	113	-1210	6	-3	-13	8	324	-57	-302	88
7637	5288	4430	-4420	-4116	84	45	1430	10	-1	-17	5	382	-75	-355	88
7661	5561	4630	-4669	-4373	208	-70	190	16	6	-16	-2	442	-80	-342	88
7679	5682	4715	-4799	-4504	156	31	-310	23	12	-18	-4	472	-83	-333	88
7697	5816	4794	-4932	-4621	156	31	-310	25	17	-18	-8	502	-89	-333	88
7715	5853	4880	-5079	-4857	58	-10	-2060	29	21	-20	-14	534	-80	-266	88
7730	6043	4939	-5222	-4905	147	38	1220	33	23	-22	-15	561	-96	-306	88
7751	6244	5144	-5473	-5240	73	11	-190	39	28	-26	-19	623	-91	-261	88
7769	6378	5248	-5584	-5358	269	84	170	42	31	-27	-23	653	-92	-267	88
7787	6602	5457	-5829	-5670	190	-243	-140	48	36	-29	-28	714	-89	-238	88
7805	6643	5582	-5930	-5894	301	-70	-1350	51	39	-30	-29	746	-76	-197	88
7823	6737	5676	-6050	-6051	202	43	-440	58	43	-36	-36	776	-74	-183	88
7847	6987	5872	-6292	-6316	162	-43	-690	64	50	-40	-42	836	-76	-175	88
7865	7197	6101	-6515	-6639	263	-62	-510	70	53	-44	-46	898	-69	-147	88
7883	7342	6187	-6639	-6739	73	15	270	76	55	-50	-49	927	-75	-155	88
7901	7296	6261	-6792	-7052	244	-12	-1340	77	59	-52	-54	959	-55	0	88
7919	7413	6342	-6916	-7176	431	4	-360	85	65	-58	-61	989	-58	0	88
7937	7418	6402	-6912	-7237	313	-123	-350	88	68	-59	-67	999	-49	0	88
7955	7378	6406	-6886	-7250	437	21	-740	93	72	-65	-73	999	-44	0	88
7979	7345	6392	-6867	-7242	330	-88	-40	102	78	-77	-84	1000	-42	0	88
7997	7295	6421	-6816	-7266	363	-106	-170	102	79	-78	-84	1000	-32	0	88
8021	7221	6451	-6752	-7299	424	-76	-690	113	87	-89	-104	1000	-18	0	88
8039	7226	6411	-6763	-7258	418	-19	-10	118	92	-91	-109	1000	-25	0	88
8057	7119	6502	-6646	-7333	263	-200	-1050	122	94	-98	-117	1001	1	0	88
8075	7145	6464	-6665	-7284	458	-129	1060	126	97	-103	-122	1001	-8	0	88
8093	7131	6444	-6652	-7258	605	-121	-270	132	103	-108	-128	1001	-10	0	88
8117	7077	6457	-6597	-7261	398	-26	80	137	106	-112	-136	1002	-2	0	88
8135	7017	6506	-6522	-7288	480	-53	-910	141	107	-115	-138	1001	12	0	88
8153	6984	6515	-6482	-7283	714	-82	-1400	148	110	-125	-146	1001	17	0	88
8177	6890	6538	-6415	-7324	278	-106	-790	153	111	-129	-147	1001	32	0	88
8195	6875	6517	-6408	-7303	426	-217	600	155	113	-133	-147	1001	30	0	88
8219	6886	6489	-6401	-7251	675	-121	200	159	115	-137	-151	1001	23	0	88
8237	6830	6518	-6336	-7265	586	-41	-650	161	118	-143	-152	1001	34	0	88
8255	6878	6436	-6395	-7188	475	-85	360	166	120	-147	-155	1001	15	0	88
8279	6792	6494	-6296	-7225	640	-7	300	169	119	-151	-157	1001	34	0	88
8297	6789	6468	-6292	-7193	688	-96	-260	171	118	-153	-161	1001	30	0	88
8318	6785	6448	-6282	-7160	522	-299	790	175	122	-156	-158	1001	26	0	88
8336	6760	6455	-6245	-7151	463	-96	-230	181	123	-163	-161	1001	30	0	88
8354	6840	6349	-6332	-7048	602	-125	690	181	125	-163	-161	1002	3	0	88
8378	6693	6463	-6172	-7141	744	-109	-2390	184	128	-166	-164	1001	38	0	88
8393	6676	6406	-6207	-7132	743	-114	-2390	187	129	-168	-166	1001	31	0	88
8417	6667	6378	-6201	-7101	916	99	40	190	131	-171	-167	1001	28	0	88
8435	6642	6384	-6170	-7096	782	-86	-50	192	134	-173	-168	1001	31	0	88
8453	6741	6265	-6272	-6978	727	-60	1470	193	136	-174	-170	1003	0	0	88
8477	6688	6320	-6182	-6991	633	-168	-130	197	142	-179	-171	1003	15	0	88
8495	6699	6282	-6196	-6952	811	-150	130	198	143	-181	-174	1003	7	0	88
8519	6674	6284	-6161	-6940	594	-10	200	201	142	-183	-175	1003	10	0	88
8537	6574	6351	-6068	-7011	789	-105	-1890	204	145	-186	-179	1002	33	0	88
8561	6551	6345	-6046	-7002	707	-128	-510	206	143	-184	-183	1002	34	0	88
8579	6578	6307	-6063	-6949	586	38	-80	207	145	-185	-184	1002	24	0	88
8597	6623	6248	-6107	-6887	586	34	-80	207	147	-189	-186	1003	10	0	88
8615	6580	6272	-6065	-6909	643	-118	-530	209	148	-192	-185	1003	19	0	88
8636	6591	6257	-6058	-6873	692	-105	1400	210	150	-197	-189	1003	15	0	88
8654	6581	6247	-6044	-6855	664	-176	-10	214	152	-197	-190	1003	14	0	88
8678	6554	6252	-6016	-6856	714	-111	280	214	154	-199	-193	1003	17	0	88
8702	6548	6242	-6000	-6832	779	-31	50	220	154	-200	-193	1003	16	0	88
8720	6503	6270	-5952	-6854	657	-100	-600	220	156	-200	-193	1003	26	0	88
8738	6503	6241	-5965	-6835	755	-174	-90	222	157	-201	-193	1003	21	0	88
8762	6522	6209	-5974	-6791	768	-96	180	224	158	-203	-195	1003	13	0	88
8786	6531	6172	-5991	-6758	735	-51	260	224	159	-202	-195	1003	6	0	88
8804	6555	6141	-6010	-6720	865	-85	750	224	162	-204	-198	1003	-1	0	88
8828	6548	6132	-5994	-6699	756	-197	-350	224	158	-203	-198	1003	-2	0	88
8846	6529	6140	-5971	-6701	742	-161	310	225	160	-204	-200	1003	1	0	88
8867	6518	6134	-5962	-6694	662	-94	-450	224	161	-203	-202	1003	1	0	88
8885	6525	6109	-5974	-6672	747	-210	1020	226	161	-203	-204	1003	-3	0	88
8906	6499	6137	-5928	-6677	854	-74	70	229	163	-206	-205	1003	3	0	88
8924	6499	6119	-5933	-6660	664	-166	-250	230	161	-208	-200	1003	0	0	88
8948	6492	6106	-5934	-6655	867	-127	700	229	162	-209	-199	1003	-1	0	88
8966	6487	6103	-5922	-6643	780	-59	-390	230	161	-213	-200	1003	-1	0	88
8990	6445	6126	-5884	-6667	756	-116	-430	230	161	-212	-200	1003	6	0	88
9008	6458	6099	-5902	-6644	672	-125	340	231	162	-213	-199	1003	0	0	88
9032	6421	6127	-5859	-6665	731	-47	-670	232	166	-214	-205	1003	8	0	88
9050	6406	6131	-5844	-6668	801	-59	-190	231	168	-213	-208	1003	10	0	88
9074	6437	6097	-5865	-6622	748	-203	-310	229	172	-215	-211	1004	1	0	88
9098	6466	6045	-5904	-6580	704	-144	300	230	166	-215	-209	1004	-11	0	88
9116	6445	6055	-5884	-6590	790	-162	-140	231	164	-216	-204	1004	-7	0	88
9140	6442	6039	-5889	-6581	769	-179	560	230	161	-213	-202	1004	-10	0	88
9158	6447	6040	-5881	-6568	723	-159	520	233	158	-214	-202	1004	-11	0	88
9182	6428	6055	-5858	-6577	682	-211	-270	231	157	-214	-202	1004	-7	0	88
9200	6505	5963	-5940	-6488	783	-111	490	234	157	-215	-202	1003	-31	0	88
9218	6620	6092	-5807	-6369	705	-124	970	234	153	-215	-197	1004	-29	-157	88
9236	6645	6056	-5839	-6339	592	-217	-270	230	152	-217	-195	1003	-38	-147	88
9254	6649	6088	-5809	-6337	1219	-260	750	229	148	-217	-196	1004	-35	-175	88
9278	6675	6068	-5805	-6283	672	-110	520	230	148	-215	-193	1003	-43	-193	88
9296	6694	6046	-5817	-6253	647	-226	-10	231	145	-217	-191	1002	-49	-192	88
9314	6760	6044	-5815	-6182	646	-146	1380	229	144	-216	-190	1002	-59	-226	88
9332	6782	6038	-5820	-6159	714	-119	-160	231	145	-215	-186	1001	-63	-221	88
9350	6718	6083	-5779	-6228	765	-227	-390	231	144	-215	-187	1002	-48	-209	88
9371	6688	6094	-5774	-6264	735	-46	530	230	146	-212	-184	1003	-43	-202	88
9407	6634	6094	-5771	-6316	733	-81	-190	229	148	-212	-180	1003	-37	-180	88
9434	6555	6152	-5715	-6399	736	-140	-680	230	151	-211	-180	1004	-18	-163	88
9452	6383	6048	-5815	-6568	838	-100	-1110	231	152	-210	-181	1004	-9	0	88
9470	6548	6140	-5722	-6402	746	-125	150	229	151	-208	-181	1004	-19	-170	88
9488	6475	6147	-5714	-6475	716	-176	-1120	231	156	-208	-180	1004	-8	-136	88
9509	6415	6170	-5691	-6536	989	-433	290	231	156	-206	-181	1004	2	-135	88
9533	6249	6108	-5738	-6686	668	-22	-1150	234	158	-205	-180	1004	14	0	88
9557	6190	6134	-5712	-6745	774	5	-710	234	157	-200	-179	1004	28	0	88
9575	6184	6121	-5722	-6748	774	5	-710	233	155	-201	-177	1004	28	0	88
9593	6292	6009	-5841	-6647	526	-351	1180	233	155	-198	-177	1005	-3	0	88
9617	6078	6221	-5617	-6848	823	-103	-520	232	156	-197	-178	1003	57	0	88
9641	6076	6212	-5623	-6847	706	46	0	227	156	-196	-178	1003	57	0	88
9665	6016	6246	-5577	-6892	626	-83	-500	225	157	-193	-177	1002	69	0	88
9683	6051	6220	-5611	-6867	719	-132	580	222	159	-193	-179	1002	61	0	88
9698	6023	6242	-5585	-6891	736	-200	-460	221	158	-193	-180	1002	68	0	88
9716	6041	6238	-5593	-6877	828	30	650	218	161	-190	-183	1002	66	0	88
9740	6073	6232	-5597	-6844	585	-81	-220	213	163	-190	-187	1002	63	0	88
9770	6075	6248	-5583	-6845	722	-38	-210	210	168	-187	-191	1002	67	0	88
9788	6075	6244	-5586	-6845	707	21	-470	209	166	-186	-194	1002	68	0	88
9812	6087	6239	-5594	-6837	553	185	660	207	165	-185	-195	1002	66	0	88
9836	6125	6229	-5612	-6808	586	-134	300	206	165	-183	-196	1003	61	0	88
9860	6152	6219	-5629	-6790	665	8	-100	203	163	-182	-197	1003	57	0	88
9878	6079	6259	-5580	-6852	810	-116	-1580	201	163	-180	-199	1002	73	0	88
9902	6208	6170	-5687	-6745	656	-78	900	200	163	-182	-198	1004	44	0	88
9926	6206	6191	-5666	-6745	822	-104	-220	198	163	-183	-197	1004	48	0	88
9944	6223	6169	-5686	-6726	761	37	-90	197	165	-181	-198	1004	43	0	88
9968	6204	6214	-5642	-6746	738	-237	-770	197	165	-180	-199	1004	54	0	88
9986	6173	6228	-5627	-6777	655	-100	-730	198	165	-183	-199	1004	60	0	88
10010	6218	6180	-5678	-6736	763	101	980	200	167	-184	-201	1005	48	0	88
10028	6271	6146	-5714	-6685	871	120	730	202	167	-182	-203	1004	36	0	88
10052	6154	6266	-5581	-6788	766	-7	-810	199	169	-184	-200	1002	71	0	88
10076	6198	6214	-5638	-6749	792	-178	500	201	167	-185	-202	1004	58	0	88
10094	6300	6159	-5705	-6662	536	-38	1710	200	167	-183	-200	1005	36	0	88
10115	6408	6265	-5588	-6541	1614	-249	-440	199	165	-187	-206	1005	36	-135	88
10139	6223	6184	-5645	-6697	956	-15	-1570	198	162	-186	-206	1004	51	0	88
10163	6415	6212	-5629	-6520	675	-127	1110	198	160	-186	-203	1005	29	-134	88
10181	6470	6205	-5642	-6472	668	-254	710	197	159	-186	-201	1006	20	-148	88
10205	6502	6215	-5648	-6454	839	-109	1730	198	159	-190	-201	1006	17	-179	88
10229	6583	6192	-5669	-6371	751	-90	410	200	159	-189	-203	1006	3	-192	88
10253	6621	6184	-5682	-6338	637	-63	290	200	161	-188	-202	1006	-2	-205	88
10271	6633	6186	-5683	-6330	689	-155	1520	204	161	-188	-202	1006	-3	-225	88
10295	6680	6188	-5680	-6283	538	8	-440	206	161	-189	-198	1006	-9	-235	88
10319	6596	6227	-5650	-6378	951	-184	-1680	207	163	-186	-198	1006	8	-204	88
10337	6558	6201	-5668	-6404	950	-192	-1680	208	164	-186	-196	1006	8	-204	88
10361	6465	6215	-5651	-6496	918	55	-430	210	166	-182	-194	1006	22	-178	88
10376	6411	6217	-5638	-6536	692	-326	-680	210	166	-182	-194	1005	30	-156	88
10394	6365	6236	-5618	-6580	694	-321	-680	215	171	-181	-194	1005	37	-156	88
10418	6389	6217	-5647	-6568	585	-306	-60	215	170	-181	-195	1006	30	-161	88
10436	6253	6108	-5758	-6706	617	1	-190	220	171	-180	-198	1006	34	0	88
10460	6002	6313	-5518	-6914	821	-21	-1580	221	173	-174	-201	1001	97	0	88
10478	5972	6302	-5524	-6936	570	64	-640	220	173	-174	-198	1001	100	0	88
10496	6000	6302	-5534	-6920	949	-145	-1750	219	173	-177	-197	1002	97	0	88
10520	5987	6272	-5561	-6928	608	-111	210	219	175	-176	-196	1002	94	0	88
10541	5835	6363	-5441	-7045	782	-43	-1960	221	176	-176	-198	999	128	0	88
10565	5762	6395	-5385	-7088	509	-58	-1050	221	176	-177	-201	996	143	0	88
10583	5792	6365	-5431	-7075	678	-145	700	217	180	-176	-204	997	135	0	88
10607	5655	6474	-5282	-7166	798	-99	-1610	218	182	-179	-204	992	170	0	88
10631	5599	6488	-5248	-7198	356	223	790	214	182	-176	-205	990	178	0	88
10655	5690	6469	-5293	-7137	637	-31	-620	215	181	-176	-202	993	166	0	88
10679	5512	6592	-5108	-7243	671	185	-1720	214	182	-176	-201	985	207	0	88
10697	5533	6561	-5141	-7225	802	-53	40	212	182	-177	-204	986	201	0	88
10718	5610	6519	-5210	-7179	586	121	1340	209	181	-175	-204	989	185	0	88
10742	5648	6528	-5208	-7150	793	-169	420	204	182	-173	-206	990	183	0	88
10760	5597	6560	-5148	-7169	890	-1	-630	204	181	-173	-210	987	194	0	88
10784	5498	6626	-5041	-7219	907	40	-240	201	181	-173	-211	983	219	0	88
10808	5634	6554	-5160	-7139	880	-63	-320	200	186	-173	-213	989	191	0	88
10832	5518	6623	-5038	-7192	669	122	-1590	195	188	-171	-214	983	218	0	88
10856	5669	6558	-5164	-7114	825	-188	750	194	193	-170	-220	989	191	0	88
10874	5684	6557	-5160	-7094	831	189	-390	195	198	-169	-227	989	189	0	88
10898	5508	6665	-4977	-7183	715	139	-120	193	198	-171	-220	980	230	0	88
10928	5613	6630	-5051	-7127	771	77	-170	194	202	-169	-224	984	213	0	88
10952	5543	6655	-4992	-7157	909	72	-890	192	201	-166	-224	981	228	0	88
10976	5583	6618	-5044	-7136	520	-38	2870	195	202	-165	-227	983	218	0	88
11000	5515	6694	-4927	-7157	825	-113	-1120	193	197	-162	-226	978	240	0	88
11018	5466	6698	-4906	-7185	825	-113	-1120	195	198	-166	-223	976	247	0	88
11042	5446	6683	-4923	-7207	826	-107	-1120	194	197	-165	-222	977	247	0	88
11066	5424	6664	-4936	-7223	826	-107	-1120	194	196	-163	-221	977	247	0	88
11087	5406	6650	-4947	-7236	826	-107	-1120	195	195	-163	-220	977	247	0	88
11117	5412	6610	-4993	-7238	825	-113	-1120	197	197	-164	-223	979	240	0	88
11141	5718	6410	-5303	-7061	705	-41	280	197	199	-166	-223	993	174	0	88
11159	5725	6421	-5292	-7053	705	-41	280	197	199	-168	-225	993	175	0	88
11183	5742	6415	-5291	-7029	751	23	1100	197	199	-169	-227	992	173	0	88
11207	5766	6424	-5285	-7008	874	38	-430	198	199	-172	-229	993	172	0	88
11228	5659	6473	-5198	-7072	752	82	260	199	197	-172	-230	989	193	0	88
11252	5710	6454	-5234	-7041	877	226	970	200	196	-173	-229	991	185	0	88
11270	5692	6483	-5185	-7035	711	-70	-310	201	197	-173	-230	989	192	0	88
11291	5770	6449	-5240	-6981	856	52	130	201	197	-176	-231	992	178	0	88
11315	5737	6478	-5191	-6990	793	24	-390	202	196	-177	-232	990	186	0	88
11333	5735	6475	-5191	-6988	694	63	-420	203	195	-177	-233	990	186	0	88
11357	5755	6477	-5194	-6974	710	-5	700	203	195	-181	-231	991	185	0	88
11375	5753	6492	-5175	-6972	775	87	-110	203	196	-179	-231	990	188	0	88
11399	5811	6459	-5229	-6933	788	-125	660	205	69	-53	-105	992	175	0	88
11423	5792	6457	-5230	-6948	744	158	570	207	199	-183	-232	992	177	0	88
11447	5823	6452	-5240	-6924	631	8	220	205	198	-185	-235	993	173	0	88
11465	5844	6447	-5243	-6901	1002	-95	990	207	201	-185	-235	994	169	0	88
11483	5705	6551	-5087	-6979	687	37	-2490	207	199	-184	-235	988	202	0	88
11495	5697	6517	-5122	-6989	770	16	840	206	199	-184	-235	988	198	0	88
11519	5727	6524	-5118	-6964	879	43	-150	206	201	-182	-235	989	197	0	88
11543	5705	6529	-5098	-6967	633	-26	280	206	200	-179	-236	988	201	0	88
11567	5742	6517	-5124	-6948	633	-31	280	208	200	-178	-236	989	194	0	88
11591	5797	6469	-5189	-6912	661	77	1620	209	203	-180	-234	992	180	0	88
11609	5709	6543	-5079	-6959	840	102	40	208	202	-176	-234	988	203	0	88
11627	5703	6550	-5070	-6961	845	-50	100	208	202	-176	-234	988	205	0	88
11645	5717	6535	-5084	-6946	770	40	350	209	207	-179	-235	988	201	0	88
11663	5784	6491	-5147	-6902	667	187	30	206	207	-177	-232	991	186	0	88
11687	5763	6507	-5122	-6913	1054	53	410	207	209	-178	-233	990	192	0	88
11711	5600	6615	-4948	-7000	678	177	-1120	207	208	-176	-231	982	229	0	88
11732	5650	6573	-5007	-6971	750	42	900	208	208	-175	-232	985	218	0	88
11750	5579	6609	-4946	-7013	947	122	840	205	208	-173	-232	981	232	0	88
11774	5563	6641	-4895	-7006	788	26	110	206	210	-174	-234	980	240	0	88
11792	5598	6617	-4931	-6988	788	19	110	207	208	-172	-234	982	232	0	88
11816	5568	6628	-4889	-6979	688	13	480	203	209	-169	-234	980	238	0	88
11834	5475	6675	-4799	-7024	936	89	-1020	201	208	-169	-235	975	258	0	88
11858	5441	6694	-4765	-7039	794	114	-350	201	211	-167	-237	973	267	0	88
11876	5456	6676	-4790	-7032	795	107	-350	198	211	-166	-237	974	263	0	88
11900	5474	6675	-4801	-7028	646	45	270	196	214	-164	-239	974	261	0	88
11918	5532	6651	-4852	-7001	900	35	50	192	215	-163	-239	977	250	0	88
11936	5626	6594	-4945	-6949	758	19	1100	193	218	-161	-241	982	230	0	88
11960	5440	6696	-4758	-7037	669	60	-170	192	219	-162	-242	972	271	0	88
11978	5476	6673	-4802	-7025	669	55	-170	191	219	-161	-241	974	263	0	88
12002	5458	6695	-4777	-7041	584	70	120	192	217	-161	-243	973	270	0	88
12020	5498	6668	-4809	-7008	908	-15	0	191	218	-158	-242	974	262	0	88
12041	5419	6715	-4728	-7046	758	43	-330	190	216	-158	-241	970	279	0	88
12059	5387	6730	-4703	-7067	559	143	-280	190	219	-159	-242	968	286	0	88
12074	5386	6731	-4706	-7073	811	47	-320	190	218	-160	-242	968	287	0	88
12098	5383	6736	-4688	-7062	898	118	-300	190	217	-158	-240	967	289	0	88
12116	5384	6727	-4697	-7060	679	117	-270	189	218	-158	-242	967	288	0	88
12137	5400	6730	-4700	-7051	962	350	-600	190	217	-158	-242	967	287	0	88
12155	5344	6747	-4657	-7078	598	-33	-760	188	222	-159	-243	964	298	0	88
12179	5302	6763	-4606	-7080	1045	45	460	187	223	-159	-248	961	306	0	88
12200	5315	6758	-4625	-7084	799	86	23	198	220	-159	-250	960	310	0	88
12221	5231	6806	-4532	-7115	645	154	-70	189	221	-159	-248	957	322	0	88
12239	5209	6818	-4506	-7120	722	-45	260	186	218	-162	-247	954	327	0	88
12263	5234	6811	-4527	-7112	709	206	340	187	218	-158	-247	956	323	0	88
12281	5169	6849	-4454	-7134	922	-110	80	188	217	-158	-247	951	337	0	88
12299	5154	6852	-4441	-7138	829	73	-130	189	215	-162	-248	950	339	0	88
12323	4962	6946	-4235	-7198	661	40	-150	189	214	-163	-243	935	379	0	88
12353	4903	6974	-4170	-7213	824	-15	560	190	214	-163	-242	930	390	0	88
12371	4832	7008	-4094	-7235	645	4	-120	191	214	-162	-241	924	404	0	88
12395	4741	7036	-4015	-7267	787	84	-650	192	212	-163	-238	917	420	0	88
12431	4558	7112	-3815	-7304	610	134	-150	192	211	-161	-233	900	455	0	88
12449	4381	7153	-3655	-7342	861	-157	-960	190	211	-158	-232	884	484	0	88
12473	4125	7210	-3402	-7366	825	126	-770	190	211	-155	-233	859	526	0	88
12491	3952	7250	-3225	-7379	643	208	-190	187	209	-153	-233	840	555	0	88
12515	3468	6983	3007	-7038	715	22	-40	184	211	-150	-234	749	578	0	88
12533	3330	6997	3142	-7034	726	225	-160	182	213	-149	-235	733	599	0	88
12551	3139	7008	3330	-7015	730	30	160	180	211	-141	-232	709	625	0	88
12569	-3151	6679	3758	-6616	935	53	580	175	216	-128	-231	609	639	0	88
12590	-3544	6326	4098	-6192	794	247	-710	166	219	-115	-227	519	636	0	88
12608	-3823	5952	4297	-5796	692	138	-310	151	222	-106	-226	444	618	0	88
12629	-4481	5444	4862	-5192	583	171	-1720	135	221	-95	-221	302	627	0	88
12653	-5007	4819	5224	-4557	2378	2156	-5410	121	221	-78	-217	170	603	0	88
12674	-5314	4159	5373	-3912	781	308	-870	107	219	-66	-212	70	557	0	88
12698	-5380	3255	5325	-2974	484	384	-960	90	213	-56	-204	-44	431	0	88
12716	-5351	-3050	5221	3328	621	321	60	83	209	-50	-202	-100	353	0	88
12731	-5299	-3539	4898	3574	314	505	-1000	77	204	-48	-198	-125	277	144	88
12749	-5742	-4130	5259	4250	540	424	-440	68	192	-42	-189	-253	246	141	88
12773	-5679	-4559	5339	4911	569	394	700	51	169	-33	-164	-324	174	0	88
12797	-5626	-4515	5338	4909	572	390	700	39	150	-31	-151	-322	177	0	88
12815	-5561	-4617	5280	5026	129	202	170	39	150	-31	-151	-333	154	0	88
12839	-5346	-4962	5039	5363	274	252	610	19	112	-10	-112	-354	74	0	88
12863	-5212	-5069	4903	5463	35	210	0	12	96	-4	-96	-358	40	0	88
12881	-5137	-5096	4835	5489	-3	165	560	5	80	3	-82	-360	26	0	88
12899	-5024	-5164	4723	5552	-44	83	-190	2	75	7	-77	-361	0	0	88
12917	-4987	-5147	4685	5526	38	77	130	-7	63	13	-64	-361	-2	0	88
12941	-4911	-5166	4595	5518	-21	95	400	-15	57	21	-43	-360	-17	0	88
12959	-4822	-5185	4506	5524	-358	151	30	-18	48	23	-34	-358	-33	0	88
12977	-4817	-5147	4486	5461	-59	-66	270	-22	36	26	-22	-358	-30	0	88
13001	-4794	-5101	4464	5404	-26	-2	-320	-27	24	29	-10	-358	-29	0	88
13019	-4730	-5116	4395	5403	-110	69	300	-32	11	31	1	-358	-41	0	88
13037	-4609	-5158	4263	5418	-254	45	-50	-35	2	30	7	-353	-65	0	88
13058	-4543	-5147	4197	5395	-116	70	230	-39	-3	32	11	-351	-74	0	88
13076	-4494	-5124	4166	5381	-289	-52	-80	-43	-11	34	20	-350	-79	0	88
13094	-4459	-5102	4128	5345	-271	-19	-210	-47	-20	35	25	-350	-82	0	88
13118	-4374	-5096	4042	5322	-276	-77	-160	-51	-26	37	30	-346	-95	0	88
13136	-3984	-4846	3705	5023	-306	53	800	-53	-32	38	35	-276	-110	0	88
13160	-3611	-4559	3387	4683	-260	0	160	-57	-39	38	40	-204	-117	0	88
13178	-3782	-3942	3650	4097	-85	-52	380	-54	-44	38	44	-164	-3	0	88
13196	-3764	-3911	3644	4073	-85	-52	380	-53	-46	37	46	-164	-3	0	88
13214	-4012	-4132	3846	4321	-364	-12	150	-55	-52	35	49	-224	-7	0	88
13232	-4127	-4211	3952	4426	-191	-44	480	-58	-55	35	53	-254	-7	0	88
13250	-4256	-4284	4074	4526	-52	-98	30	-59	-59	36	55	-284	-3	0	88
13274	-4503	-4466	4297	4757	-66	-148	430	-59	-61	38	57	-344	-2	0	88
13292	-4762	-4662	4530	5004	-218	-15	150	-59	-63	37	60	-404	0	0	88
13310	-4875	-4765	4621	5121	-331	-158	-450	-60	-66	36	62	-434	-4	0	88
13328	-5021	-4838	4746	5207	-105	-147	280	-60	-67	37	67	-464	1	0	88
13349	-5253	-5070	4936	5472	-265	-146	-1080	-62	-70	40	67	-524	-5	0	88
13367	-5533	-5251	5185	5699	-301	-170	-160	-62	-73	41	71	-585	0	0	88
13385	-5670	-5336	5297	5794	-280	-29	-260	-64	-74	43	74	-614	3	0	88
13403	-5673	-5305	5296	5756	-280	-28	-260	-66	-76	45	76	-614	7	0	88
13421	-5817	-5381	5425	5853	-63	-173	360	-66	-77	49	79	-644	12	0	88
13436	-6051	-5633	5611	6134	-342	-72	100	-67	-78	48	82	-705	2	0	88
13460	-6269	-5901	5764	6414	-490	-53	230	-72	-80	51	84	-764	-11	0	88
13478	-6415	-5971	5903	6513	-157	-149	480	-73	-84	53	90	-795	-4	0	88
13496	-6706	-6132	6169	6724	-500	-123	360	-73	-86	54	93	-855	6	0	88
13514	-6772	-6287	6209	6890	-378	-187	-980	-79	-89	55	95	-885	-10	0	88
13538	-7004	-6534	6384	7153	-268	-118	-970	-82	-92	60	99	-945	-19	0	88
13556	-7151	-6619	6502	7245	-452	-38	-40	-82	-92	61	99	-975	-14	0	88
13574	-7351	-6611	6713	7287	-251	-183	1120	-93	-99	73	106	-1005	10	0	88
13598	-7282	-6676	6630	7336	-166	-231	130	-95	-104	85	106	-1007	-9	0	88
13616	-7340	-6582	6700	7252	-471	20	730	-108	-107	91	110	-1007	10	0	88
13640	-7334	-6549	6700	7219	-354	-120	1320	-120	-107	94	116	-1008	14	0	88
13658	-7292	-6553	6664	7225	-579	-198	-530	-120	-112	100	120	-1009	7	0	88
13682	-7274	-6563	6625	7211	-87	-161	-400	-124	-119	112	121	-1009	2	0	88
13721	-7330	-6433	6694	7090	-520	-62	790	-130	-129	124	126	-1008	27	0	88
13739	-7322	-6378	6712	7060	-521	-59	790	-130	-134	129	124	-1008	34	0	88
13763	-7357	-6235	6795	6959	-440	-64	940	-136	-139	118	129	-1007	59	0	88
13790	-7348	-6176	6813	6924	-321	-336	250	-138	-147	113	135	-1007	65	0	88
13814	-7350	-6110	6833	6871	-583	13	100	-141	-152	107	140	-1006	75	0	88
13838	-7345	-6045	6856	6830	-442	-162	-1040	-141	-156	102	144	-1005	83	0	88
13856	-7313	-5688	7148	6786	-491	-11	2040	-144	-162	103	147	-1000	129	-189	88
13880	-7247	-5666	7139	6816	-588	-159	-920	-148	-165	105	150	-1001	123	-189	88
13904	-7264	-5483	7261	6731	-712	-41	-250	-154	-167	105	155	-997	151	-240	88
13928	-7261	-5361	7325	6665	-658	-120	620	-159	-167	110	155	-995	169	-271	88
13946	-7255	-5243	7393	6613	-649	52	990	-161	-168	112	155	-992	185	-301	88
13976	-7272	-5010	7530	6484	-694	-29	250	-168	-170	116	157	-984	221	-339	88
14000	-7222	-4975	7543	6508	-480	76	-170	-172	-171	122	161	-985	221	-368	88
14024	-7225	-4926	7550	6456	-625	-9	-20	-177	-170	125	164	-983	229	-367	88
14048	-7214	-4754	7645	6377	-857	107	360	-178	-167	128	164	-977	254	-413	88
14066	-7198	-4692	7665	6342	-659	-40	430	-181	-165	133	164	-975	262	-426	88
14087	-7168	-4593	7715	6313	-634	119	220	-187	-163	140	168	-972	273	-462	88
14111	-7145	-4563	7709	6294	-743	132	-370	-188	-161	147	167	-971	276	-466	88
14135	-7137	-4484	7732	6236	-370	20	350	-188	-158	151	168	-968	288	-487	88
14153	-7145	-4445	7742	6193	-654	52	-80	-193	-156	154	170	-966	296	-485	88
14171	-7112	-4369	7777	6177	-636	102	100	-194	-157	155	172	-963	304	-516	88
14189	-7120	-4286	7806	6106	-628	-71	290	-195	-155	158	172	-958	319	-526	88
14207	-7096	-4418	7710	6171	-680	141	-910	-199	-152	161	173	-965	297	-498	88
14231	-7105	-4317	7741	6078	-709	79	610	-199	-150	167	172	-960	315	-517	88
14249	-7088	-4226	7783	6038	-617	115	800	-199	-150	169	174	-956	327	-541	88
14267	-7062	-4232	7768	6053	-670	209	-100	-202	-148	174	174	-957	325	-550	88
14285	-7073	-4292	7706	6039	-667	47	-920	-201	-146	178	175	-958	319	-520	88
14303	-7059	-4361	7649	6068	-792	45	-880	-204	-145	179	179	-962	307	-509	88
14327	-7069	-4233	7700	5965	-526	158	260	-207	-141	180	180	-955	329	-538	88
14345	-7058	-4242	7677	5958	-962	165	-200	-207	-138	184	178	-955	328	-534	88
14369	-7012	-4280	7614	5974	-2113	498	10	-208	-136	185	180	-958	320	-532	88
14420	-6973	-4275	7560	5940	-999	118	310	-210	-134	191	179	-958	321	-531	88
14444	-6993	-4364	7486	5937	-697	147	-610	-210	-134	194	181	-961	311	-495	88
14462	-6987	-4305	7511	5901	-699	229	630	-214	-134	194	183	-958	321	-515	88
14480	-6969	-4468	7403	5982	-800	106	-490	-213	-134	197	183	-966	296	-479	88
14510	-6961	-4503	7359	5979	-587	172	-500	-215	-135	200	182	-967	292	-471	88
14531	-6956	-4496	7350	5965	-532	329	-120	-215	-133	203	180	-967	293	-473	88
14549	-6962	-4442	7373	5923	-676	189	230	-216	-131	206	180	-964	303	-480	88
14567	-6941	-4625	7243	6006	-657	336	-210	-217	-132	205	180	-972	274	-438	88
14591	-6937	-4690	7188	6023	-689	212	-530	-220	-131	204	175	-975	266	-417	88
14615	-6948	-4669	7186	5983	-687	217	-530	-218	-130	203	175	-973	272	-417	88
14633	-6956	-4627	7203	5944	-617	233	180	-219	-130	202	179	-971	281	-423	88
14657	-6918	-4689	7164	6008	-611	342	-840	-223	-132	202	177	-974	268	-420	88
14675	-6945	-4598	7209	5928	-674	63	340	-222	-133	203	181	-969	286	-430	88
14693	-6931	-4600	7207	5941	-640	114	180	-222	-132	201	180	-970	284	-436	88
14717	-6910	-4614	7196	5963	-676	142	140	-224	-131	199	179	-971	280	-443	88
14735	-6920	-4523	7246	5905	-682	223	540	-223	-131	199	178	-966	296	-459	88
14753	-6910	-4514	7247	5904	-776	125	10	-224	-133	200	178	-966	297	-460	88
14771	-6889	-4557	7219	5941	-628	154	-350	-223	-134	201	177	-969	288	-456	88
14789	-6895	-4433	7284	5865	-1045	287	890	-225	-136	201	176	-962	308	-478	88
14810	-6874	-4488	7247	5907	-661	133	-60	-223	-137	198	178	-966	298	-471	88
14834	-6873	-4477	7249	5897	-704	181	100	-223	-140	198	177	-965	300	-474	88
14858	-6874	-4501	7227	5898	-618	106	-310	-222	-138	199	177	-966	297	-463	88
14876	-6878	-4547	7191	5906	-662	10	-910	-225	-140	200	177	-968	291	-441	88
14894	-6878	-4582	7166	5917	-736	-6	0	-226	-140	201	178	-970	285	-440	88
14915	-6875	-4526	7200	5895	-667	-31	-210	-225	-140	200	177	-968	293	-455	88
14933	-6900	-4419	7257	5811	-672	228	400	-225	-142	199	178	-961	312	-466	88
14951	-6860	-4375	7294	5843	-630	185	-520	-225	-141	196	178	-961	313	-493	88
14975	-6878	-4304	7330	5782	-710	49	-30	-223	-144	194	183	-957	327	-501	88
14999	-6865	-4549	7175	5900	-801	-18	-960	-221	-143	194	183	-969	289	-441	88
15017	-6909	-4398	7256	5775	-606	-43	700	-221	-141	194	182	-961	316	-464	88
15041	-6881	-4489	7209	5854	-708	150	-330	-217	-141	193	181	-966	298	-453	88
15065	-6891	-4278	7334	5743	-604	243	160	-215	-142	191	179	-956	330	-503	88
15083	-6890	-4280	7332	5743	-683	77	-60	-215	-143	191	179	-956	330	-501	88
15101	-6885	-4339	7299	5778	-716	23	-50	-216	-142	191	177	-959	321	-491	88
15125	-6891	-4401	7255	5794	-662	-18	240	-216	-141	189	177	-962	312	-474	88
15149	-6901	-4334	7296	5752	-729	120	850	-216	-141	190	175	-959	323	-490	88
15167	-6889	-4201	7377	5703	-726	136	1160	-218	-142	188	178	-952	341	-526	88
15197	-6883	-4201	7378	5710	-704	-27	140	-216	-145	185	178	-953	340	-520	88
15218	-6863	-4153	7395	5693	-2025	536	1710	-214	-147	186	175	-951	345	-528	88
15242	-6794	-4196	7329	5735	-519	65	-1080	-215	-146	183	177	-955	333	-489	88
15263	-6812	-4160	7351	5701	-779	23	380	-218	-144	183	175	-953	340	-500	88
15278	-6803	-4073	7411	5678	-678	58	620	-216	-143	184	175	-949	351	-534	88
15296	-6825	-3912	7496	5566	-771	135	700	-215	-145	185	174	-939	378	-555	88
15314	-6822	-3802	7558	5514	-605	179	450	-214	-143	186	172	-933	394	-583	88
15338	-6804	-3936	7500	5621	-568	172	-280	-214	-143	184	172	-942	371	-568	88
15356	-6823	-3859	7539	5558	-797	107	420	-216	-141	186	172	-936	385	-580	88
15374	-6841	-3725	7600	5454	-701	155	440	-215	-140	186	169	-927	408	-593	88
15398	-6814	-3814	7573	5553	-668	203	-90	-215	-140	186	168	-934	391	-600	88
15416	-6843	-3760	7591	5482	-616	115	-210	-213	-140	186	169	-929	403	-593	88
15434	-6827	-3698	7635	5478	-632	78	1020	-215	-142	188	168	-926	410	-620	88
15458	-6824	-3834	7571	5567	-563	33	-320	-210	-140	186	165	-935	389	-591	88
15518	-6833	-3781	7597	5527	-484	205	-500	-211	-139	187	167	-930	399	-604	88
15536	-6856	-3731	7617	5471	-608	227	170	-211	-139	189	169	-926	410	-609	88
15554	-6854	-3734	7617	5476	-608	227	170	-214	-144	191	175	-926	410	-609	88
15575	-6854	-3854	7555	5545	-766	272	-420	-216	-146	192	178	-933	392	-587	88
15599	-6840	-3741	7614	5496	-544	127	-230	-217	-149	195	174	-927	408	-618	88
15623	-6849	-3620	7670	5411	-641	258	130	-219	-139	195	170	-918	427	-640	88
15641	-6845	-3623	7668	5417	-641	258	130	-219	-136	198	167	-918	427	-640	88
15662	-6837	-3663	7654	5455	-534	143	-550	-221	-131	202	163	-921	421	-639	88
15680	-6858	-3659	7647	5423	-831	292	-280	-219	-129	199	164	-919	424	-632	88
15698	-6857	-3659	7642	5418	-724	249	-20	-219	-128	199	163	-919	425	-631	88
15716	-6848	-3632	7662	5419	-644	190	340	-216	-124	199	161	-918	428	-649	88
15740	-6856	-3538	7706	5353	-739	176	290	-215	-122	198	163	-911	444	-664	88
15758	-6857	-3531	7708	5345	-618	225	20	-216	-120	196	161	-910	446	-664	88
15779	-6857	-3623	7666	5404	-623	165	130	-214	-121	198	162	-916	433	-652	88
15797	-6880	-3535	7697	5312	-671	57	0	-216	-116	200	162	-908	449	-652	88
15815	-6872	-3702	7618	5424	-592	196	-200	-217	-117	199	160	-920	425	-629	88
15833	-6894	-3627	7642	5342	-730	187	-30	-219	-117	203	161	-913	439	-628	88
15851	-6886	-3672	7622	5379	-732	181	-30	-219	-116	203	162	-917	432	-628	88
15872	-6899	-3859	7527	5474	-580	95	-740	-220	-114	204	164	-929	406	-586	88
15896	-6897	-3793	7553	5427	-681	191	90	-221	-115	206	164	-924	416	-602	88
15920	-6905	-3765	7562	5395	-625	223	-350	-219	-115	204	165	-921	423	-598	88
15938	-6915	-3819	7532	5414	-675	141	-400	-220	-116	205	166	-924	416	-585	88
15956	-6903	-3750	7571	5390	-731	379	320	-218	-118	204	166	-920	425	-612	88
15986	-6907	-3828	7527	5426	-656	269	-540	-218	-118	205	169	-925	415	-589	88
16010	-6923	-3841	7512	5406	-596	176	-260	-223	-117	208	168	-924	416	-576	88
16028	-6929	-3867	7499	5415	-512	178	-190	-221	-117	206	166	-926	414	-571	88
16046	-6936	-3974	7446	5471	-582	156	-620	-222	-117	204	164	-932	399	-550	88
16067	-6938	-3907	7481	5432	-663	201	620	-225	-116	206	166	-928	409	-569	88
16085	-6934	-3865	7501	5408	-661	206	620	-226	-119	207	163	-925	415	-569	88
16103	-6902	-3899	7475	5450	-641	32	-60	-228	-121	208	166	-928	408	-562	88
16127	-6907	-3907	7477	5456	-665	241	-360	-228	-126	207	171	-929	407	-560	88
16151	-6911	-3887	7473	5422	-629	226	-80	-231	-125	210	176	-926	412	-557	88
16169	-6884	-3723	7564	5361	-625	279	1060	-232	-122	211	173	-916	433	-612	88
16193	-6870	-3791	7530	5415	-781	197	-660	-235	-118	214	170	-921	423	-590	88
16217	-6893	-3768	7530	5365	-779	202	-660	-236	-117	215	166	-919	429	-590	88
16241	-6900	-3778	7514	5350	-779	202	-660	-236	-116	213	164	-919	429	-590	88
16259	-6920	-3713	7529	5269	-776	213	-660	-238	-114	213	165	-913	442	-590	88
16283	-6903	-3829	7477	5361	-781	197	-660	-238	-115	214	160	-922	423	-590	88
16301	-6922	-3763	7493	5283	-778	208	-660	-238	-116	216	161	-916	436	-590	88
16319	-6918	-3804	7472	5310	-779	202	-660	-238	-116	215	160	-919	429	-590	88
16343	-6937	-3542	7576	5105	-627	118	-640	-237	-116	215	159	-898	470	-629	88
16361	-6950	-3493	7592	5053	-640	286	80	-235	-117	213	158	-894	479	-632	88
16379	-6944	-3479	7600	5052	-673	181	50	-238	-115	213	162	-893	481	-634	88
16403	-6915	-3392	7648	5033	-759	372	970	-240	-116	212	160	-888	491	-664	88
16421	-6901	-3297	7684	4978	-491	411	230	-239	-118	215	160	-880	505	-672	88
16439	-6884	-3282	7699	4994	-728	337	-860	-243	-117	213	160	-879	506	-683	88
16463	-6877	-3274	7698	4989	-678	249	470	-247	-116	214	160	-879	508	-697	88
16487	-6864	-3206	7719	4946	-611	125	350	-245	-119	212	157	-872	517	-701	88
16505	-6854	-3162	7751	4942	-388	382	400	-246	-119	212	155	-870	522	-714	88
16523	-6829	-3115	7770	4934	-857	246	1030	-246	-119	216	159	-866	528	-734	88
16547	-6767	2932	7879	4831	-556	539	1270	-249	-120	219	159	-849	557	-802	88
16565	-6749	2942	7878	4837	-658	266	-450	-245	-116	218	153	-847	558	-787	88
16583	-6729	3042	7919	4788	-913	73	1230	-246	-99	221	151	-839	570	-820	88
16607	-6683	3212	7972	4692	-683	376	510	-247	-53	226	147	-824	593	-856	88
16625	-6697	3191	7968	4691	-358	154	0	-245	-29	226	146	-824	593	-856	88
16649	-6724	2957	7884	4830	-716	513	-80	-241	-8	235	143	-841	567	-819	88
16673	-6766	-3126	7766	4974	-426	347	-1200	-234	-2	240	144	-862	535	-748	88
16694	-6819	-3294	7689	5021	-650	273	-1150	-234	-2	240	144	-871	520	-713	88
16712	-6817	-3220	7713	4957	-534	713	750	-227	7	249	143	-863	534	-736	88
16730	-6886	-3723	7494	5216	-542	602	-2970	-223	6	249	145	-899	470	-614	88
16748	-6934	-3748	7455	5147	-538	606	-2970	-223	-2	249	147	-896	477	-614	88
16766	-6994	-4111	7278	5302	-675	291	-1370	-220	-8	252	148	-919	431	-526	88
16790	-7003	-3968	7338	5192	-641	287	1100	-219	-18	249	152	-908	455	-562	88
16808	-7049	-4456	7084	5418	-659	220	-2160	-219	-25	248	153	-937	390	-432	88
16826	-7054	-4627	6983	5494	-646	276	20	-218	-32	248	156	-946	367	-401	88
16850	-7077	-4687	6942	5493	-676	194	-910	-219	-45	245	160	-949	361	-374	88
16874	-7092	-4769	6890	5511	-640	262	-610	-219	-53	245	161	-953	351	-355	88
16892	-7077	-4903	6816	5598	-868	317	-1570	-219	-61	238	161	-960	329	-324	88
17012	-7087	-5408	6476	5789	-679	7	-830	-225	-98	223	165	-984	249	-168	88
17030	-7109	-5142	6660	5671	-633	313	2090	-225	-106	217	165	-974	290	-224	88
17048	-7073	-5256	6589	5759	-498	272	-800	-224	-111	215	166	-980	268	-197	88
17072	-7068	-5176	6651	5745	-733	147	930	-229	-116	211	165	-977	277	-227	88
17090	-7081	-5079	6711	5691	-609	137	30	-228	-120	205	163	-973	292	-228	88
17108	-7048	-5072	6720	5726	-791	319	290	-229	-123	203	165	-974	288	-236	88
17132	-7028	-4966	6798	5715	-765	158	-70	-233	-130	201	165	-971	299	-265	88
17150	-7050	-4826	6879	5625	-650	173	420	-234	-132	198	165	-964	321	-279	88
17168	-7030	-4738	6935	5610	-658	145	50	-235	-136	196	166	-961	330	-308	88
17189	-7007	-4733	6950	5645	-592	84	60	-237	-136	196	167	-962	326	-310	88
17207	-7024	-4535	7069	5537	-531	95	1000	-239	-139	194	163	-952	356	-341	88
17225	-7005	-4510	7093	5556	-697	69	-630	-238	-141	194	162	-952	356	-349	88
17249	-6988	-4319	7204	5482	-749	170	1280	-238	-144	192	160	-942	379	-405	88
17273	-6970	-4205	7272	5448	-719	178	290	-238	-144	192	160	-937	392	-414	88
17330	-6891	-3752	7522	5292	-848	272	230	-244	-144	188	152	-912	447	-515	88
17354	-6848	-3492	7661	5194	-688	270	-100	-245	-142	189	150	-897	479	-573	88
17396	-6786	-3204	7803	5087	-929	276	810	-248	-136	193	147	-878	513	-651	88
17414	-6757	-2961	7892	4936	-708	328	750	-247	-135	191	145	-859	545	-694	88
17432	-6723	2970	7943	4875	-701	218	950	-247	-131	193	144	-848	560	-723	88
17456	-6699	3074	7990	4832	-704	200	-720	-246	-123	195	145	-841	572	-752	88
17474	-6715	3150	7994	4732	-700	211	-720	-244	-114	196	145	-831	585	-752	88
17492	-6694	3228	8026	4697	-403	141	1220	-241	-102	201	144	-825	594	-781	88
17513	-6698	3218	8029	4707	-609	340	1170	-233	-94	204	143	-825	594	-785	88
17531	-6731	3175	7995	4684	-715	186	-1350	-230	-85	207	146	-826	593	-744	88
17549	-6770	3030	7933	4742	-662	296	-840	-224	-75	213	148	-837	577	-718	88
17570	-6817	-2934	7869	4812	-596	248	-1000	-219	-69	216	149	-849	559	-682	88
17594	-6865	-3058	7817	4848	-724	286	-1910	-207	-59	220	152	-856	548	-653	88
17618	-6972	-3383	7648	4923	-671	280	-1460	-201	-56	225	158	-876	515	-554	88
17636	-7045	-3680	7503	5028	-582	247	-2420	-193	-58	224	161	-895	482	-480	88
17657	-7108	-4069	7315	5201	-348	226	-1410	-190	-59	223	165	-920	433	-391	88
17681	-7177	-4314	7184	5267	-739	35	-2190	-187	-62	224	167	-933	406	-324	88
17705	-7224	-4341	7152	5213	-647	267	-300	-185	-62	222	171	-932	408	-315	88
17723	-7251	-4544	7037	5290	-654	216	-1680	-185	-71	219	172	-943	382	-260	88
17741	-7271	-4816	6877	5403	-557	48	-930	-181	-75	215	174	-958	344	-191	88
17765	-7383	-5198	6612	5430	-852	214	-1080	-179	-82	212	178	-972	301	0	88
17789	-7407	-5198	6603	5396	-708	22	-620	-180	-89	205	178	-971	303	0	88
17807	-7398	-5277	6566	5455	-397	86	-620	-178	-94	203	178	-976	289	0	88
17828	-7357	-5370	6509	5540	-251	114	-1150	-178	-101	196	181	-981	268	0	88
17852	-7370	-5361	6517	5527	-710	43	-440	-182	-108	192	177	-982	269	0	88
17876	-7387	-5316	6545	5492	-580	88	-140	-184	-114	188	178	-979	276	0	88
17900	-7378	-5327	6548	5518	-499	-91	-900	-188	-119	180	174	-981	271	0	88
17918	-7371	-5373	6528	5556	-459	136	-630	-190	-125	176	176	-983	261	0	88
17936	-7368	-5329	6566	5552	-798	-70	-730	-191	-129	172	172	-983	267	0	88
17954	-7393	-5268	6597	5494	-601	75	50	-193	-133	168	170	-980	276	0	88
17978	-7403	-5204	6652	5474	-551	22	540	-196	-137	165	166	-977	285	0	88
18002	-7432	-5038	6746	5361	-655	12	700	-197	-140	159	165	-969	312	0	88
18026	-7492	-4770	6893	5160	-618	63	1050	-202	-146	155	164	-953	357	0	88
18050	-7510	-4639	6970	5078	-555	119	290	-201	-147	155	164	-945	377	0	88
18074	-7529	-4479	7057	4975	-581	18	680	-204	-153	151	159	-935	402	0	88
18092	-7420	-4291	7215	5050	-683	64	630	-204	-154	150	157	-932	412	-145	88
18116	-7397	-3946	7388	4872	-639	88	1670	-208	-157	147	157	-909	459	-216	88
18140	-7361	-3502	7584	4616	-753	12	1410	-212	-156	148	152	-876	519	-286	88
18158	-7340	-3412	7624	4578	-638	156	220	-214	-158	148	152	-870	529	-293	88
18176	-7301	-3161	7719	4437	-527	46	2020	-216	-157	149	145	-850	560	-350	88
18194	-7257	-2939	7812	4330	-354	107	750	-217	-156	150	140	-832	587	-381	88
18212	-7196	3035	7877	4262	-718	209	-340	-218	-151	151	136	-819	605	-413	88
18230	-7150	3321	7942	4049	-583	280	1270	-220	-142	153	135	-790	642	-452	88
18248	-7071	3537	8019	3964	-382	65	1760	-223	-127	156	130	-771	665	-505	88
18272	-6935	4021	8118	3646	-874	302	750	-223	-113	159	124	-720	720	-582	88
18290	-6912	4029	8120	3661	-874	302	750	-220	-101	165	122	-720	720	-582	88
18311	-6863	4159	8131	3569	-632	282	-390	-219	-93	172	122	-704	735	-602	88
18329	-6824	4332	8122	3392	-450	86	-110	-217	-81	182	119	-679	759	-608	88
18347	-6815	4376	8121	3347	-670	307	370	-211	-73	185	117	-672	765	-617	88
18365	-6781	4498	8095	3206	-516	335	-70	-207	-67	191	119	-652	781	-615	88
18383	-6901	4247	8032	3307	-420	129	-310	-199	-58	192	119	-675	762	-545	88
18407	-6941	4257	7974	3185	-772	361	-1470	-192	-50	197	121	-664	771	-501	88
18425	-6980	4225	7923	3123	-435	104	-820	-185	-43	200	124	-661	773	-476	88
18443	-7155	3869	7821	3246	-429	172	-180	-181	-36	207	127	-692	745	-374	88
18467	-7371	3407	7676	3404	-369	158	-2850	-169	-29	205	132	-732	707	-220	88
18485	-7427	3386	7632	3319	-367	160	-2850	-160	-26	207	134	-727	712	-220	88
18503	-7553	3087	7526	3420	-249	294	-1410	-152	-26	205	137	-751	685	-135	88
18527	-7707	2928	7394	3297	-472	154	-1500	-145	-25	205	141	-752	685	0	88
18551	-7763	-2905	7379	3273	-574	77	-1650	-140	-23	204	143	-751	685	0	88
18569	-7976	-3615	7166	3644	-473	70	-2400	-138	-22	204	145	-815	607	179	88
18590	-8020	-3666	7124	3611	-460	355	-2400	-136	-25	204	144	-815	607	179	88
18611	-8140	-3887	6994	3598	-228	145	-850	-135	-30	198	144	-827	591	278	88
18629	-8188	-3852	6967	3477	-575	106	-1200	-137	-33	199	144	-817	604	317	88
18647	-8294	-4096	6844	3515	-374	17	-830	-140	-39	195	141	-831	582	423	88
18671	-7991	-3971	6517	3286	-532	160	640	-145	-44	189	140	-772	564	435	88
18689	-7975	-3922	6539	3270	-531	163	640	-149	-51	184	135	-768	569	435	88
18713	-7665	-3780	6197	3012	-444	305	-90	-153	-56	181	132	-704	551	479	88
18737	-7635	-3384	6216	-3201	-376	67	390	-163	-63	173	127	-654	607	496	88
18761	-6841	2941	5559	-3798	-611	147	950	-168	-67	169	115	-499	585	487	88
18785	-6221	3587	5216	-4342	-539	291	2080	-180	-69	155	89	-369	602	414	88
18803	-5605	4006	4741	-4777	-557	161	-190	-183	-67	149	81	-251	587	420	88
18830	-4259	4628	3769	-5307	-294	266	1370	-189	-60	138	65	-41	507	314	88
18848	-3235	4914	2982	-5547	-468	172	1930	-186	-55	131	45	99	417	250	88
18872	4683	4783	-4446	-5189	-223	424	1210	-179	-47	121	26	297	122	0	88
18896	4729	4806	-4394	-5108	-223	424	1210	-165	-38	110	5	297	122	0	88
18911	5292	4303	-4959	-4618	-237	386	2080	-163	-35	107	3	307	-26	0	88
18935	5493	3971	-5101	-4192	-117	137	1420	-136	-19	88	-23	287	-100	0	88
18959	5826	3900	-5168	-3849	38	350	1170	-115	-13	72	-34	292	-156	-147	88
18983	5874	3748	-5127	-3570	-143	153	1110	-94	-7	63	-41	273	-187	-199	88
19001	5870	3539	-5086	-3277	196	43	-710	-82	-1	49	-42	245	-220	-243	88
19025	5840	3401	-5017	-3062	95	62	390	-75	3	35	-42	225	-239	-264	88
19043	5770	3270	-4993	-2948	82	181	-730	-61	9	22	-45	210	-251	-242	88
19067	5746	3170	-4894	3060	188	-117	800	-41	14	9	-46	191	-266	-302	88
19091	5646	3002	-4793	3278	153	132	440	-24	18	-4	-41	164	-282	-316	88
19109	5562	-2935	-4708	3456	262	-47	470	-12	17	-10	-38	140	-294	-331	88
19133	5447	-3056	-4668	3530	96	-166	-30	1	16	-15	-32	126	-300	-310	88
19157	5182	-3349	-4491	3820	241	-68	30	16	15	-21	-27	72	-315	-305	88
19175	5052	-3464	-4442	3883	150	11	-810	24	13	-23	-28	55	-318	-280	88
19193	4908	-3579	-4407	3918	120	-130	-1050	30	11	-26	-26	40	-320	-248	88
19205	4754	-3696	-4313	4013	210	-218	-880	33	10	-28	-21	15	-320	-228	88
19229	4301	-3983	-3995	4273	169	-151	1340	39	8	-32	-13	-57	-310	-220	88
19253	4107	-4086	-3885	4331	47	12	-430	46	8	-32	-6	-80	-304	-179	88
19271	3666	-4228	-3529	4478	187	-178	-520	48	7	-32	-1	-141	-271	-161	88
19289	3272	-4092	-3404	4071	28	-290	-2270	51	8	-33	1	-136	-201	0	88
19307	2961	-4124	-3172	4071	15	-203	190	49	7	-32	3	-168	-170	0	88
19331	-3320	-4005	3091	3995	105	-83	-60	49	6	-32	3	-209	-93	0	88
19349	-3364	-4002	3127	3991	-13	-23	30	40	7	-28	4	-211	-89	0	88
19367	-3643	-3786	3422	3804	97	-215	-1030	36	8	-24	6	-219	-22	0	88
19385	-3751	-3723	3508	3722	-15	-83	290	31	7	-21	7	-220	-1	0	88
19403	-3729	-3751	3491	3756	74	48	440	24	8	-18	8	-219	-9	0	88
19418	-3778	-3713	3534	3713	-58	-59	-690	22	9	-16	8	-219	2	0	88
19442	-3761	-3744	3511	3737	-93	-31	10	13	7	-15	8	-218	-5	0	88
19454	-3788	-3713	3547	3716	9	-20	320	9	2	-13	9	-218	2	0	88
19478	-3841	-3659	3610	3671	-23	-60	-150	3	-3	-11	8	-217	15	0	88
19496	-3888	-3588	3670	3611	-42	-44	-20	-4	-7	-10	9	-215	31	0	88
19514	-3814	-3667	3599	3692	-160	60	390	-10	-11	-11	7	-215	10	0	88
19532	3135	3038	-3164	-3158	-2	-143	810	-13	-16	-9	8	28	-1	0	88
19550	3429	3270	-3394	-3407	-23	3	-170	-11	-16	-10	9	89	-4	0	88
19568	3578	3375	-3513	-3524	-195	16	500	-12	-14	-11	6	119	-8	0	88
19580	3725	3492	-3625	-3645	-32	-105	810	-12	-14	-11	6	149	-10	0	88
19601	4166	3828	-3740	-3736	-37	-59	680	-9	-11	-10	-2	209	-19	-171	88
19619	4337	3945	-3843	-3824	20	14	610	-8	-12	-11	-4	238	-24	-189	88
19637	4502	4056	-3954	-3919	-16	49	380	-9	-12	-10	-6	268	-28	-201	88
19655	4851	4256	-4195	-4090	50	47	500	-10	-13	-8	-7	327	-44	-238	88
19673	5168	4435	-4458	-4292	56	101	490	-11	-6	-9	-9	385	-57	-239	88
19691	5267	4555	-4569	-4464	223	4	-690	-14	-1	-8	-10	416	-51	-218	88
19706	5254	4543	-4570	-4465	223	4	-690	-14	-1	-8	-9	416	-51	-218	88
19730	5490	4758	-4806	-4760	75	112	-890	-2	10	-8	-13	477	-49	-195	88
19748	5602	4850	-4936	-4910	48	65	-450	5	15	-9	-16	507	-48	-181	88
19766	5844	5048	-5183	-5192	27	28	150	9	17	-10	-18	567	-50	-167	88
19784	6001	5144	-5304	-5290	94	27	310	12	20	-11	-19	597	-56	-176	88
19802	6234	5370	-5533	-5592	151	-11	-1460	21	25	-14	-22	658	-51	-146	88
19817	6339	5458	-5664	-5744	28	18	-210	21	25	-14	-22	688	-51	-140	88
19838	6300	5505	-5842	-6048	122	-59	-1760	31	32	-19	-28	719	-37	0	88
19856	6564	5726	-6062	-6303	115	-60	-310	36	33	-24	-32	779	-37	0	88
19874	6710	5817	-6195	-6418	76	14	300	41	35	-28	-33	809	-42	0	88
19892	6925	6088	-6369	-6728	61	53	-1200	48	41	-33	-39	870	-30	0	88
19910	6902	6066	-6379	-6736	62	53	-1200	52	41	-37	-42	870	-30	0	88
19925	7043	6136	-6525	-6849	315	47	-50	54	44	-40	-44	900	-37	0	88
19943	7123	6290	-6586	-7022	183	-54	-400	60	48	-47	-53	930	-24	0	88
19967	7415	6574	-6814	-7330	245	-69	-1120	65	53	-51	-57	1000	-19	0	88
19985	7435	6509	-6854	-7281	342	-88	970	72	56	-55	-67	1000	-32	0	88
20003	7384	6546	-6797	-7308	274	90	-1040	76	60	-59	-72	1000	-20	0	88
20021	7460	6443	-6874	-7198	231	-106	1260	79	63	-64	-78	999	-46	0	88
20036	7314	6584	-6720	-7328	398	-63	-870	83	67	-71	-83	1000	-6	0	88
20060	7283	6585	-6683	-7316	253	-62	-580	92	72	-78	-91	1000	-2	0	88
20078	7311	6533	-6718	-7267	408	-34	710	97	76	-83	-101	1001	-14	0	88
20096	7302	6522	-6704	-7245	297	-50	-370	103	81	-87	-107	1001	-15	0	88
20120	7295	6516	-6677	-7212	341	29	520	109	87	-94	-115	1001	-15	0	88
20138	7237	6523	-6638	-7232	431	-203	610	111	90	-95	-119	1001	-7	0	88
20156	7224	6515	-6621	-7214	282	120	-450	120	99	-101	-129	1001	-7	0	88
20177	7145	6565	-6536	-7250	472	89	-890	126	103	-104	-135	1001	9	0	88
20195	7161	6508	-6565	-7199	435	-198	300	130	108	-105	-145	1001	-1	0	88
20213	7139	6492	-6548	-7180	651	-13	-440	136	115	-110	-151	1001	-1	0	88
20237	7050	6534	-6467	-7220	660	34	690	144	119	-115	-154	1001	15	0	88
20255	6944	6621	-6340	-7277	499	-96	-2010	146	122	-119	-155	1001	42	0	88
20276	6681	6611	-6303	-7484	686	-135	-1830	154	130	-126	-155	999	76	137	88
20294	6778	6646	-6240	-7353	466	52	150	158	132	-126	-157	999	66	0	88
20318	6813	6604	-6254	-7283	381	-125	1160	162	133	-131	-159	1000	55	0	88
20336	6595	6554	-6262	-7453	741	-184	-1600	167	135	-133	-160	999	77	149	88
20360	6707	6636	-6149	-7303	627	-55	680	171	137	-137	-159	1000	72	0	88
20378	6518	6567	-6189	-7458	743	-8	-990	172	138	-141	-159	999	88	155	88
20396	6537	6490	-6240	-7408	743	-6	-990	174	138	-143	-162	1000	74	155	88
20420	6361	6560	-6112	-7516	505	-154	-600	178	140	-150	-165	997	107	187	88
20438	6389	6498	-6161	-7474	503	-161	-600	179	141	-153	-167	998	93	187	88
20462	6596	6578	-6058	-7239	576	-92	540	183	142	-158	-174	1000	75	0	88
20480	6395	6508	-6088	-7394	656	-41	-580	183	142	-161	-176	998	93	157	88
20498	6397	6456	-6117	-7365	754	-26	-360	183	145	-163	-179	999	85	168	88
20510	6364	6490	-6060	-7370	550	-98	360	183	147	-165	-180	998	94	157	88
20534	6295	6504	-6006	-7393	739	69	-700	185	147	-168	-185	997	105	178	88
20552	6416	6436	-6067	-7265	569	-23	1030	185	151	-171	-187	999	79	141	88
20570	6531	6547	-5936	-7126	730	19	-450	188	154	-173	-192	1000	78	0	88
20588	6543	6510	-5950	-7089	715	-86	120	186	155	-173	-194	1000	71	0	88
20612	6491	6533	-5887	-7094	723	-2	110	189	157	-175	-198	999	82	0	88
20630	6553	6479	-5924	-7012	778	-8	1120	189	158	-176	-200	1000	66	0	88
20654	6582	6437	-5939	-6953	700	-23	570	193	162	-176	-202	1001	56	0	88
20672	6558	6430	-5923	-6949	631	-123	670	194	162	-175	-205	1001	58	0	88
20696	6551	6424	-5903	-6927	744	28	80	198	165	-177	-207	1001	58	0	88
20720	6546	6397	-5901	-6898	799	1	-320	199	167	-184	-208	1001	55	0	88
20738	6614	6303	-5979	-6811	758	-169	1500	199	168	-182	-209	1002	32	0	88
20762	6560	6352	-5898	-6829	741	-134	-100	204	170	-185	-209	1002	46	0	88
20786	6554	6332	-5895	-6808	767	-38	0	207	171	-190	-209	1002	43	0	88
20810	6499	6358	-5841	-6830	717	-96	-350	212	170	-192	-209	1001	54	0	88
20828	6535	6297	-5888	-6779	783	81	370	214	172	-195	-209	1002	40	0	88
20852	6471	6338	-5825	-6818	908	-93	490	213	173	-194	-210	1002	54	0	88
20876	6479	6314	-5828	-6786	858	-166	400	214	174	-193	-209	1002	50	0	88
20891	6470	6306	-5820	-6777	785	-157	-380	216	176	-194	-210	1003	49	0	88
20909	6468	6286	-5824	-6762	682	42	720	217	180	-195	-212	1003	46	0	88
20933	6397	6297	-5784	-6799	887	-149	-980	218	180	-194	-214	1002	56	0	88
20951	6420	6277	-5791	-6762	725	17	-170	219	180	-195	-216	1003	50	0	88
20975	6418	6261	-5789	-6744	586	32	-190	219	179	-196	-216	1003	48	0	88
20999	6404	6257	-5778	-6739	799	-103	-160	220	178	-196	-214	1003	49	0	88
21023	6418	6221	-5802	-6713	557	-154	110	219	177	-200	-214	1003	41	0	88
21059	6360	6233	-5752	-6726	753	-38	-1260	219	174	-199	-213	1003	50	0	88
21080	6369	6200	-5780	-6712	950	-169	710	219	176	-200	-214	1003	44	0	88
21110	6438	6126	-5834	-6621	645	-16	170	220	177	-200	-214	1004	23	0	88
21134	6437	6123	-5831	-6615	603	-26	10	222	180	-199	-217	1004	23	0	88
21152	6389	6153	-5800	-6658	941	-70	610	224	181	-200	-215	1003	33	0	88
21182	6333	6197	-5739	-6694	839	-25	-450	227	179	-196	-210	1003	46	0	88
21206	6310	6190	-5732	-6700	798	-264	40	226	181	-195	-210	1003	47	0	88
21230	6259	6231	-5684	-6744	891	-211	810	228	181	-195	-211	1002	59	0	88
21254	6240	6239	-5661	-6746	715	-41	-510	224	177	-194	-209	1002	62	0	88
21272	6156	6292	-5590	-6808	803	-28	-760	225	179	-193	-209	1001	81	0	88
21293	6119	6295	-5572	-6829	962	-201	-370	225	181	-196	-208	1001	86	0	88
21317	6125	6274	-5585	-6814	534	108	200	224	180	-198	-210	1001	82	0	88
21341	6152	6254	-5612	-6797	536	-168	70	225	178	-197	-209	1002	75	0	88
21371	6165	6239	-5623	-6778	759	-189	730	223	176	-199	-205	1002	71	0	88
21425	6103	6285	-5558	-6819	657	-38	-280	226	175	-197	-201	1001	84	0	88
21443	6083	6298	-5536	-6831	862	-35	150	225	174	-195	-201	1001	89	0	88
21467	6031	6334	-5486	-6868	693	-129	-1370	223	176	-193	-202	1000	101	0	88
21491	6035	6308	-5514	-6865	747	-128	620	225	176	-194	-204	1000	96	0	88
21515	6097	6250	-5571	-6802	742	-150	720	225	174	-196	-201	1001	79	0	88
21542	6049	6291	-5518	-6836	768	-102	-300	224	173	-195	-201	1000	91	0	88
21566	5975	6339	-5453	-6891	592	-75	-420	223	173	-195	-202	998	108	0	88
21590	5780	6310	-5459	-7059	768	-143	-800	222	174	-197	-205	996	130	135	88
21608	5736	6320	-5439	-7092	787	-180	-320	222	172	-197	-204	995	137	144	88
21629	5934	6382	-5395	-6915	555	-60	-20	220	172	-196	-208	997	119	0	88
21647	5938	6378	-5402	-6915	820	-162	-700	220	171	-198	-206	998	118	0	88
21665	5909	6402	-5370	-6935	785	-349	390	218	169	-197	-204	997	126	0	88
21689	6021	6318	-5477	-6850	657	-150	1210	219	164	-199	-203	1000	97	0	88
21710	6049	6325	-5474	-6826	735	-36	150	217	161	-197	-203	1001	94	0	88
21734	6038	6322	-5476	-6837	742	-86	1070	218	163	-199	-203	1001	95	0	88
21752	6052	6340	-5457	-6821	742	-86	1070	216	160	-197	-203	1001	96	0	88
21773	5934	6433	-5337	-6908	748	-194	-380	214	163	-199	-204	997	125	0	88
21797	6050	6344	-5453	-6822	565	-69	1820	214	163	-199	-201	1001	96	0	88
21821	6054	6367	-5423	-6812	529	-6	-610	213	163	-199	-201	1000	99	0	88
21845	6131	6331	-5476	-6755	755	-163	50	213	162	-199	-205	1001	84	0	88
21863	6129	6332	-5474	-6757	745	-116	110	211	160	-196	-200	1001	84	0	88
21884	6047	6415	-5378	-6823	860	-336	-1280	212	158	-196	-200	999	108	0	88
21908	6102	6358	-5446	-6781	724	-63	-40	210	157	-194	-201	1001	91	0	88
21932	6193	6284	-5536	-6709	698	-149	920	210	156	-197	-197	1003	68	0	88
21956	6270	6245	-5585	-6644	693	-115	1080	207	157	-194	-200	1004	52	0	88
21974	6219	6323	-5505	-6692	826	-26	-1370	206	157	-191	-201	1003	70	0	88
21998	6233	6291	-5542	-6684	730	-30	130	207	159	-190	-203	1004	64	0	88
22022	6251	6270	-5565	-6668	723	-100	680	206	161	-190	-205	1004	59	0	88
22046	6265	6270	-5569	-6658	652	-122	110	206	163	-191	-205	1004	57	0	88
22064	6286	6242	-5596	-6635	651	-127	110	207	164	-188	-205	1004	50	0	88
22082	6219	6263	-5560	-6685	1660	-8	-3750	207	168	-188	-202	1003	62	0	88
22106	6208	6205	-5602	-6678	584	67	-170	205	169	-186	-202	1004	55	0	88
22124	6142	6252	-5554	-6743	823	-56	660	207	171	-188	-202	1003	71	0	88
22148	6099	6307	-5492	-6778	669	-198	-20	208	170	-184	-200	1002	85	0	88
22178	6091	6302	-5506	-6797	519	56	-960	206	169	-182	-200	1002	86	0	88
22202	6009	6375	-5424	-6867	383	-240	-50	207	170	-181	-200	1000	109	0	88
22226	6054	6345	-5468	-6839	860	428	0	205	171	-180	-201	1001	100	0	88
22250	6016	6387	-5413	-6862	694	62	-420	205	171	-179	-199	1000	115	0	88
22268	5975	6419	-5373	-6894	715	-46	-180	204	172	-176	-202	998	126	0	88
22289	5963	6433	-5348	-6893	652	-76	-1170	203	173	-177	-201	997	130	0	88
22313	5989	6400	-5396	-6886	465	-9	480	203	175	-178	-202	998	122	0	88
22337	5920	6439	-5341	-6935	606	317	-860	201	177	-177	-203	996	137	0	88
22361	6028	6388	-5412	-6853	690	32	1290	202	177	-177	-204	999	117	0	88
22379	6030	6405	-5394	-6850	480	-67	320	201	178	-177	-203	999	120	0	88
22403	6093	6372	-5446	-6809	723	-58	1010	200	179	-178	-203	1000	107	0	88
22427	6029	6415	-5390	-6859	804	43	-1230	199	178	-175	-205	999	122	0	88
22451	6040	6397	-5407	-6847	575	-17	300	199	180	-173	-204	999	119	0	88
22469	6046	6391	-5404	-6832	1203	-5	490	198	181	-172	-207	999	118	0	88
22499	6131	6346	-5465	-6766	731	144	1360	200	182	-173	-209	1001	101	0	88
22523	5940	6485	-5287	-6909	1020	133	-60	204	180	-172	-216	996	147	0	88
22547	5869	6520	-5230	-6953	516	-81	160	201	182	-173	-214	994	162	0	88
22571	5904	6505	-5264	-6941	723	-62	510	203	183	-175	-213	995	155	0	88
22595	5931	6487	-5276	-6908	595	57	-120	203	183	-179	-214	995	149	0	88
22613	5935	6488	-5281	-6910	716	-254	130	201	183	-178	-217	995	149	0	88
22679	5970	6483	-5292	-6882	708	-133	-190	205	180	-184	-218	996	142	0	88
22727	6035	6449	-5346	-6841	596	-133	-80	205	175	-185	-212	999	128	0	88
22751	5850	6584	-5160	-6964	1035	-81	-2570	205	174	-180	-211	992	172	0	88
22775	5818	6512	-5226	-6989	845	34	470	206	176	-181	-209	993	165	0	88
22799	5929	6453	-5316	-6915	648	-97	590	207	175	-182	-206	997	142	0	88
22817	5928	6466	-5304	-6917	778	91	-460	206	176	-181	-207	997	144	0	88
22841	5730	6588	-5117	-7039	821	-23	-920	205	178	-181	-210	989	188	0	88
22856	5888	6472	-5282	-6938	476	-13	2010	206	180	-180	-213	996	151	0	88
22874	5929	6485	-5280	-6910	666	-2	690	205	180	-180	-213	996	148	0	88
22892	5754	6627	-5084	-7022	682	12	-3180	204	181	-181	-213	989	191	0	88
22916	5782	6554	-5173	-7013	620	-10	870	205	184	-180	-217	991	178	0	88
22940	5783	6460	-5257	-7000	974	-15	340	203	187	-179	-221	995	163	0	88
22964	5683	6520	-5155	-7050	556	-22	-1800	204	187	-178	-225	990	186	0	88
22982	5740	6474	-5228	-7024	586	-60	1380	204	187	-178	-222	992	172	0	88
23003	5756	6495	-5212	-7014	745	-121	80	204	188	-178	-222	993	173	0	88
23027	5619	6579	-5077	-7091	787	-102	-1080	204	191	-177	-223	987	203	0	88
23051	5692	6561	-5124	-7051	541	19	-530	204	189	-170	-220	990	192	0	88
23069	5694	6558	-5134	-7057	541	19	-530	203	188	-173	-216	990	192	0	88
23093	5667	6574	-5116	-7081	541	23	-530	205	188	-171	-218	988	199	0	88
23117	5669	6570	-5128	-7089	541	23	-530	205	189	-171	-212	988	199	0	88
23141	5698	6543	-5172	-7080	541	19	-530	207	191	-168	-212	990	192	0	88
23165	5698	6538	-5185	-7088	541	19	-530	206	192	-170	-213	990	192	0	88
23183	5699	6534	-5194	-7094	541	19	-530	204	193	-168	-215	990	192	0	88
23207	5767	6489	-5257	-7048	1035	-101	-560	204	198	-168	-216	992	180	0	88
23231	5730	6495	-5231	-7061	705	147	-330	204	199	-168	-218	991	185	0	88
23246	5735	6486	-5239	-7057	780	23	750	204	200	-170	-221	991	184	0	88
23270	5728	6508	-5211	-7055	693	67	60	204	199	-171	-222	991	188	0	88
23294	5741	6500	-5216	-7039	543	27	-170	205	196	-173	-222	990	186	0	88
23312	5678	6531	-5164	-7077	828	-36	-850	204	199	-174	-222	988	199	0	88
23324	5691	6533	-5163	-7066	1032	27	-200	206	199	-175	-223	989	198	0	88
23336	5663	6547	-5132	-7075	675	32	-310	205	199	-174	-225	988	204	0	88
