1	6150	5723	-5827	-6414	813	5	0	225	194	-191	-227	0	0	0	99
44	3126	3497	3011	-3230	65	61	-331	16	39	8	-20	0	0	0	99
125	3259	4421	3022	-4140	195	185	-322	29	99	6	-79	0	0	0	99
236	3351	5229	3023	-5028	317	319	-261	36	158	7	-140	0	0	0	99
256	3311	5339	3020	-5196	332	346	-233	34	167	9	-150	0	0	0	99
306	3224	5658	3140	-5524	384	421	-193	34	196	14	-180	0	0	0	99
345	3068	6080	3203	-6100	420	509	0	22	220	21	-211	0	0	0	99
367	3041	6252	3268	-6267	433	537	0	20	229	24	-220	0	0	0	99
392	2931	6498	3385	-6519	453	597	0	15	249	34	-237	0	0	0	99
436	-3053	6668	3603	-6666	461	666	0	4	267	48	-252	0	0	0	99
483	-3343	6996	3839	-7068	460	774	176	-20	287	69	-277	0	0	0	99
492	-3578	7208	4113	-7226	462	807	205	-26	295	75	-284	0	0	0	99
505	-3568	7198	4106	-7215	462	807	205	-26	295	75	-284	0	0	0	99
518	-3642	7170	4136	-7222	455	846	254	-37	301	85	-291	0	0	0	99
531	-3785	7102	4274	-7129	449	882	287	-46	307	94	-297	0	0	0	99
544	-3778	7093	4267	-7105	449	882	287	-46	307	94	-297	0	0	0	99
557	-3874	7586	4434	-7593	466	941	314	-53	324	103	-313	0	0	0	99
570	-3864	7564	4430	-7562	466	941	314	-53	324	103	-313	0	0	0	99
583	-3766	7532	4395	-7467	486	965	296	-52	335	105	-323	0	0	0	99
596	-3885	7644	4523	-7577	494	994	298	-55	344	110	-331	0	0	0	99
609	-4009	7947	4672	-7902	494	1028	326	-62	351	117	-338	0	0	0	99
626	-4043	7938	4725	-7874	500	1059	336	-66	360	122	-345	0	0	0	99
640	-4111	7922	4806	-7828	508	1088	334	-69	368	128	-353	0	0	0	99
655	-4021	8280	4803	-8153	-9	96	460	-67	380	128	-363	0	0	0	99
674	-4249	8340	4982	-8247	523	1147	349	-77	386	138	-369	0	0	0	99
696	-4266	8311	5034	-8179	529	1178	355	-81	394	143	-376	0	0	0	99
723	-4292	8441	5087	-8287	541	1206	355	-83	404	147	-385	0	0	0	99
744	-4324	9014	5270	-8757	565	1261	352	-86	422	155	-401	0	0	0	99
766	-4493	8795	5306	-8629	538	1273	386	-97	418	163	-397	0	0	0	99
788	-4352	8628	5202	-8411	546	1269	368	-93	419	160	-398	0	0	0	99
810	-4534	8565	5331	-8344	533	1274	381	-98	417	164	-396	0	0	0	99
820	-4606	8674	5402	-8455	521	1280	397	-103	415	168	-394	0	0	0	99
842	-4685	8518	5448	-8313	501	1288	408	-111	412	174	-390	0	0	0	99
864	-4724	8484	5509	-8252	494	1291	413	-113	411	177	-389	0	0	0	99
886	-4799	8254	5538	-8013	476	1297	426	-120	408	182	-386	0	0	0	99
907	-4863	8514	5640	-8259	466	1301	440	-124	406	185	-384	0	0	0	99
929	-4872	8316	5641	-8049	456	1305	433	-127	405	189	-382	0	0	0	99
940	-4852	8299	5629	-8041	456	1305	433	-127	405	189	-382	0	0	0	99
970	-4913	8115	5652	-7893	436	1313	446	-134	401	195	-378	0	0	0	99
992	-4770	8220	5611	-7961	442	1311	429	-132	403	193	-379	0	0	0	99
1014	-4989	8048	5770	-7784	417	1319	441	-141	398	201	-373	0	0	0	99
1035	-5190	7870	5889	-7627	386	1329	471	-152	393	210	-368	0	0	0	99
1059	-5457	7826	6141	-7528	342	1340	501	-167	384	222	-358	0	0	0	99
1080	-5209	8004	5971	-7674	367	1334	465	-158	390	216	-363	0	0	0	99
1095	-5366	7785	6044	-7475	346	1339	476	-165	386	222	-358	0	0	0	99
1121	-5249	7772	5996	-7411	348	1340	445	-164	387	222	-358	0	0	0	99
1145	-5449	7791	6138	-7466	330	1344	456	-170	383	227	-354	0	0	0	99
1167	-5469	7756	6159	-7404	326	1345	453	-171	383	228	-353	0	0	0	99
1180	-5468	7752	6153	-7400	326	1345	453	-171	383	228	-353	0	0	0	99
1193	-5483	7742	6188	-7357	324	1345	435	-171	383	229	-352	0	0	0	99
1206	-5468	7718	6161	-7356	316	1347	435	-174	382	232	-351	0	0	0	99
1232	-5450	7615	6153	-7223	311	1348	412	-175	381	234	-349	0	0	0	99
1254	-5557	7655	6252	-7267	299	1352	412	-179	379	237	-346	0	0	0	99
1276	-5425	7588	6141	-7190	293	1352	399	-180	378	239	-344	0	0	0	99
1332	-5803	7454	6451	-7017	239	1364	405	-198	368	255	-331	0	0	0	99
1353	-5760	7382	6383	-6960	229	1365	402	-201	366	257	-329	0	0	0	99
1375	-5758	7444	6385	-7027	219	1367	408	-204	364	260	-327	0	0	0	99
1397	-6093	7185	6661	-6733	174	1374	426	-218	355	272	-316	0	0	0	99
1482	-5942	7271	6610	-6746	168	1374	350	-218	355	275	-312	0	0	0	99
1504	-6173	7148	6778	-6632	138	1378	370	-228	348	283	-305	0	0	0	99
1534	-6131	7203	6784	-6663	124	1380	354	-231	346	287	-301	0	0	0	99
1558	-6041	6971	6669	-6441	119	1381	344	-233	345	289	-299	0	0	0	99
1580	-6432	7036	7040	-6474	79	1383	354	-245	336	299	-289	0	0	0	99
1608	-6310	7098	6972	-6520	93	1382	306	-239	341	296	-291	0	0	0	99
1630	-6464	6968	7064	-6420	61	1384	334	-249	333	304	-283	0	0	0	99
1660	-6306	6906	6945	-6375	59	1384	321	-249	333	304	-283	0	0	0	99
1682	-6448	6952	7137	-6353	50	1385	294	-251	331	307	-279	0	0	0	99
1705	-6413	6980	7095	-6365	51	1385	271	-250	332	308	-279	0	0	0	99
1720	-6222	7002	6916	-6415	55	1384	260	-249	333	307	-280	0	0	0	99
1746	-6613	7007	7252	-6412	17	1386	292	-261	324	316	-270	0	0	0	99
1790	-6520	6947	7171	-6317	8	1386	259	-262	323	319	-267	0	0	0	99
1864	-6354	6918	7050	-6262	-2	1386	212	-264	321	323	-262	0	0	0	99
1877	-6347	6928	7043	-6272	-2	1386	212	-264	321	323	-262	0	0	0	99
1890	-6534	6854	7181	-6192	-39	1386	233	-275	312	331	-253	0	0	0	99
1925	-6505	6885	7146	-6221	-39	1386	233	-275	312	331	-253	0	0	0	99
1946	-6559	6738	7199	-6058	-59	1385	222	-280	308	336	-247	0	0	0	99
1974	-6535	6724	7186	-6036	-69	1384	218	-282	305	338	-244	0	0	0	99
2005	-6879	6457	7454	-5745	-117	1382	221	-295	293	349	-230	0	0	0	99
2028	-6810	6533	7368	-5877	-136	1380	249	-301	287	352	-225	0	0	0	99
2050	-7065	6380	7625	-5636	-167	1376	216	-308	280	359	-215	0	0	0	99
2063	-7051	6383	7624	-5639	-167	1376	216	-308	280	359	-215	0	0	0	99
2076	-7058	6390	7628	-5640	-167	1376	216	-308	280	359	-215	0	0	0	99
2102	-7084	6075	7569	-5340	-227	1368	252	-324	263	370	-198	0	0	0	99
2115	-7459	5931	7899	-5162	-269	1360	260	-335	251	378	-184	0	0	0	99
2128	-7463	5927	7899	-5165	-269	1360	260	-335	251	378	-184	0	0	0	99
2167	-7487	5792	7915	-5019	-318	1349	258	-346	237	387	-169	0	0	0	99
2191	-7606	5678	8005	-4924	-341	1344	260	-352	230	392	-161	0	0	0	99
2212	-7523	5666	7921	-4936	-344	1343	259	-353	229	392	-160	0	0	0	99
2225	-7743	5548	8129	-4760	-373	1336	252	-359	221	397	-151	0	0	0	99
2247	-7774	5378	8117	-4618	-406	1326	262	-367	210	403	-140	0	0	0	99
2277	-7720	5060	8050	-4276	-433	1253	243	-360	187	392	-118	0	0	0	99
2317	3834	-3625	-4157	3118	26	-12	252	2	-3	-16	-12	0	0	0	99
2351	4042	-3508	-4331	2986	81	-38	242	23	3	-35	-22	0	0	0	99
2390	3987	-3297	-4229	-3027	109	-48	247	32	7	-44	-28	0	0	0	99
2410	4444	-3290	-4704	-3141	165	-69	264	51	15	-63	-40	0	0	0	99
2436	4374	-3021	-4508	-3275	192	-84	227	62	19	-71	-44	0	0	0	99
2459	4663	-3040	-4852	-3359	221	-93	246	72	23	-81	-51	0	0	0	99
2481	4780	3049	-4944	-3658	277	-113	259	91	31	-99	-63	0	0	0	99
2502	4829	3100	-4883	-3569	302	-132	203	103	34	-108	-65	0	0	0	99
2524	5227	3291	-5243	-3818	355	-160	175	123	41	-127	-74	0	0	0	99
2554	5432	3403	-5258	-3768	400	-204	0	149	46	-143	-73	0	0	0	99
2577	5503	3364	-5383	-3758	423	-225	0	160	47	-153	-76	0	0	0	99
2599	5782	3421	-5600	-3841	468	-268	0	180	47	-174	-80	0	0	0	99
2620	5877	3386	-5702	-3802	484	-302	0	191	43	-186	-78	0	0	0	99
2639	5982	3421	-5830	-3865	509	-318	0	201	45	-196	-82	0	0	0	99
2652	5937	3328	-5834	-3804	506	-323	0	201	43	-196	-80	0	0	0	99
2665	6037	3466	-5923	-3983	533	-336	0	211	46	-206	-86	0	0	0	99
2678	6314	3460	-6039	-3848	548	-368	-145	225	46	-213	-80	0	0	0	99
2691	6400	3472	-6174	-3915	573	-385	-148	235	48	-223	-83	0	0	0	99
2708	6551	3337	-6289	-3721	586	-419	-200	247	45	-232	-79	0	0	0	99
2734	6513	3459	-6270	-3874	606	-442	-218	257	44	-242	-80	0	0	0	99
2760	7046	3427	-6780	-3881	664	-515	-272	288	43	-271	-81	0	0	0	99
2782	7160	3348	-6906	-3797	674	-551	-320	299	38	-281	-76	0	0	0	99
2804	7248	3278	-6997	-3692	687	-582	-355	309	34	-290	-73	0	0	0	99
2826	7492	3152	-7270	-3588	715	-641	-410	330	28	-309	-68	0	0	0	99
2840	7645	3015	-7394	-3408	714	-687	-476	340	19	-318	-58	0	0	0	99
2867	7619	3014	-7425	-3449	728	-716	-493	350	16	-328	-56	0	0	0	99
2888	7685	3021	-7505	-3478	750	-737	-493	360	16	-338	-58	0	0	0	99
2910	7726	-3017	-7514	-3158	731	-797	-593	368	1	-345	-39	0	0	0	99
2932	7949	-3163	-7779	-3046	753	-857	-633	387	-6	-364	-32	0	0	0	99
2956	8070	-3259	-7904	-2967	759	-892	-666	396	-12	-372	-27	0	0	0	99
2982	8342	-3499	-8104	3127	765	-965	-729	413	-26	-389	-13	0	0	0	99
3021	8840	-3842	-8591	3437	778	-1069	-907	441	-43	-412	7	0	0	0	99
3044	8873	-4088	-8602	3671	738	-1133	-907	442	-67	-418	30	0	0	0	99
3066	8913	-4341	-8639	3917	736	-1170	-941	449	-76	-425	38	0	0	0	99
3088	9066	-4511	-8787	4053	723	-1248	-1008	462	-95	-438	58	0	0	0	99
3131	9418	-4674	-9048	4106	747	-1303	-1015	479	-103	-457	62	0	0	0	99
3170	9709	-4730	-9379	4005	806	-1375	-938	506	-108	-490	57	0	0	0	99
3194	10021	-4427	-9653	3594	879	-1365	-913	524	-89	-506	34	0	0	0	99
3220	10301	-4275	-9924	3336	951	-1389	-853	547	-79	-530	17	0	0	0	99
3239	10423	-4270	-10023	3278	983	-1404	-832	558	-76	-542	10	0	0	0	99
3260	10310	-3974	-9946	-2902	1031	-1406	-788	571	-66	-555	-4	0	0	0	99
3284	10724	-4110	-10403	2980	1075	-1450	-776	591	-66	-576	-8	0	0	0	99
3475	11644	-4301	-11735	3057	1276	-1751	-747	702	-91	-696	-9	0	0	0	99
3510	11595	-4628	-11650	3573	1250	-1842	-873	715	-115	-708	18	0	0	0	99
3558	11304	-6167	-11472	5236	1011	-2084	-1054	699	-224	-703	135	0	0	0	99
3590	11070	-6930	-11310	6030	883	-2208	-1173	689	-280	-699	197	0	0	0	99
3670	10111	-9026	-10420	8518	457	-2487	-1502	632	-438	-655	376	0	0	0	99
3746	9556	-9992	-9929	9635	253	-2636	-1617	606	-519	-639	464	0	0	0	99
3770	9825	-10253	-10232	9849	224	-2699	-1630	610	-540	-646	485	0	0	0	99
3787	8636	-10125	-9042	9904	145	-2705	-1659	590	-559	-628	508	0	0	0	99
3800	9423	-10472	-9848	10135	131	-2705	-1654	586	-563	-625	512	0	0	0	99
3841	9446	-10578	-9863	10232	93	-2707	-1651	575	-573	-617	523	0	0	0	99
3867	9365	-9975	-9774	9532	144	-2705	-1593	587	-562	-630	507	0	0	0	99
3911	9449	-10272	-9907	9862	118	-2706	-1557	579	-569	-625	513	0	0	0	99
3972	9921	-9749	-10470	9091	222	-2701	-1421	604	-547	-652	479	0	0	0	99
4011	9852	-9878	-10432	9209	187	-2704	-1364	593	-558	-646	488	0	0	0	99
4107	9813	-9622	-10499	8733	246	-2699	-1163	603	-548	-665	465	0	0	0	99
4172	9334	-9929	-10149	9033	148	-2707	-1023	573	-577	-647	490	0	0	0	99
4215	9030	-10041	-9891	9180	89	-2710	-963	555	-593	-636	505	0	0	0	99
4255	8693	-10311	-9645	9466	25	-2712	-848	535	-612	-624	520	0	0	0	99
4285	8775	-10368	-9832	9414	24	-2712	-721	531	-616	-628	517	0	0	0	99
4320	8784	-10488	-9968	9417	8	-2712	-597	523	-623	-627	518	0	0	0	99
4355	8026	-10401	-9208	9458	-77	-2711	-519	497	-645	-609	539	0	0	0	99
4390	8057	-10774	-9384	9730	-124	-2709	-388	479	-660	-601	549	0	0	0	99
4434	7844	-10901	-9282	9828	-192	-2705	-257	456	-679	-588	563	0	0	0	99
4462	7741	-11312	-9328	10234	-265	-2699	-151	432	-698	-572	579	0	0	0	99
4523	6775	-11920	-8617	10819	-483	-2669	133	357	-750	-521	627	0	0	0	99
4567	6158	-11776	-8121	10685	-583	-2649	255	322	-773	-496	648	0	0	0	99
4584	6218	-11669	-8163	10607	-583	-2649	255	322	-773	-496	648	0	0	0	99
4615	5760	-11868	-7773	10886	-690	-2623	360	284	-795	-468	670	0	0	0	99
4647	5203	-11919	-7250	11070	-823	-2585	427	238	-819	-429	698	0	0	0	99
4665	4548	-11921	-6613	11474	-967	-2536	464	188	-843	-384	727	0	0	0	99
4686	4608	-11922	-6677	11390	-967	-2536	464	188	-843	-384	727	0	0	0	99
4705	4416	-11922	-6638	11634	-1046	-2504	538	158	-856	-360	742	0	0	0	99
4742	3512	-11923	-5676	11723	-1215	-2427	552	96	-878	-302	774	0	0	0	99
4790	3676	-11924	-5789	11547	-1215	-2427	551	96	-878	-302	774	0	0	0	99
4833	3776	-11924	-5871	11449	-1215	-2427	550	96	-878	-302	774	0	0	0	99
4851	3827	-11925	-5894	11421	-1215	-2427	550	96	-878	-302	774	0	0	0	99
4873	3866	-11925	-5920	11385	-1215	-2427	550	96	-878	-302	774	0	0	0	99
4892	3918	-11926	-5999	11321	-1215	-2427	552	96	-878	-302	774	0	0	0	99
4909	-4596	-11926	-3497	11926	-1718	-2100	664	-107	-923	-109	850	0	0	0	99
4931	-4522	-11926	-3556	11926	-1718	-2100	664	-107	-923	-109	850	0	0	0	99
4968	-5631	-11311	3673	11239	-1823	-1759	559	-197	-864	0	819	0	0	0	99
4983	-5705	-11623	3674	11608	-1835	-1747	571	-202	-864	4	820	0	0	0	99
4998	-5571	-11618	3568	11726	-1835	-1747	571	-202	-864	4	820	0	0	0	99
5089	-6792	-9882	5528	10574	-1952	-1203	297	-329	-756	169	759	0	0	0	99
5108	-6915	-9458	5851	10291	-1972	-1047	190	-360	-720	213	739	0	0	0	99
5160	-7646	-7723	7037	8865	-1905	-586	0	-422	-590	312	640	0	0	0	99
5227	-7236	-5066	7444	6569	-1687	-138	-376	-434	-422	377	506	0	0	0	99
5258	-6744	-5030	6961	6423	-1627	-133	-376	-418	-406	364	489	0	0	0	99
5293	-6721	-4120	7165	5607	-1449	91	-531	-406	-306	380	402	0	0	0	99
5306	-6671	-4176	7109	5650	-1449	91	-531	-406	-306	380	402	0	0	0	99
5319	-6628	-4228	7052	5680	-1449	91	-531	-406	-306	380	402	0	0	0	99
5345	-5797	-3299	6454	4700	-1324	142	-575	-379	-264	363	359	0	0	0	99
5375	-5553	3126	6474	4226	-1180	275	-731	-359	-193	365	298	0	0	0	99
5389	-5413	3330	6342	3951	-1110	305	-762	-345	-169	357	274	0	0	0	99
5402	-5273	3514	6257	3738	-1038	333	-798	-329	-144	347	250	0	0	0	99
5428	-4617	4056	5774	3053	-884	399	-884	-295	-90	328	197	0	0	0	99
5450	-4216	4432	5497	-3208	-801	430	-936	-277	-61	318	169	0	0	0	99
5463	-3898	4734	5303	-3508	-708	467	-1016	-255	-28	307	139	0	0	0	99
5476	-3777	4782	5099	-3661	-632	469	-1010	-234	-10	289	117	0	0	0	99
5502	-2900	5108	4303	-4070	-552	471	-1021	-212	9	271	95	0	0	0	99
5525	3114	5177	4034	-4150	-393	455	-999	-166	42	229	53	0	0	0	99
5547	3332	5164	3685	-4259	-326	428	-949	-143	51	205	37	0	0	0	99
5560	3226	5103	3694	-4169	-326	428	-949	-143	51	205	37	0	0	0	99
5573	3577	5396	3283	-4504	-235	410	-918	-116	67	178	15	0	0	0	99
5586	3905	5328	-2985	-4493	-157	377	-898	-88	77	152	-1	0	0	0	99
5612	4424	5331	-3740	-4733	-15	276	-824	-32	85	92	-23	0	0	0	99
5634	4518	5205	-3955	-4640	31	207	-796	-7	78	63	-24	0	0	0	99
5665	4856	6998	-4139	-6580	368	457	-653	36	214	39	-169	0	0	0	99
5684	4969	6939	-4332	-6579	410	412	-594	54	211	17	-174	0	0	0	99
5710	5035	6830	-4448	-6481	444	369	-565	71	208	-2	-176	0	0	0	99
5745	5791	7460	-5128	-7257	680	366	-533	136	263	-59	-242	0	0	0	99
5780	5828	7328	-5083	-7043	716	288	-617	163	255	-84	-236	0	0	0	99
5802	5773	7257	-5015	-6925	716	288	-617	163	255	-84	-236	0	0	0	99
5815	5750	7230	-4977	-6867	716	288	-616	163	255	-84	-236	0	0	0	99
5828	6878	6843	-6026	-6503	744	195	-679	190	241	-111	-224	0	0	0	99
5850	6101	6739	-5270	-6355	748	176	-710	195	239	-115	-221	0	0	0	99
5876	6350	6407	-5487	-6083	759	122	-749	210	229	-129	-213	0	0	0	99
5898	6212	6426	-5351	-6168	758	128	-718	207	230	-129	-215	0	0	0	99
5928	6235	6220	-5281	-5939	762	106	-736	213	226	-134	-211	0	0	0	99
5952	6105	6152	-5154	-5883	761	105	-733	213	226	-134	-211	0	0	0	99
5974	6068	6185	-5102	-5951	762	108	-726	212	226	-134	-212	0	0	0	99
6004	6085	6091	-5132	-5901	763	97	-721	214	224	-137	-210	0	0	0	99
6013	6077	6072	-5116	-5893	763	97	-721	214	224	-137	-210	0	0	0	99
6035	5829	6058	-4880	-5883	761	112	-699	211	226	-134	-213	0	0	0	99
6057	5897	6108	-4863	-5866	762	104	-737	213	226	-135	-211	0	0	0	99
6078	5835	5989	-4920	-5865	760	118	-688	209	227	-132	-214	0	0	0	99
6109	5742	6063	-4770	-5900	758	130	-678	206	229	-129	-216	0	0	0	99
6187	5444	6028	-4547	-5936	749	177	-584	192	236	-118	-225	0	0	0	99
6217	5379	6146	-4443	-6037	745	194	-568	187	238	-114	-227	0	0	0	99
6239	5194	6115	-4314	-6038	739	214	-529	181	240	-109	-231	0	0	0	99
6261	5218	6167	-4250	-5994	740	210	-566	183	241	-109	-229	0	0	0	99
6283	5177	6208	-4253	-6087	735	226	-545	178	243	-105	-231	0	0	0	99
6309	5194	6152	-4253	-6003	737	221	-565	180	243	-106	-230	0	0	0	99
6331	5012	6147	-4118	-6045	730	245	-527	172	245	-100	-234	0	0	0	99
6353	4994	6238	-4084	-6110	725	257	-513	168	247	-96	-235	0	0	0	99
6374	4899	6194	-4025	-6103	720	271	-509	164	249	-92	-237	0	0	0	99
6396	4899	6186	-4028	-6090	720	271	-508	164	249	-92	-237	0	0	0	99
6420	4732	6255	-3788	-6058	710	296	-520	157	253	-83	-238	0	0	0	99
6442	4679	6341	-3753	-6181	697	326	-481	147	256	-74	-241	0	0	0	99
6463	5585	5723	-4825	-5816	783	99	-457	212	222	-149	-224	0	0	0	99
6485	5740	5860	-4934	-5950	813	103	-459	220	230	-155	-233	0	0	0	99
6507	5909	5929	-5069	-6030	843	102	-470	229	237	-162	-241	0	0	0	99
6529	5910	6099	-5094	-6257	871	122	-436	232	247	-165	-253	0	0	0	99
6548	6018	6216	-5153	-6356	901	123	-445	241	255	-171	-261	0	0	0	99
6574	6153	6410	-5306	-6633	957	157	-398	248	275	-178	-284	0	0	0	99
6605	6337	6759	-5420	-6991	1013	181	-374	259	293	-186	-305	0	0	0	99
6622	6356	6916	-5426	-7163	1042	189	-370	265	302	-191	-315	0	0	0	99
6644	6364	6972	-5436	-7235	1071	202	-359	271	311	-195	-326	0	0	0	99
6674	6470	7420	-5544	-7775	1149	267	-285	278	343	-200	-362	0	0	0	99
6696	6679	7556	-5673	-7884	1180	272	-292	286	352	-206	-371	0	0	0	99
6731	6850	7911	-5834	-8297	1264	307	-240	301	379	-219	-402	0	0	0	99
6754	6714	7978	-5704	-8366	1258	329	-240	296	382	-213	-405	0	0	0	99
6769	6732	8169	-5691	-8566	1282	355	-216	297	394	-213	-417	0	0	0	99
6795	6792	8308	-5703	-8668	1311	363	-218	304	402	-218	-427	0	0	0	99
6817	6940	8539	-5816	-8924	1365	393	-202	313	422	-224	-448	0	0	0	99
6844	6732	8442	-5600	-8759	1416	433	-174	319	443	-227	-470	0	0	0	99
6866	7082	8808	-5918	-9211	1444	442	-176	325	452	-232	-480	0	0	0	99
6890	7183	9240	-5956	-9667	1492	491	-140	328	473	-233	-503	0	0	0	99
6911	7224	9258	-5955	-9647	1527	483	-163	340	481	-242	-511	0	0	0	99
6924	7283	9422	-6016	-9857	1550	509	-149	341	492	-242	-522	0	0	0	99
6950	7107	9409	-5956	-9927	1572	538	0	338	500	-245	-538	0	0	0	99
6971	7387	9787	-6143	-10295	1627	564	0	348	519	-251	-558	0	0	0	99
6994	7378	9779	-6123	-10261	1652	581	0	352	529	-253	-568	0	0	0	99
7017	7478	9956	-6188	-10436	1681	590	0	358	538	-258	-578	0	0	0	99
7104	7816	10636	-6389	-11115	1847	664	0	391	595	-280	-638	0	0	0	99
7143	8114	11019	-6457	-11341	1929	700	-199	413	628	-285	-662	0	0	0	99
7175	8499	10926	-6867	-11304	2009	653	-183	443	636	-316	-676	0	0	0	99
7212	8757	11158	-7066	-11493	2073	650	-252	464	652	-330	-691	0	0	0	99
7284	9452	11151	-7707	-11461	2221	574	-413	524	673	-378	-714	0	0	0	99
7320	10151	10914	-8357	-11214	2312	440	-523	577	667	-428	-711	0	0	0	99
7338	10584	10840	-8773	-11168	2355	368	-595	605	662	-454	-708	0	0	0	99
7427	10786	10639	-9084	-11002	2545	318	-727	670	698	-507	-748	0	0	0	99
7475	11063	10716	-9375	-11083	2582	256	-805	695	695	-528	-744	0	0	0	99
7493	11231	10756	-9566	-11144	2587	200	-874	708	685	-540	-734	0	0	0	99
7507	11182	10714	-9523	-11097	2587	200	-874	708	685	-540	-734	0	0	0	99
7529	11119	10681	-9482	-11055	2587	200	-874	708	685	-540	-734	0	0	0	99
7548	11423	10139	-9786	-10463	2593	91	-992	733	664	-564	-712	0	0	0	99
7596	11319	10301	-9690	-10662	2593	95	-1042	734	666	-562	-711	0	0	0	99
7614	10862	9957	-9324	-10274	2591	132	-1038	727	674	-553	-718	0	0	0	99
7640	11020	10095	-9413	-10435	2592	128	-1084	729	675	-553	-716	0	0	0	99
7664	10834	10187	-9215	-10503	2590	163	-1081	722	682	-544	-722	0	0	0	99
7707	10577	10456	-8882	-10748	2584	241	-1069	705	699	-524	-735	0	0	0	99
7740	10226	10599	-8490	-10881	2571	356	-1065	680	723	-494	-753	0	0	0	99
7816	9375	11102	-7490	-11226	2519	623	-1011	615	773	-420	-790	0	0	0	99
7848	8917	11857	-6935	-11894	2472	790	-954	569	799	-371	-809	0	0	0	99
7883	8040	11406	-6165	-11398	2360	928	-901	510	804	-313	-805	0	0	0	99
7935	6882	11920	-4916	-11799	2226	1214	-824	418	838	-216	-823	0	0	0	99
7984	6410	11386	-4456	-11075	2127	1265	-852	382	827	-180	-804	0	0	0	99
8007	6224	11401	-4251	-11043	2107	1301	-874	370	832	-166	-804	0	0	0	99
8055	5481	10861	-3504	-10342	1954	1420	-902	306	825	-101	-783	0	0	0	99
8103	5132	11337	-3005	-10686	1868	1532	-966	263	832	-52	-778	0	0	0	99
8121	4513	10861	3355	-10120	1737	1591	-989	216	816	-6	-752	0	0	0	99
8135	4560	10845	3308	-10126	1737	1591	-989	216	816	-6	-752	0	0	0	99
8148	4212	11081	3696	-10311	1690	1641	-1007	194	817	16	-748	0	0	0	99
8163	3847	10946	4055	-10123	1624	1706	-1011	164	817	47	-741	0	0	0	99
8189	3210	11211	4737	-10294	1499	1817	-1026	109	814	104	-726	0	0	0	99
8213	-2946	10244	4975	-9238	1394	1824	-1042	79	791	131	-698	0	0	0	99
8226	3113	10842	4960	-9703	1415	1808	-1142	90	795	125	-698	0	0	0	99
8239	3159	10833	4907	-9713	1415	1808	-1142	90	795	125	-698	0	0	0	99
8254	-3003	10618	5169	-9520	1350	1856	-1149	63	792	152	-689	0	0	0	99
8275	-3410	10710	5571	-9549	1261	1918	-1147	27	785	187	-676	0	0	0	99
8297	-4348	9657	6310	-8399	1028	1917	-1149	-37	730	243	-610	0	0	0	99
8310	-4413	9287	6349	-7989	930	1900	-1161	-61	703	262	-580	0	0	0	99
8323	-4323	9008	6200	-7744	904	1846	-1161	-58	684	255	-562	0	0	0	99
8358	-4094	8458	5864	-7263	851	1739	-1162	-53	646	243	-527	0	0	0	99
8381	-3907	8207	5635	-7055	824	1685	-1160	-50	627	236	-510	0	0	0	99
8416	-3627	7380	5196	-6311	745	1522	-1159	-42	569	216	-458	0	0	0	99
8455	-4161	6370	5697	-5046	419	1455	-1363	-115	482	283	-349	0	0	0	99
8477	-4073	6428	5625	-5120	419	1455	-1363	-115	482	283	-349	0	0	0	99
8538	-4681	5142	5992	-3797	187	1351	-1373	-160	403	314	-264	0	0	0	99
8561	-4817	4839	6086	-3450	101	1300	-1401	-173	371	323	-230	0	0	0	99
8585	-4598	4280	5736	-2970	49	1182	-1409	-166	331	308	-193	0	0	0	99
8660	-4308	2977	5201	3839	-132	963	-1424	-175	237	299	-102	0	0	0	99
8698	-4282	-3129	5059	3939	-188	830	-1415	-167	192	281	-62	0	0	0	99
8722	-4035	-3236	4729	3965	-210	763	-1387	-161	170	269	-44	0	0	0	99
8796	-2994	-4244	3240	4707	-281	400	-1152	-120	60	194	36	0	0	0	99
8811	-2909	-4150	3115	4562	-270	334	-1102	-106	46	174	44	0	0	0	99
8851	3787	-4235	-3746	4402	-194	156	-938	-56	17	109	51	0	0	0	99
8874	4146	-4278	-4153	4338	-156	107	-892	-38	13	87	48	0	0	0	99
8905	4828	-4024	-4839	3875	-60	30	-806	0	15	44	33	0	0	0	99
8927	5302	-3881	-5214	3648	6	-2	-770	24	22	19	20	0	0	0	99
8948	4906	-3421	-4781	3202	57	-14	-697	38	29	2	6	0	0	0	99
8970	4844	-3295	-4677	3105	57	-14	-697	38	29	2	6	0	0	0	99
8989	4747	-3105	-4547	2913	58	-10	-666	36	30	2	4	0	0	0	99
9011	-3246	-4521	3190	4683	-398	18	-624	-96	-72	116	125	0	0	0	99
9033	-4011	-5283	3816	5548	-599	-3	-610	-149	-125	158	184	0	0	0	99
9048	-4588	-6204	4219	6524	-790	-96	-578	-186	-194	180	254	0	0	0	99
9074	-4596	-6374	4176	6650	-783	-140	-555	-176	-203	167	260	0	0	0	99
9096	-4605	-6255	4234	6591	-779	-160	-559	-171	-206	162	262	0	0	0	99
9118	-4110	-6560	3638	6759	-752	-257	-501	-147	-225	131	271	0	0	0	99
9140	-4046	-6504	3579	6700	-738	-292	-490	-137	-230	119	274	0	0	0	99
9161	-3805	-6547	3309	6690	-713	-348	-452	-121	-238	99	276	0	0	0	99
9185	-3578	-6617	3074	6731	-691	-386	-448	-108	-242	84	277	0	0	0	99
9207	-3532	-6518	3065	6672	-679	-407	-461	-100	-244	77	277	0	0	0	99
9237	-3242	-6652	-3115	6670	-631	-477	-409	-75	-251	47	276	0	0	0	99
9255	-3098	-6542	-3184	6560	-610	-502	-399	-65	-252	36	274	0	0	0	99
9281	3140	-6479	-3602	6398	-555	-560	-382	-40	-253	9	269	0	0	0	99
9293	3195	-6573	-3681	6481	-529	-584	-359	-28	-253	-2	266	0	0	0	99
9306	3190	-6539	-3654	6476	-529	-584	-359	-28	-253	-2	266	0	0	0	99
9319	3353	-6464	-3779	6415	-505	-604	-365	-18	-252	-13	263	0	0	0	99
9345	3612	-6341	-4018	6279	-445	-647	-360	6	-248	-37	254	0	0	0	99
9376	3745	-6107	-4091	6062	-404	-672	-383	23	-244	-52	248	0	0	0	99
9399	4181	-6144	-4518	6035	-360	-694	-401	40	-238	-68	240	0	0	0	99
9421	4008	-6104	-4401	5957	-338	-705	-374	47	-236	-76	236	0	0	0	99
9436	4286	-5961	-4594	5847	-302	-719	-417	61	-230	-87	229	0	0	0	99
9462	4234	-5960	-4561	5855	-302	-719	-417	61	-230	-87	229	0	0	0	99
9483	4321	-5930	-4675	5784	-274	-730	-401	70	-226	-96	223	0	0	0	99
9505	4320	-5875	-4616	5798	-268	-732	-430	73	-225	-97	223	0	0	0	99
9527	4542	-5722	-4867	5543	-202	-751	-379	94	-215	-119	206	0	0	0	99
9550	4966	3660	-4606	-3755	274	-229	-379	129	21	-108	-23	0	0	0	99
9572	5211	3722	-4867	-3876	324	-263	-351	149	24	-129	-31	0	0	0	99
9594	5291	3648	-5023	-3854	350	-278	-329	158	26	-139	-36	0	0	0	99
9609	5397	3781	-5132	-4020	375	-296	-317	168	27	-150	-40	0	0	0	99
9635	5646	3832	-5381	-4109	423	-331	-308	188	30	-170	-47	0	0	0	99
9657	5790	3657	-5571	-3969	448	-349	-301	198	31	-180	-51	0	0	0	99
9678	5917	3628	-5724	-3942	470	-369	-305	208	32	-190	-53	0	0	0	99
9700	5944	3671	-5803	-4014	495	-385	-294	218	34	-200	-58	0	0	0	99
9723	6249	3575	-6133	-3948	539	-428	-316	238	35	-220	-61	0	0	0	99
9745	6384	3560	-6259	-3921	558	-452	-332	249	34	-230	-62	0	0	0	99
9767	6663	3485	-6510	-3842	593	-504	-375	269	31	-249	-61	0	0	0	99
9789	6764	3444	-6664	-3855	619	-519	-363	279	33	-259	-65	0	0	0	99
9810	6829	3423	-6746	-3846	644	-537	-353	289	35	-270	-69	0	0	0	99
9844	7241	3292	-7125	-3701	690	-621	-427	320	28	-298	-64	0	0	0	99
9859	7321	3281	-7310	-3751	719	-634	-406	329	31	-309	-71	0	0	0	99
9885	7364	3317	-7380	-3759	738	-658	-418	339	30	-319	-71	0	0	0	99
9907	7665	3159	-7673	-3627	773	-708	-446	359	27	-338	-71	0	0	0	99
9938	7464	2947	-7347	-3207	759	-766	-535	369	13	-346	-54	0	0	0	99
9960	7887	-3140	-7868	-3045	761	-807	-583	378	5	-355	-45	0	0	0	99
9994	8323	-3317	-8223	2912	784	-907	-664	406	-10	-382	-31	0	0	0	99
10018	8392	-3402	-8276	2989	788	-944	-697	414	-17	-390	-24	0	0	0	99
10048	8696	-3493	-8443	3080	794	-1016	-756	431	-31	-407	-11	0	0	0	99
10070	8746	-3756	-8483	3319	793	-1055	-793	439	-39	-415	-2	0	0	0	99
10092	9087	-3971	-8802	3488	787	-1133	-865	454	-57	-430	15	0	0	0	99
10135	9544	-3969	-9254	3288	866	-1189	-815	485	-53	-464	2	0	0	0	99
10146	9421	-3928	-9114	3264	882	-1214	-819	494	-55	-473	2	0	0	0	99
10172	9855	-3780	-9544	2966	928	-1217	-774	506	-46	-486	-10	0	0	0	99
10219	10087	-3630	-9756	-3084	1010	-1268	-724	537	-40	-519	-25	0	0	0	99
10267	10565	-3584	-10332	-3249	1089	-1320	-683	568	-35	-551	-39	0	0	0	99
10319	10690	-3584	-10549	-3256	1140	-1396	-681	596	-41	-581	-39	0	0	0	99
10367	10950	-3802	-10888	-3057	1178	-1480	-690	623	-52	-610	-34	0	0	0	99
10416	11102	-4169	-11038	3180	1162	-1606	-756	644	-83	-634	-4	0	0	0	99
10463	11304	-4366	-11264	3245	1201	-1690	-760	670	-94	-663	0	0	0	0	99
10511	11472	-4605	-11501	3357	1217	-1789	-764	693	-113	-690	14	0	0	0	99
10564	11611	-4923	-11677	3567	1233	-1886	-776	716	-132	-717	28	0	0	0	99
10608	11760	-4962	-11902	3465	1294	-1954	-727	744	-135	-749	22	0	0	0	99
10652	11909	-4886	-11909	3205	1387	-2000	-577	774	-129	-786	1	0	0	0	99
10669	11912	-4573	-11912	-2932	1437	-1965	-577	782	-108	-789	-19	0	0	0	99
10709	11914	-4647	-11914	-2943	1497	-2033	-466	808	-113	-823	-26	0	0	0	99
10737	11913	-4120	-11913	-3466	1590	-1999	-443	827	-84	-838	-59	0	0	0	99
10765	11913	-4245	-11913	-3399	1623	-2050	-409	845	-89	-858	-59	0	0	0	99
10809	11912	-4840	-11912	3149	1527	-2122	-424	832	-129	-852	-19	0	0	0	99
10857	11656	-5625	-11915	4025	1361	-2233	-435	806	-194	-839	47	0	0	0	99
10875	11627	-5596	-11927	4011	1361	-2233	-435	806	-194	-839	47	0	0	0	99
10909	11110	-5905	-11456	4398	1276	-2282	-423	792	-226	-831	80	0	0	0	99
10927	11318	-6281	-11710	4757	1223	-2312	-429	782	-245	-825	100	0	0	0	99
10941	11314	-6250	-11696	4742	1223	-2312	-429	782	-245	-825	100	0	0	0	99
10980	10033	-7167	-10556	5963	994	-2418	-468	740	-324	-795	185	0	0	0	99
11028	9670	-8291	-10451	7043	733	-2511	-422	683	-409	-756	274	0	0	0	99
11080	9018	-9071	-9952	7941	528	-2562	-363	633	-471	-721	339	0	0	0	99
11103	8755	-9124	-9789	7943	485	-2570	-313	621	-485	-715	351	0	0	0	99
11134	8508	-9310	-9689	8069	423	-2580	-183	603	-505	-706	366	0	0	0	99
11185	7961	-9906	-9369	8618	250	-2604	0	553	-557	-676	414	0	0	0	99
11209	8178	-9727	-9725	8222	297	-2599	164	561	-549	-690	395	0	0	0	99
11239	7241	-10534	-9017	9095	91	-2613	381	500	-608	-651	449	0	0	0	99
11279	6995	-10816	-8945	9289	-6	-2616	557	468	-637	-634	472	0	0	0	99
11390	5973	-11562	-8506	9815	-273	-2601	1200	373	-714	-585	525	0	0	0	99
11408	6022	-11486	-8531	9752	-273	-2601	1200	373	-714	-585	525	0	0	0	99
11422	5320	-10706	-7799	9004	-287	-2539	1281	355	-705	-569	516	0	0	0	99
11444	5603	-11078	-8160	9312	-321	-2535	1346	343	-714	-562	522	0	0	0	99
11463	5295	-11460	-7920	9776	-412	-2521	1376	314	-734	-538	545	0	0	0	99
11507	5460	-11279	-8041	9644	-412	-2522	1378	314	-734	-538	545	0	0	0	99
11526	5526	-11214	-8091	9598	-412	-2522	1379	314	-734	-538	545	0	0	0	99
11546	5587	-11149	-8147	9539	-412	-2522	1380	314	-734	-538	545	0	0	0	99
11560	5638	-11097	-8181	9491	-412	-2522	1383	314	-734	-538	545	0	0	0	99
11595	-4269	-11903	-4358	11665	-1240	-2227	1463	26	-862	-275	718	0	0	0	99
11652	-5324	-11666	-2961	11057	-1413	-2049	1424	-53	-860	-190	734	0	0	0	99
11684	-5975	-11518	3607	11099	-1564	-1858	1340	-128	-848	-107	743	0	0	0	99
11721	-6562	-10824	4372	10674	-1654	-1610	1233	-196	-808	-24	726	0	0	0	99
11753	-6685	-11013	4396	10861	-1710	-1551	1203	-222	-806	3	731	0	0	0	99
11771	-6984	-10448	4811	10389	-1721	-1447	1175	-244	-783	31	715	0	0	0	99
11785	-7295	-10456	5191	10543	-1790	-1361	1119	-277	-778	70	720	0	0	0	99
11820	-7593	-9232	5830	9500	-1759	-1087	995	-316	-702	131	664	0	0	0	99
11868	-7987	-8292	6400	8613	-1753	-848	939	-357	-643	188	620	0	0	0	99
11891	-7730	-8540	6122	8793	-1753	-848	939	-357	-643	188	620	0	0	0	99
11942	-8078	-7896	6668	8264	-1726	-599	845	-393	-574	243	568	0	0	0	99
12021	-7614	-5429	6783	5886	-1502	-267	722	-389	-439	272	448	0	0	0	99
12045	-7539	-5422	6758	5895	-1452	-205	695	-386	-412	275	423	0	0	0	99
12075	-6925	-3921	6484	4398	-1342	-84	626	-376	-355	280	372	0	0	0	99
12110	-6783	-3499	6519	4050	-1160	90	522	-355	-268	281	292	0	0	0	99
12150	-6407	-2924	6305	3493	-1093	147	471	-345	-237	280	264	0	0	0	99
12176	-6095	3635	6189	-3030	-949	249	393	-322	-176	273	207	0	0	0	99
12215	-5217	4566	5626	-3999	-715	355	246	-272	-92	246	126	0	0	0	99
12239	-4757	4723	5186	-4221	-630	381	233	-253	-65	233	98	0	0	0	99
12399	3815	4636	-3515	-4489	-30	121	0	-31	21	35	-14	0	0	0	99
12477	-3796	5925	4057	-5615	-2	603	247	-119	135	136	-118	0	0	0	99
12549	-4177	6623	4569	-6311	113	794	288	-124	206	153	-187	0	0	0	99
12764	-3941	6450	4454	-6224	239	765	232	-81	231	117	-215	0	0	0	99
12827	-4029	6391	4529	-6179	245	763	241	-80	232	116	-217	0	0	0	99
12849	-3998	6396	4499	-6195	243	764	249	-81	231	116	-217	0	0	0	99
12926	-3879	6347	4442	-6110	268	757	204	-71	237	110	-221	0	0	0	99
12953	-3899	6328	4450	-6105	268	757	203	-71	237	110	-221	0	0	0	99
12983	-4121	6470	4686	-6219	271	755	185	-69	238	109	-221	0	0	0	99
13005	-3777	6361	4332	-6156	276	753	186	-68	238	107	-222	0	0	0	99
13027	-3945	6323	4414	-6183	260	759	252	-75	234	111	-220	0	0	0	99
13053	-3828	6364	4389	-6146	279	752	208	-67	238	106	-223	0	0	0	99
13075	-3956	6326	4468	-6127	275	754	212	-69	238	107	-223	0	0	0	99
13105	-4095	6372	4595	-6179	264	758	222	-73	236	110	-221	0	0	0	99
13127	-3911	6234	4423	-6042	269	756	212	-71	237	109	-221	0	0	0	99
13149	-4102	6265	4568	-6096	249	763	254	-79	232	114	-218	0	0	0	99
13170	-3962	6205	4426	-6058	253	761	267	-78	233	112	-219	0	0	0	99
13185	-4003	6223	4549	-5977	263	758	225	-73	235	110	-220	0	0	0	99
13211	-4110	6300	4627	-6075	253	762	230	-77	234	114	-218	0	0	0	99
13233	-4114	6152	4641	-5890	247	764	216	-79	233	116	-217	0	0	0	99
13255	-4132	6177	4615	-5966	238	766	254	-83	230	118	-216	0	0	0	99
13276	-3904	6221	4505	-5924	264	758	185	-72	237	111	-219	0	0	0	99
13455	-4040	6129	4605	-5836	238	767	140	-80	234	121	-212	0	0	0	99
13485	-3974	6163	4607	-5808	234	768	133	-81	233	122	-212	0	0	0	99
13546	-4063	6156	4736	-5744	218	773	0	-82	235	131	-204	0	0	0	99
13574	-4213	6104	4870	-5673	214	774	0	-84	234	132	-203	0	0	0	99
13604	-4290	6146	4953	-5701	205	776	0	-86	232	135	-201	0	0	0	99
13625	-4409	5982	5006	-5550	179	782	0	-95	227	142	-195	0	0	0	99
13647	-4223	6115	4885	-5677	196	778	0	-89	231	137	-199	0	0	0	99
13668	-4426	6018	5050	-5561	166	785	0	-99	225	146	-192	0	0	0	99
13692	-4578	5862	5144	-5415	138	790	0	-108	220	154	-185	0	0	0	99
13713	-4799	5778	5382	-5270	101	795	0	-119	212	164	-176	0	0	0	99
13735	-4714	5778	5303	-5279	98	796	0	-120	212	165	-175	0	0	0	99
13757	4076	4569	-3778	-4734	400	185	0	77	138	-50	-146	0	0	0	99
13782	4283	4922	-3886	-5083	459	199	0	90	156	-61	-165	0	0	0	99
13806	4328	5090	-3919	-5259	487	210	0	96	165	-65	-175	0	0	0	99
13827	4346	5188	-3936	-5372	513	226	0	101	175	-68	-185	0	0	0	99
13849	4629	5275	-4205	-5504	539	241	0	105	184	-70	-195	0	0	0	99
13875	4583	5629	-4106	-5854	591	272	0	114	204	-75	-215	0	0	0	99
13898	4554	5772	-4072	-5995	616	288	0	118	214	-77	-225	0	0	0	99
13919	4596	5926	-4084	-6122	643	302	0	123	224	-80	-235	0	0	0	99
13941	4685	6173	-4117	-6383	698	327	0	133	242	-87	-255	0	0	0	99
13968	4760	6344	-4259	-6687	723	343	133	134	249	-93	-269	0	0	0	99
13986	4806	6622	-4267	-6958	774	379	154	141	268	-97	-290	0	0	0	99
14012	4923	6905	-4329	-7259	823	415	176	147	288	-101	-311	0	0	0	99
14034	4855	7019	-4242	-7359	849	430	176	151	298	-104	-321	0	0	0	99
14055	4895	7286	-4265	-7675	869	456	204	151	308	-103	-333	0	0	0	99
14077	4842	7292	-4215	-7663	892	478	219	153	318	-104	-343	0	0	0	99
14092	5051	7526	-4334	-7877	925	479	194	163	327	-110	-352	0	0	0	99
14118	4776	7619	-4120	-8000	943	510	225	161	337	-108	-364	0	0	0	99
14140	5123	7926	-4356	-8293	994	540	229	170	357	-114	-384	0	0	0	99
14174	5241	8012	-4413	-8340	1030	537	194	181	366	-122	-392	0	0	0	99
14196	5353	8239	-4494	-8591	1079	573	207	188	385	-125	-413	0	0	0	99
14222	5467	8438	-4562	-8797	1135	596	193	200	404	-133	-432	0	0	0	99
14244	5596	8753	-4622	-9113	1190	622	187	210	424	-139	-452	0	0	0	99
14257	5589	8735	-4621	-9088	1190	622	187	210	424	-139	-452	0	0	0	99
14313	5703	9180	-4661	-9549	1282	703	217	220	464	-143	-494	0	0	0	99
14337	5898	9364	-4771	-9705	1320	697	187	233	472	-152	-503	0	0	0	99
14358	5931	9344	-4787	-9674	1351	703	171	241	481	-158	-512	0	0	0	99
14371	6024	9594	-4842	-9937	1378	716	169	246	491	-161	-522	0	0	0	99
14421	6413	9790	-5077	-10022	1478	718	0	278	520	-180	-545	0	0	0	99
14464	7099	10145	-5692	-10466	1619	700	0	321	549	-217	-581	0	0	0	99
14507	7245	10187	-5875	-10530	1685	697	0	340	564	-234	-599	0	0	0	99
14546	7674	10448	-6162	-10690	1795	665	-152	381	587	-263	-619	0	0	0	99
14578	8045	10365	-6534	-10650	1850	596	-202	410	585	-291	-621	0	0	0	99
14629	8658	10342	-7052	-10591	1965	529	-309	458	599	-331	-637	0	0	0	99
14677	9590	10316	-7900	-10646	2117	404	-481	528	611	-392	-652	0	0	0	99
14727	10317	10408	-8511	-10743	2222	323	-590	576	619	-433	-662	0	0	0	99
14753	10250	10445	-8505	-10814	2253	320	-605	585	626	-441	-670	0	0	0	99
14805	10482	10499	-8756	-10900	2344	318	-651	612	649	-461	-694	0	0	0	99
14901	11106	10675	-9390	-11119	2536	227	-811	687	677	-524	-726	0	0	0	99
14934	11009	10640	-9387	-11102	2565	245	-828	692	689	-526	-737	0	0	0	99
14951	10825	10896	-9156	-11302	2563	266	-825	688	693	-520	-740	0	0	0	99
14973	10962	11071	-9279	-11475	2560	288	-822	683	698	-515	-744	0	0	0	99
15026	9724	9414	-8402	-9689	2502	272	-879	671	682	-503	-723	0	0	0	99
15060	10428	10632	-8780	-10854	2497	308	-888	664	689	-493	-728	0	0	0	99
15134	9406	11143	-7701	-11272	2448	588	-783	595	741	-418	-769	0	0	0	99
15169	8680	11191	-7001	-11281	2402	752	-701	549	767	-371	-790	0	0	0	99
15205	7707	11538	-6032	-11584	2326	962	-584	486	795	-306	-811	0	0	0	99
15223	7997	11642	-6190	-11640	2331	951	-624	490	795	-309	-809	0	0	0	99
15253	7276	11608	-5515	-11538	2268	1092	-564	445	812	-262	-819	0	0	0	99
15290	6944	11740	-5133	-11617	2212	1201	-531	408	823	-224	-825	0	0	0	99
15320	6170	11883	-4357	-11700	2120	1357	-462	352	837	-167	-830	0	0	0	99
15377	5663	11816	-3827	-11548	2037	1478	-425	305	845	-120	-831	0	0	0	99
15409	4825	11792	-3021	-11444	1921	1627	-414	244	852	-57	-826	0	0	0	99
15466	3519	11617	4092	-11067	1696	1861	-378	137	853	49	-808	0	0	0	99
15501	-3028	11728	4872	-11060	1562	1975	-376	79	848	108	-792	0	0	0	99
15533	-3941	11346	5693	-10556	1391	2099	-321	6	836	176	-769	0	0	0	99
15568	-4209	11044	5986	-10168	1293	2161	-362	-30	828	215	-752	0	0	0	99
15586	-4405	11330	6253	-10381	1233	2196	-377	-53	823	238	-741	0	0	0	99
15601	-5007	10707	6721	-9709	1128	2251	-364	-93	810	276	-722	0	0	0	99
15622	-5718	10620	7351	-9563	978	2320	-317	-149	790	326	-695	0	0	0	99
15674	-6753	10642	8428	-9391	734	2408	-358	-232	754	406	-642	0	0	0	99
15698	-6611	9395	8215	-8030	638	2374	-480	-249	727	424	-605	0	0	0	99
15733	-7907	9103	9466	-7543	371	2429	-550	-332	679	503	-539	0	0	0	99
15761	-8131	8780	9599	-7199	253	2445	-556	-368	655	534	-509	0	0	0	99
15815	-7911	9140	9516	-7499	240	2447	-628	-370	654	540	-504	0	0	0	99
15838	-7875	9166	9484	-7531	240	2447	-629	-369	654	540	-504	0	0	0	99
15851	-7795	9201	9404	-7603	240	2447	-631	-369	654	540	-504	0	0	0	99
15866	-7726	9231	9328	-7661	240	2447	-633	-369	654	540	-504	0	0	0	99
15887	-7641	9298	9239	-7750	240	2447	-630	-369	654	540	-504	0	0	0	99
15918	-9542	7498	10887	-5584	-350	2433	-790	-527	515	681	-332	0	0	0	99
15975	-10254	6157	11314	-4189	-626	2315	-816	-582	422	719	-232	0	0	0	99
16014	-10141	4774	10914	-2923	-814	2127	-802	-600	333	719	-145	0	0	0	99
16083	-10687	3254	11122	4301	-1151	1894	-786	-651	198	743	-8	0	0	0	99
16122	-10344	-3536	10526	5099	-1281	1659	-741	-644	110	717	69	0	0	0	99
16170	-9134	-5558	8754	6736	-1450	1156	-602	-602	-52	634	206	0	0	0	99
16205	-8492	-6460	7921	7502	-1486	892	-532	-565	-125	578	263	0	0	0	99
16223	-8167	-6585	7543	7523	-1489	762	-492	-543	-158	547	287	0	0	0	99
16236	-8125	-6444	7535	7390	-1489	762	-492	-543	-158	547	287	0	0	0	99
16277	-6910	-6910	6504	7627	-1448	555	-454	-494	-198	487	313	0	0	0	99
16299	-6301	-7348	5517	7832	-1390	332	-424	-437	-238	420	337	0	0	0	99
16321	-5726	-7222	5004	7633	-1346	238	-419	-408	-250	387	342	0	0	0	99
16334	-5431	-7327	4689	7683	-1298	151	-417	-378	-259	355	345	0	0	0	99
16347	-4949	-7411	4156	7637	-1243	55	-394	-346	-270	318	347	0	0	0	99
16373	-4385	-7326	3656	7513	-1182	-33	-403	-312	-276	283	347	0	0	0	99
16397	-3174	-7413	-3413	7314	-1033	-223	-361	-236	-287	202	339	0	0	0	99
16445	4835	-6674	-5228	6241	-647	-469	-372	-82	-254	52	278	0	0	0	99
16460	4781	-6647	-5158	6231	-647	-469	-372	-82	-254	52	278	0	0	0	99
16499	5580	-5446	-5765	4918	-347	-496	-413	7	-188	-23	200	0	0	0	99
16538	5966	-6266	-6269	5656	-331	-725	-493	56	-236	-79	241	0	0	0	99
16573	6432	-5917	-6586	5358	-221	-759	-580	95	-216	-111	219	0	0	0	99
16588	6202	-5849	-6272	5437	-205	-763	-664	103	-210	-113	217	0	0	0	99
16645	7228	-6110	-7271	5559	-78	-980	-810	183	-228	-190	226	0	0	0	99
16671	6949	-6054	-7031	5541	-59	-981	-844	189	-222	-194	222	0	0	0	99
16693	7020	-5857	-6968	5428	-43	-982	-947	197	-216	-195	221	0	0	0	99
16706	6969	-5873	-6912	5476	-43	-982	-947	197	-216	-195	221	0	0	0	99
16727	6905	-6005	-6770	5752	-44	-981	-1048	199	-213	-192	224	0	0	0	99
16749	6699	-5889	-6573	5650	-35	-981	-1061	202	-211	-194	222	0	0	0	99
16792	6786	-5741	-6683	5470	14	-981	-1037	215	-200	-206	207	0	0	0	99
16816	6779	-5662	-6662	5396	46	-981	-1027	224	-192	-214	198	0	0	0	99
16831	6877	-5542	-6749	5257	66	-980	-1016	229	-187	-219	192	0	0	0	99
16856	6776	-5549	-6649	5301	76	-979	-1005	231	-185	-221	189	0	0	0	99
16880	6806	-5484	-6688	5245	99	-977	-983	237	-180	-227	181	0	0	0	99
16902	6697	-5489	-6596	5288	100	-977	-981	237	-180	-227	181	0	0	0	99
16925	6590	-5381	-6478	5227	102	-977	-983	238	-179	-228	180	0	0	0	99
16947	6732	-5463	-6663	5234	118	-976	-961	241	-176	-232	175	0	0	0	99
16969	6741	-5421	-6671	5182	134	-974	-934	244	-172	-236	170	0	0	0	99
16995	6672	-5405	-6593	5194	136	-973	-933	245	-172	-236	169	0	0	0	99
17021	6623	-5424	-6553	5229	136	-973	-933	245	-172	-236	169	0	0	0	99
17043	6576	-5370	-6497	5200	134	-974	-942	245	-172	-236	170	0	0	0	99
17069	6408	-5422	-6367	5251	139	-973	-915	245	-171	-238	167	0	0	0	99
17091	6371	-5294	-6260	5196	149	-972	-899	247	-169	-240	164	0	0	0	99
17121	6510	-5337	-6460	5146	158	-970	-875	249	-167	-242	160	0	0	0	99
17140	6479	-5248	-6393	5061	163	-970	-866	250	-166	-244	159	0	0	0	99
17162	6541	-5329	-6477	5109	165	-970	-857	250	-166	-244	158	0	0	0	99
17220	6512	-5121	-6494	4845	198	-963	-788	256	-159	-253	145	0	0	0	99
17242	6588	-5199	-6606	4905	210	-961	-765	258	-156	-256	141	0	0	0	99
17268	6436	-5113	-6440	4841	215	-959	-753	259	-155	-257	139	0	0	0	99
17290	6582	-5036	-6618	4694	233	-955	-721	263	-150	-261	132	0	0	0	99
17312	6679	-5006	-6716	4643	250	-952	-696	266	-146	-265	126	0	0	0	99
17336	6654	-4961	-6699	4587	258	-949	-665	267	-144	-267	123	0	0	0	99
17357	6677	-4921	-6715	4540	266	-947	-655	268	-143	-269	120	0	0	0	99
17379	6613	-4766	-6686	4361	287	-941	-611	272	-137	-274	112	0	0	0	99
17405	6619	-4855	-6682	4453	286	-942	-604	272	-138	-274	112	0	0	0	99
17429	6656	-4758	-6750	4318	301	-937	-576	274	-134	-277	106	0	0	0	99
17455	6616	-4759	-6698	4328	310	-934	-551	275	-132	-279	102	0	0	0	99
17476	6729	-4608	-6803	4141	325	-929	-532	278	-128	-282	96	0	0	0	99
17498	6725	-4599	-6799	4147	325	-929	-532	278	-128	-282	96	0	0	0	99
17520	6668	-4643	-6784	4160	338	-925	-496	280	-124	-285	91	0	0	0	99
17535	6742	-4663	-6789	4239	324	-929	-525	278	-128	-282	97	0	0	0	99
17561	6710	-4609	-6766	4173	327	-929	-526	278	-127	-283	96	0	0	0	99
17582	6786	-4584	-6839	4130	341	-924	-496	281	-124	-285	90	0	0	0	99
17610	6787	-4530	-6917	3994	362	-916	-464	284	-118	-290	82	0	0	0	99
17632	6807	-4464	-6892	3957	367	-914	-458	285	-116	-290	80	0	0	0	99
17654	6772	-4383	-6847	3854	381	-908	-441	287	-112	-293	74	0	0	0	99
17675	6830	-4392	-6868	3860	385	-907	-440	288	-111	-293	73	0	0	0	99
17699	6741	-4278	-6769	3716	402	-899	-410	290	-106	-296	66	0	0	0	99
17726	6895	-4203	-6874	3598	417	-892	-402	293	-101	-299	60	0	0	0	99
17761	6845	-3994	-6853	3332	457	-873	-334	299	-89	-305	44	0	0	0	99
17776	7024	-4008	-7027	3330	469	-866	-325	301	-84	-307	39	0	0	0	99
17815	6925	-3710	-6941	2992	515	-840	-247	306	-69	-314	19	0	0	0	99
17838	7047	-3759	-7120	3008	522	-835	-247	308	-67	-314	16	0	0	0	99
17853	7095	-3360	-7164	-3254	583	-794	-174	315	-45	-321	-10	0	0	0	99
17892	7200	-3194	-7250	-3397	614	-770	-136	318	-33	-324	-24	0	0	0	99
17916	7046	-3094	-7183	-3577	637	-751	0	317	-27	-329	-38	0	0	0	99
17939	7282	-3044	-7361	-3619	646	-743	0	318	-22	-329	-42	0	0	0	99
17973	7254	-2945	-7308	-3703	663	-729	0	320	-15	-329	-49	0	0	0	99
18016	7343	2943	-7216	-3598	669	-723	-172	325	-8	-325	-47	0	0	0	99
18040	7247	2994	-7131	-3648	675	-716	-175	326	-4	-325	-50	0	0	0	99
18074	7401	2936	-7263	-3597	677	-715	-191	327	-3	-324	-50	0	0	0	99
18097	7213	3779	-6874	-4310	754	-554	-255	320	54	-302	-100	0	0	0	99
18120	7040	3932	-6664	-4410	774	-577	-270	330	54	-312	-100	0	0	0	99
18190	7899	3777	-7592	-4464	887	-678	-273	381	57	-363	-113	0	0	0	99
18326	8728	3876	-8598	-4838	1092	-804	-210	460	74	-443	-149	0	0	0	99
18352	9201	3898	-9070	-4934	1145	-835	-194	480	78	-463	-158	0	0	0	99
18387	9459	3813	-9287	-4834	1173	-899	-234	500	71	-484	-153	0	0	0	99
18410	9327	3715	-9263	-4771	1194	-920	-238	510	71	-494	-155	0	0	0	99
18445	9814	3677	-9774	-4769	1241	-1006	-293	541	64	-524	-150	0	0	0	99
18469	9601	3576	-9565	-4646	1230	-1019	-293	540	58	-524	-145	0	0	0	99
18568	10325	-3228	-10397	-3560	1238	-1318	-510	604	-4	-591	-86	0	0	0	99
18580	10437	-3256	-10572	-3579	1243	-1354	-529	613	-11	-600	-79	0	0	0	99
18602	10784	-3579	-10884	-3227	1221	-1414	-586	619	-29	-608	-61	0	0	0	99
18649	10901	-4449	-10970	3597	1122	-1606	-769	633	-93	-625	7	0	0	0	99
18697	11080	-4897	-11113	3986	1092	-1734	-843	650	-128	-646	41	0	0	0	99
18730	11159	-5544	-11209	4645	1030	-1841	-926	655	-165	-654	80	0	0	0	99
18778	11292	-5960	-11353	5011	997	-1961	-988	670	-200	-673	114	0	0	0	99
18915	11466	-6837	-11735	5604	1000	-2259	-979	726	-270	-744	168	0	0	0	99
18932	11399	-6824	-11666	5578	1000	-2259	-979	726	-270	-744	168	0	0	0	99
18945	11518	-6905	-11782	5620	1019	-2284	-960	735	-272	-755	167	0	0	0	99
19028	11722	-7228	-11887	5745	1056	-2433	-891	771	-301	-801	182	0	0	0	99
19069	11127	-7709	-11474	6309	932	-2483	-924	747	-341	-783	227	0	0	0	99
19108	10999	-7828	-11367	6454	893	-2496	-931	739	-353	-777	241	0	0	0	99
19149	9723	-8877	-10163	7836	578	-2588	-1046	671	-446	-720	349	0	0	0	99
19196	9501	-9336	-10030	8368	440	-2616	-1080	639	-485	-693	393	0	0	0	99
19246	8592	-9722	-9208	8994	251	-2641	-1100	591	-535	-654	451	0	0	0	99
19281	8386	-10249	-9094	9599	124	-2650	-1102	558	-567	-626	488	0	0	0	99
19298	7783	-10095	-8515	9540	74	-2652	-1082	544	-580	-615	502	0	0	0	99
19320	8002	-10445	-8820	9850	52	-2652	-1060	537	-586	-611	508	0	0	0	99
19342	7684	-10455	-8497	9952	-22	-2652	-1049	516	-604	-593	528	0	0	0	99
19355	7566	-10480	-8445	9942	-43	-2652	-1006	509	-610	-589	533	0	0	0	99
19394	7178	-10885	-8223	10350	-171	-2648	-898	469	-642	-561	565	0	0	0	99
19442	6924	-10891	-8183	10238	-239	-2642	-680	443	-663	-550	577	0	0	0	99
19494	6328	-11035	-7836	10394	-342	-2631	-445	406	-691	-529	597	0	0	0	99
19570	6230	-11043	-8286	9922	-326	-2633	186	393	-706	-551	575	0	0	0	99
19634	6412	-11067	-8845	9518	-289	-2638	785	387	-715	-578	548	0	0	0	99
19683	5993	-11206	-8562	9594	-345	-2630	1014	364	-733	-569	556	0	0	0	99
19711	6207	-11319	-8953	9483	-330	-2633	1238	362	-737	-580	546	0	0	0	99
19730	6288	-11426	-9090	9538	-336	-2632	1340	357	-741	-581	545	0	0	0	99
19764	5784	-11442	-8682	9485	-404	-2622	1556	330	-760	-569	556	0	0	0	99
19784	5817	-11429	-8697	9471	-404	-2622	1556	330	-760	-569	556	0	0	0	99
19818	5867	-11488	-8748	9529	-426	-2619	1615	322	-767	-564	560	0	0	0	99
19842	5931	-11433	-8776	9488	-426	-2619	1609	322	-766	-564	560	0	0	0	99
19855	5967	-11391	-8783	9466	-426	-2619	1614	322	-767	-564	560	0	0	0	99
19877	6026	-11359	-8792	9437	-426	-2619	1616	322	-767	-565	560	0	0	0	99
19896	6087	-11318	-8819	9413	-426	-2620	1616	322	-767	-565	560	0	0	0	99
19928	6191	-11261	-8878	9355	-426	-2620	1615	322	-767	-565	560	0	0	0	99
19972	-3662	-11892	-4971	11892	-1332	-2292	1517	12	-901	-270	754	0	0	0	99
20013	-5604	-11894	3103	11894	-1660	-1990	1296	-129	-901	-114	796	0	0	0	99
20041	-6791	-11894	4355	11894	-1891	-1771	1131	-230	-899	-3	824	0	0	0	99
20073	-7388	-11867	5111	11879	-1978	-1580	1042	-287	-872	64	815	0	0	0	99
20121	-8166	-10420	6187	10966	-2082	-1332	927	-358	-834	151	801	0	0	0	99
20169	-8301	-10286	6496	11152	-2071	-1111	829	-394	-777	204	760	0	0	0	99
20235	-8850	-7982	7764	9270	-2043	-528	513	-486	-623	344	653	0	0	0	99
20265	-8999	-8223	7870	9426	-2058	-469	485	-500	-612	362	647	0	0	0	99
20300	-8977	-6374	8416	7818	-1927	-122	261	-521	-493	420	552	0	0	0	99
20328	-8775	-6110	8225	7420	-1868	-75	250	-513	-467	417	527	0	0	0	99
20354	-8244	-4715	8248	6281	-1744	135	0	-511	-381	445	461	0	0	0	99
20429	-7620	-3773	7743	5127	-1478	304	0	-468	-277	422	355	0	0	0	99
20453	-7125	-2989	7419	4291	-1400	369	0	-459	-244	419	321	0	0	0	99
20468	-6839	3479	7355	3697	-1243	465	-191	-427	-179	410	265	0	0	0	99
20507	-6279	3880	6965	3054	-1081	532	-262	-393	-122	389	210	0	0	0	99
20555	-5290	4639	6195	-3707	-814	618	-398	-330	-35	350	123	0	0	0	99
20577	-4385	5023	5430	-4150	-640	633	-456	-283	11	314	73	0	0	0	99
20600	-4149	5399	5226	-4534	-550	632	-458	-258	32	293	48	0	0	0	99
20640	-3234	5440	4208	-4771	-333	561	-394	-186	64	223	0	0	0	0	99
20662	-3264	5328	4200	-4612	-333	561	-394	-186	64	223	0	0	0	0	99
20685	3624	5744	3155	-5205	-183	494	-389	-132	84	171	-29	0	0	0	99
20707	3639	5339	2961	-4815	-126	447	-372	-108	86	146	-37	0	0	0	99
20720	3752	5326	-3080	-4875	-76	396	-357	-84	85	122	-42	0	0	0	99
20734	3953	5267	-3403	-4904	-35	339	-326	-63	81	97	-44	0	0	0	99
20747	4151	4984	-3667	-4626	1	279	-334	-41	76	75	-43	0	0	0	99
20773	4477	4549	-4158	-4336	28	153	-296	-12	51	38	-28	0	0	0	99
20916	4740	7685	-3804	-7264	633	622	-348	70	307	7	-282	0	0	0	99
21065	4541	7314	-3669	-7144	702	539	-249	102	301	-31	-289	0	0	0	99
21075	4529	7277	-3622	-7076	703	540	-246	102	301	-31	-289	0	0	0	99
21099	4418	7344	-3465	-7123	701	542	-250	101	301	-30	-289	0	0	0	99
21121	4461	7198	-3500	-6964	704	538	-266	103	302	-31	-289	0	0	0	99
