2839,-4028,-4429,-4470,-4076,5,28,-1697,1,1,1,1,-5,-13,31,-15
2856,-3990,-4671,-4516,-3806,10,58,-1704,1,3,3,3,14,8,68,51
2886,-3701,-5197,-4838,-3287,21,117,-1706,-2,7,7,5,33,45,86,45
2904,-3561,-5451,-5027,-3078,26,147,-1709,-4,4,8,0,36,56,101,64
2921,-3308,-5677,-5230,3013,30,176,-1692,-6,-1,5,-3,47,86,107,45
2949,-2979,-5893,-5439,3363,32,206,-1668,-7,-11,-4,-4,39,99,110,56
2966,3289,-6268,-5812,3839,34,267,-1611,-8,-14,-11,-6,44,114,131,62
2994,3809,-6608,-6176,4334,32,328,-1560,-7,-19,-14,-7,61,146,144,71
3012,3864,-6570,-6148,4386,32,328,-1560,-6,-24,-17,-9,67,147,169,120
3029,4284,-6966,-6542,4824,32,388,-1528,-7,-38,-20,-7,61,145,179,156
3072,5108,-7272,-7133,5392,15,479,-1429,6,-70,-29,-7,82,176,209,121
3099,5042,-7357,-7175,5452,20,509,-1439,10,-76,-30,-6,72,158,209,109
3117,5108,-7506,-7287,5596,18,539,-1419,17,-86,-36,-5,90,180,240,108
3134,5108,-7688,-7402,5707,23,569,-1434,19,-94,-38,-4,105,204,238,109
3154,5461,-7918,-7778,5924,20,630,-1422,24,-99,-44,-4,113,244,270,129
3172,5387,-7888,-7878,5717,10,660,-1397,25,-99,-50,-3,104,259,304,134
3189,5447,-8111,-7942,5965,11,689,-1389,28,-101,-54,-3,120,285,315,139
3207,5572,-8380,-8053,6281,11,719,-1389,28,-102,-58,-4,135,323,345,225
3224,5877,-8588,-8291,6545,7,750,-1365,29,-103,-67,-6,137,376,343,217
3242,6058,-8827,-8485,6768,10,780,-1369,30,-103,-67,-8,144,396,377,249
3263,6462,-8909,-8760,6929,-2,810,-1340,31,-99,-72,-11,152,449,398,230
3280,6785,-9047,-8853,7285,-17,840,-1291,33,-97,-80,-12,166,459,437,308
3298,7206,-8970,-9097,7306,-40,869,-1251,32,-95,-87,-13,214,534,441,299
3315,7500,-9054,-9365,7356,-52,899,-1231,32,-94,-96,-14,237,595,500,464
3332,7878,-9188,-9685,7489,-66,928,-1206,36,-99,-107,-16,256,549,540,431
3353,8766,-9040,-10297,7462,-127,982,-1092,40,-103,-120,-14,320,532,668,517
3370,8998,-8999,-10442,7456,-146,1010,-1064,43,-109,-129,-10,437,564,887,500
3388,9457,-8930,-10707,7500,-175,1036,-1018,48,-119,-143,-6,447,521,974,512
3405,10163,-8602,-11074,7371,-225,1056,-942,60,-130,-161,-3,589,508,1011,449
3423,10633,-8216,-11286,7124,-272,1076,-882,68,-131,-175,-1,806,500,1460,381
3441,11081,-8357,-11736,7189,-300,1132,-858,99,-137,-209,-1,1006,417,2132,320
3472,11117,-7885,-11555,6848,-369,1143,-761,155,-161,-292,9,1994,513,2759,383
3490,11456,-7203,-11535,6376,-439,1150,-673,186,-176,-333,10,1886,475,2523,411
3507,11608,-6659,-11414,5999,-485,1164,-629,214,-189,-377,16,2243,512,2160,404
3528,11123,-6544,-11083,5732,-491,1194,-648,266,-206,-426,23,2180,491,1854,400
3545,10746,-6561,-10817,5685,-502,1222,-642,282,-211,-439,26,1799,389,1536,347
3573,10056,-7232,-10706,5914,-482,1326,-731,324,-223,-483,34,1254,307,1037,281
3594,9484,-7092,-10217,5738,-482,1326,-731,350,-235,-531,53,1025,270,881,207
3611,8463,-7939,-9751,6203,-409,1382,-861,359,-226,-532,63,746,268,744,175
3629,7444,-8404,-9135,6410,-350,1398,-939,370,-220,-521,73,529,281,614,188
3647,5820,-9735,-8263,7364,-202,1427,-1124,373,-222,-507,79,392,414,527,296
3664,5504,-9688,-8162,7129,-202,1427,-1124,373,-230,-495,83,296,500,431,332
3695,4416,-10165,-7439,7521,-115,1436,-1233,374,-228,-476,94,204,644,318,344
3712,4570,-10047,-7474,7529,-115,1436,-1233,373,-231,-470,97,179,636,279,364
3779,4734,-10008,-7409,7831,-79,1439,-1260,347,-254,-440,109,184,846,256,493
3796,5227,-9612,-7603,7646,-112,1437,-1215,335,-269,-435,114,162,773,272,501
3814,5297,-9526,-7570,7669,-110,1437,-1208,330,-272,-435,115,143,722,245,422
3835,5743,-9225,-7749,7551,-140,1435,-1159,319,-280,-432,122,139,648,238,422
3853,6148,-8752,-7919,7191,-175,1430,-1124,315,-281,-432,125,128,522,231,385
3870,7082,-7838,-8374,6493,-267,1416,-1006,307,-277,-434,126,132,416,222,352
3888,7378,-7502,-8492,6225,-299,1410,-968,306,-275,-436,124,154,343,240,302
3905,7749,-7153,-8614,6020,-339,1400,-907,303,-268,-437,116,157,272,269,250
3937,8428,-6654,-8931,5718,-398,1385,-837,300,-254,-434,100,219,217,282,219
3965,9310,-5523,-9386,4715,-518,1344,-693,299,-239,-433,93,303,154,349,185
3986,9297,-5625,-9468,4709,-518,1344,-693,297,-234,-432,86,385,148,404,212
4003,9667,-5222,-9664,4368,-568,1324,-630,301,-214,-428,73,438,150,440,183
4021,9991,-4835,-9682,4211,-616,1303,-560,303,-211,-428,67,524,154,496,157
4038,10194,-4281,-9713,3729,-675,1273,-490,307,-199,-425,60,556,144,522,125
4056,10440,-3821,-9739,3400,-726,1245,-412,308,-192,-425,56,703,160,495,113
4073,10522,-3657,-9855,3155,-752,1230,-390,318,-178,-423,47,757,145,564,117
4094,10678,-3282,-9950,-3037,-791,1205,-340,318,-178,-423,47,804,136,530,192
4111,10708,-3104,-10039,-3303,-816,1189,-314,343,-161,-423,26,833,145,559,154
4139,10571,3125,-9905,-3736,-863,1155,-250,358,-134,-424,6,981,163,620,174
4160,9581,-3021,-9177,-3444,-819,1113,-247,366,-123,-426,-4,946,176,622,168
4178,8681,-3200,-8447,-3249,-783,1064,-247,375,-116,-423,-10,733,189,602,179
4195,6971,-3089,-6954,-3306,-752,1012,-243,382,-102,-421,-25,558,154,467,140
4212,6823,-3443,-6993,-3067,-741,1020,-252,387,-85,-419,-34,400,125,377,124
4230,6981,-3659,-7253,-2953,-741,1020,-252,385,-75,-413,-42,275,93,299,108
4247,7124,-3676,-7427,-2988,-748,1015,-254,385,-74,-413,-45,211,76,251,95
4269,7202,-4195,-7638,3253,-715,1038,-286,382,-61,-407,-46,179,71,247,97
4286,6476,-4487,-6972,3639,-662,1001,-283,381,-56,-405,-43,138,75,237,81
4304,5738,-4641,-6442,3684,-611,963,-319,378,-50,-404,-44,108,81,197,96
4321,5211,-4892,-5915,4048,-558,924,-309,375,-47,-400,-43,94,86,165,101
4339,4867,-4722,-5431,4054,-533,869,-282,368,-42,-394,-43,77,84,160,100
4356,4194,-4935,-4758,4409,-469,836,-270,366,-37,-389,-43,66,90,145,87
4387,3063,-4968,-3672,4575,-383,746,-255,363,-32,-381,-43,46,99,127,107
4405,-3466,-5250,-3067,4885,-317,710,-270,360,-31,-376,-43,46,102,128,171
4422,-4026,-5234,3239,4880,-272,663,-277,323,-34,-369,-19,61,109,113,165
4454,-3889,-5704,-3123,4776,-224,681,-399,276,-38,-326,13,47,102,133,175
4471,-3420,-5681,-3740,4427,-224,681,-399,260,-36,-314,22,51,56,100,89
4489,-3004,-5914,-4294,4403,-205,686,-447,194,-35,-256,46,45,79,105,97
4545,4722,-6196,-6666,3834,-198,687,-710,119,-42,-161,60,50,131,133,90
4562,5224,-6161,-7211,3679,-198,687,-710,105,-44,-138,64,58,133,171,100
4580,5734,-5974,-7781,3332,-215,681,-768,85,-49,-118,62,72,126,206,96
4597,6209,-5874,-8190,3234,-225,677,-791,71,-50,-116,64,97,137,207,94
4629,6922,-5527,-8590,3045,-253,667,-789,60,-54,-125,65,117,123,281,104
4646,7214,-5349,-8720,2946,-268,662,-793,62,-54,-136,64,150,125,297,99
4663,7408,-5215,-8735,2934,-279,656,-787,66,-56,-143,63,153,99,324,182
4684,7510,-5128,-8756,-2934,-289,652,-805,64,-58,-173,62,168,104,336,162
4701,7642,-4769,-8701,-3223,-320,636,-813,61,-61,-191,57,203,97,335,125
4719,7609,-4740,-8534,-3143,-320,636,-813,61,-60,-189,51,207,110,374,136
4736,7579,-4724,-8420,-3076,-320,636,-813,58,-62,-190,46,225,121,372,141
4754,7808,-4326,-8466,-3368,-352,620,-789,58,-62,-185,40,221,118,368,156
4775,7815,-4395,-8491,-3285,-350,620,-800,59,-64,-183,36,248,120,363,152
4792,8007,-3934,-8494,-3615,-389,596,-763,60,-65,-179,33,237,111,396,100
4810,7997,-3945,-8440,-3520,-389,596,-763,63,-65,-175,33,268,114,397,97
4838,8311,-3341,-8398,-3838,-435,564,-670,65,-63,-178,36,296,85,393,123
4859,8306,-3391,-8357,-3736,-435,564,-670,74,-61,-182,40,316,82,364,105
4876,8377,-2927,-8239,-4073,-466,539,-608,74,-61,-182,40,298,83,362,109
4894,8404,3042,-8136,-4108,-479,526,-567,81,-56,-189,14,338,75,335,97
4911,8440,3001,-8011,-3853,-482,524,-510,81,-56,-189,14,328,75,349,85
4929,8317,3130,-7897,-3975,-494,512,-501,93,-46,-197,-8,328,75,331,98
4960,8293,3379,-7639,-3932,-515,492,-442,100,-39,-202,-26,332,67,294,114
4992,-5126,-2927,5645,3691,48,34,-367,90,-35,-182,-33,204,60,247,96
5006,-5168,-3212,5646,4011,71,52,-335,86,-32,-169,-32,174,54,237,92
5048,-5061,-4277,5451,5189,138,115,-222,72,-23,-139,-26,119,63,206,134
5103,-5035,-5544,5139,6378,220,203,-133,68,-21,-127,-23,108,105,173,159
5121,-4858,-5787,5021,6702,241,224,0,48,-24,-92,-4,114,118,177,263
5186,-4269,-6931,4128,7620,317,318,0,20,-30,-59,12,115,172,144,380
5203,-4167,-6890,3945,7463,317,318,0,13,-33,-50,17,98,174,133,406
5231,-3972,-7417,3584,7865,357,363,0,7,-42,-40,31,104,212,113,350
5262,-3878,-7946,3310,8257,400,405,0,-3,-49,-24,45,100,265,119,426
5280,-3803,-8198,3163,8465,422,425,0,-5,-55,-20,49,103,302,130,545
5307,-3535,-8655,-2973,8886,454,478,0,-10,-69,-9,70,109,320,124,571
5325,-3794,-8909,2901,9026,487,488,0,-14,-77,-1,80,121,382,128,781
5342,-3412,-9041,-3203,9223,497,520,0,-16,-86,4,94,131,491,141,755
5359,-3477,-9204,-3241,9306,522,537,0,-19,-94,5,105,127,557,129,1056
5387,-4036,-10099,-3154,9890,611,576,-133,-27,-105,7,128,152,533,152,1057
5404,-4064,-9987,-3167,9699,611,576,-133,-32,-120,10,140,158,677,163,1328
5425,-3754,-10031,-3232,9979,627,603,0,-36,-134,9,151,169,758,166,1300
5443,-3629,-10179,-3329,10159,647,626,0,-40,-143,8,158,177,814,151,1372
5460,-3560,-10242,-3378,10245,665,651,0,-46,-157,9,168,202,966,174,1370
5502,-3341,-10611,-3567,10666,721,722,0,-60,-190,9,205,232,1107,190,1481
5519,-3373,-10626,-3544,10662,742,743,0,-64,-209,6,224,242,1140,188,2021
5561,-3111,-10896,-3792,10908,789,824,0,-75,-249,0,274,269,1407,194,2958
5582,-3255,-10771,-3674,10721,815,840,0,-80,-274,-2,298,310,1505,217,2868
5599,-3024,-10772,-3850,10726,822,875,0,-84,-294,-4,322,302,1552,226,2634
5616,3010,-10666,-4008,10627,833,906,0,-85,-300,-6,329,311,1410,231,2476
5633,2944,-10543,-3954,10467,855,927,0,-82,-329,-7,356,293,1402,229,2538
5654,3145,-10718,-4196,10595,875,990,0,-75,-348,-11,380,289,1361,229,2140
5671,3094,-10709,-4152,10599,895,1012,0,-68,-372,-9,400,297,1334,245,2514
5688,3058,-10406,-4092,10304,895,1012,0,-67,-382,-11,408,274,1310,214,2362
5719,3069,-10434,-4240,10193,922,1068,0,-60,-412,-11,455,206,1032,192,1765
5736,-3028,-10403,-4078,10056,952,1081,0,-57,-437,-11,476,193,969,189,1628
5754,-3445,-10476,-4024,9812,983,1094,-147,-58,-456,-12,488,152,675,165,1860
5775,-3925,-10511,-3730,9731,1027,1095,-217,-64,-465,-10,508,150,751,167,1358
5792,-3970,-10626,-3741,9806,1048,1116,-217,-68,-476,-6,516,155,795,154,1303
5810,-4801,-11081,-3328,10001,1127,1123,-314,-73,-484,-1,526,210,1128,176,1414
5827,-5096,-11152,-3167,9976,1164,1128,-359,-77,-488,-1,533,240,1285,194,1392
5880,-6129,-11551,3314,10622,1319,1137,-539,-100,-538,8,548,405,2057,241,1287
5901,-6112,-11550,3336,10605,1348,1148,-572,-112,-573,16,566,417,2047,245,1337
5929,-5666,-11549,3113,10870,1360,1180,-572,-122,-603,18,582,401,1884,244,1836
5961,-4677,-11547,-3425,11256,1358,1273,-542,-138,-653,22,620,397,1820,247,2222
5978,-4655,-11546,-3450,11131,1377,1296,-565,-146,-663,20,640,384,1848,220,2939
5996,-4305,-11545,-3723,11215,1381,1336,-557,-151,-674,20,656,399,1853,235,2928
6013,-3391,-11544,-4400,11347,1352,1407,-516,-157,-684,13,674,392,1760,265,3054
6034,-3317,-11544,-4456,11304,1362,1438,-524,-159,-708,-2,699,414,1676,303,4312
6052,3614,-11542,-5454,10956,1292,1527,-471,-155,-719,-13,710,385,1578,268,3930
6070,3963,-11378,-5688,10571,1262,1552,-463,-148,-730,-21,717,347,1477,264,3113
6087,4395,-11087,-6000,10281,1227,1580,-450,-131,-740,-36,724,299,1272,245,2326
6108,5009,-10725,-6417,9983,1171,1622,-417,-121,-746,-44,729,241,960,219,1956
6126,6108,-10402,-7351,9611,1072,1689,-368,-103,-755,-60,730,209,791,219,1532
6178,6579,-9200,-7591,8383,979,1744,-335,-63,-748,-98,728,192,433,256,743
6199,6350,-9099,-7497,8142,960,1755,-353,-32,-743,-124,720,188,345,271,608
6217,6034,-8981,-7316,7896,947,1762,-374,-19,-737,-146,718,188,299,254,483
6234,6189,-8968,-7481,7815,911,1781,-378,-7,-734,-164,715,166,267,247,413
6251,5737,-6999,-6705,5922,852,1743,-421,0,-731,-174,715,162,240,247,362
6269,5116,-5802,-6088,4594,823,1691,-462,18,-726,-188,708,128,173,225,258
6289,5070,-6265,-6302,4825,826,1722,-491,26,-717,-202,702,102,118,193,190
6342,4713,-8237,-6597,6363,874,1799,-667,32,-698,-213,690,92,129,187,131
6359,4383,-8507,-6457,6495,885,1793,-722,30,-691,-214,684,90,147,175,158
6377,4311,-8881,-6521,6771,890,1792,-771,29,-684,-213,678,96,164,164,169
6398,4196,-8294,-6382,6115,860,1739,-812,27,-681,-210,673,98,189,174,172
6415,4149,-8380,-6418,6121,859,1740,-858,24,-676,-206,669,91,197,177,159
6457,4249,-8917,-6749,6469,850,1744,-976,24,-674,-204,666,84,206,183,204
6474,4478,-9159,-6909,6796,850,1744,-976,22,-668,-191,654,85,209,174,205
6506,4329,-9415,-7069,6818,854,1741,-1109,20,-666,-184,644,87,255,208,170
6559,5014,-9674,-7641,7201,815,1760,-1151,17,-661,-185,626,121,341,269,273
6576,5047,-9727,-7617,7336,815,1760,-1151,16,-661,-189,620,137,356,272,308
6594,5065,-9776,-7580,7461,815,1760,-1151,18,-658,-193,612,127,387,261,367
6615,5067,-9828,-7527,7590,815,1760,-1151,20,-656,-201,605,140,400,265,302
6632,5053,-9858,-7475,7677,815,1760,-1151,20,-656,-200,604,145,407,277,276
6660,5011,-9898,-7372,7805,815,1760,-1151,28,-655,-215,589,153,431,258,287
6692,4942,-9919,-7245,7932,815,1760,-1151,35,-660,-223,577,141,413,248,305
6709,7668,-8959,-9748,6605,539,1863,-1154,41,-662,-231,576,161,365,308,311
6726,8059,-8764,-10018,6463,483,1878,-1142,51,-659,-246,567,210,341,434,268
6757,8357,-8882,-10190,6699,433,1891,-1126,74,-659,-278,555,305,290,672,242
6775,8233,-8000,-9888,5889,376,1842,-1125,88,-652,-298,543,310,278,695,263
6792,8659,-7593,-10124,5550,313,1854,-1100,98,-645,-315,532,299,244,685,251
6813,9986,-6926,-11126,4893,161,1873,-1063,98,-645,-315,532,318,228,681,193
6831,10022,-5543,-10700,3789,71,1818,-1020,144,-616,-367,494,543,218,963,172
6848,9121,-4759,-9535,3304,68,1759,-1020,160,-609,-396,483,602,171,859,143
6866,8736,-4940,-9347,3310,54,1758,-1039,181,-596,-424,466,513,147,691,115
6883,9098,-4711,-9625,3042,-19,1760,-1003,201,-582,-443,450,456,111,593,125
6901,9911,-4011,-10197,-3460,-148,1753,-950,219,-569,-456,430,448,92,532,107
6922,9618,-4390,-9954,-3022,-148,1754,-950,232,-554,-468,412,483,102,550,134
6939,9969,-4043,-10116,-3270,-222,1745,-905,232,-554,-468,412,620,110,599,145
6957,9191,-3642,-9438,-3690,-237,1683,-920,268,-526,-490,352,626,126,622,155
6974,9262,-3552,-9496,-3739,-283,1676,-905,285,-508,-508,318,552,118,561,154
6992,10191,3105,-9974,-4338,-423,1646,-814,302,-494,-521,287,478,112,489,137
7009,9921,3770,-9400,-4668,-476,1569,-766,314,-478,-530,264,564,172,483,175
7041,9645,4821,-8864,-5533,-592,1464,-670,334,-429,-548,226,523,161,403,181
7058,8988,5159,-8110,-5725,-614,1390,-640,356,-379,-562,193,468,166,323,171
7076,8867,6137,-7482,-6292,-693,1284,-520,374,-326,-571,158,384,152,286,218
7093,8737,5733,-7480,-5992,-712,1273,-518,387,-290,-574,132,375,159,228,206
7160,4724,7240,-3127,-6738,-746,964,-328,423,-199,-575,60,171,213,134,325
7178,4055,6914,3019,-6615,-722,907,-332,432,-168,-569,25,124,211,126,286
7199,3505,6485,3336,-6244,-697,849,-311,436,-154,-547,9,93,211,129,239
7216,2997,6271,3639,-6068,-671,792,-306,441,-138,-487,-17,70,186,153,219
7234,-3277,5790,3735,-5679,-632,747,-312,436,-119,-436,-31,78,190,152,225
7251,-3702,5443,3886,-5372,-598,697,-307,424,-106,-422,-38,99,165,190,223
7268,-4856,5032,4694,-5013,-511,612,-337,377,-77,-375,-56,110,149,182,193
7286,3458,4302,-3766,-4741,-641,765,-332,337,-59,-335,-70,93,114,175,170
7307,3367,3757,-3797,-4210,-595,724,-340,303,-42,-303,-85,66,80,145,128
7325,-3353,-2939,-3561,-3799,-511,714,-457,302,-32,-309,-79,53,59,123,102
7353,-4235,-4379,-3362,2971,-386,720,-663,287,-22,-314,-76,86,59,101,88
7384,-4344,-4795,-3493,3083,-360,734,-713,258,-26,-317,-69,73,58,80,130
7426,-3887,-5173,-3600,3726,-301,694,-729,227,-34,-309,-66,101,84,78,108
7443,-3446,-5569,-3903,4242,-279,704,-745,208,-38,-310,-57,93,79,89,74
7461,-3364,-5261,-3576,4288,-261,646,-699,190,-49,-312,-50,630,398,548,929
7482,3139,-5132,-3812,4501,-268,642,-648,171,-58,-308,-45,390,267,360,576
7499,4017,-5067,-4132,4880,-280,638,-550,159,-62,-306,-42,252,192,243,405
7542,6170,-3909,-4738,4904,-371,588,-135,136,-67,-293,-52,113,102,144,199
7559,6864,-3495,-4891,4933,-402,567,0,127,-68,-285,-57,120,96,121,161
7590,7646,3068,-5090,4604,-453,527,252,119,-60,-268,-63,158,72,128,131
7632,8041,3505,-5274,4293,-482,500,403,116,-46,-252,-62,234,58,122,120
7650,8155,3749,-5314,4082,-498,485,479,120,-37,-238,-62,264,78,126,118
7681,8078,3870,-5543,3621,-508,474,549,130,-23,-217,-55,271,75,132,89
7698,7864,3733,-5627,3489,-503,479,551,133,-13,-205,-52,258,78,143,109
7715,7784,3803,-5732,3221,-509,473,564,136,-7,-197,-47,242,86,151,121
7747,7553,3448,-5994,3124,-494,489,546,143,-2,-187,-42,233,85,170,124
7764,-5985,3701,7158,3753,24,-15,517,152,14,-167,-35,235,104,185,120
7782,-6357,3515,7275,3753,50,-32,496,144,19,-150,-34,227,92,225,101
7799,-6702,3382,7218,3514,73,-52,423,135,23,-131,-29,243,80,265,101
7827,-7853,3214,7849,3309,136,-117,235,119,30,-112,-12,236,79,280,86
7859,-8193,3125,7838,3027,158,-137,220,101,33,-96,1,351,81,317,60
7872,-8219,3080,7877,3078,179,-159,195,92,32,-79,3,341,86,328,68
7890,-7870,3011,7551,3124,179,-159,195,87,32,-69,5,342,85,321,60
7956,-8541,3041,7776,-3067,267,-283,0,36,30,0,14,431,76,338,89
7974,-8407,2988,7770,2940,288,-305,0,20,31,11,12,424,76,331,80
7991,-8393,3053,7736,-2951,301,-333,0,17,30,13,12,418,83,340,77
8043,-8850,3501,8240,-3319,356,-444,0,-32,26,56,6,375,96,331,71
8060,-8885,3472,8137,-3424,366,-474,-143,-48,24,67,6,406,104,345,86
8077,-8643,3495,8243,-3077,391,-493,0,-58,22,73,5,442,119,385,88
8095,-8786,3534,8247,-3258,402,-523,-142,-70,22,83,5,444,106,441,85
8112,-8818,3558,8536,-2976,434,-536,0,-90,19,94,4,432,103,440,74
8164,-9020,3750,8951,-2913,487,-608,0,-124,17,122,3,431,106,478,67
8181,-8979,3472,9054,3378,526,-615,0,-133,18,130,3,430,98,478,65
8198,-8999,3542,9144,3381,543,-640,0,-142,18,138,0,415,108,470,60
8215,-9157,3534,9291,3413,564,-661,0,-152,18,151,-7,443,103,540,84
8294,-9946,3422,10036,3708,676,-764,0,-197,26,207,4,647,121,737,119
8322,-10299,3545,10351,3555,710,-815,0,-216,28,229,21,802,149,851,149
8339,-10495,4004,10279,-3087,693,-867,0,-229,31,245,30,853,154,971,138
8360,-10540,4102,10233,-3330,704,-897,0,-247,34,266,40,841,160,930,137
8388,-10387,4155,10172,-3352,718,-924,0,-270,40,286,43,896,180,837,129
8408,-10258,4012,10170,-3078,745,-941,0,-294,44,318,35,980,167,867,117
8450,-10648,5045,10454,-4310,724,-1068,0,-321,50,349,29,994,193,935,115
8467,-10520,5022,10412,-4190,740,-1093,0,-343,55,369,30,1022,205,1002,159
8509,-10298,5439,10301,-4587,740,-1201,-151,-383,59,409,26,1081,220,1036,142
8526,-10236,5649,10233,-4842,738,-1237,-165,-390,61,417,25,936,208,963,138
8547,-10226,5794,10233,-4995,743,-1268,-167,-412,64,435,20,827,206,877,186
8575,-10361,6207,10557,-5220,771,-1357,-148,-430,67,455,15,771,231,760,184
8592,-10068,6179,10250,-5233,771,-1357,-148,-442,67,478,13,720,236,801,177
8648,-10059,6432,10591,-5033,817,-1434,0,-474,69,518,9,658,215,796,160
8689,-10585,6328,11157,-4738,885,-1499,0,-483,76,536,4,662,239,893,151
8707,-10748,6275,11299,-4651,908,-1520,0,-492,78,556,4,771,254,973,151
8727,-10926,6264,11434,-4625,925,-1545,0,-494,79,558,1,774,189,1204,125
8755,-11429,6804,11429,-5239,941,-1640,0,-520,84,592,1,1120,292,2161,281
8787,-11429,7280,11429,-5735,937,-1711,0,-554,88,627,-6,1893,437,2066,339
8804,-11429,7140,11429,-5745,937,-1711,0,-578,94,644,-12,1834,430,2003,343
8821,-11429,7139,11429,-5380,976,-1747,133,-602,99,661,-17,1972,458,2041,342
8839,-11261,7052,11428,-5159,976,-1747,133,-628,103,683,-26,1836,444,1926,312
8860,-10983,7298,11427,-5679,938,-1767,0,-639,107,694,-29,1301,363,1593,264
8877,-10140,6936,11079,-4962,957,-1757,164,-666,113,719,-39,1052,338,1619,265
8895,-9797,7417,10442,-5929,892,-1791,0,-683,120,730,-50,798,300,1260,271
8912,-9808,7344,10266,-6052,892,-1791,0,-678,137,744,-51,638,269,988,275
8954,-7831,8429,8198,-7803,692,-1813,0,-664,160,736,-56,383,341,542,392
8985,-7695,8758,8345,-7941,668,-1886,0,-652,188,724,-60,268,348,353,402
9002,-7957,8591,8391,-7996,668,-1886,0,-644,195,717,-62,248,372,326,424
9020,-7819,8985,8251,-8520,614,-1904,0,-644,195,717,-62,232,417,303,591
9041,-7588,8772,8441,-7857,627,-1900,152,-625,223,698,-83,238,443,283,613
9107,-7072,8848,8315,-7713,522,-1932,200,-588,288,657,-136,183,395,268,475
9135,-6990,8889,8245,-7807,478,-1943,190,-572,309,644,-149,171,386,264,464
9153,-7002,8848,8237,-7803,460,-1947,212,-561,318,636,-154,159,380,274,516
9198,-5877,8883,6932,-8299,325,-1913,206,-539,338,614,-175,153,388,270,500
9215,-5921,8466,7242,-7497,362,-1938,279,-535,343,611,-180,148,398,252,419
9233,-5912,8877,7224,-7997,309,-1946,262,-522,349,597,-186,130,360,234,388
9261,-5917,9428,7404,-8457,239,-1956,311,-504,362,583,-200,145,459,205,580
9328,-5850,9887,7422,-8935,121,-1967,350,-465,401,552,-228,180,626,232,997
9370,-5921,9929,7488,-9001,69,-1970,374,-442,424,536,-250,193,638,237,1048
9401,-5641,10422,7086,-9793,-35,-1971,342,-425,440,519,-266,205,743,271,1050
9419,-5514,10311,6994,-9654,-58,-1970,358,-415,451,512,-276,195,807,251,1049
9437,-5557,10299,7050,-9623,-83,-1970,363,-403,466,504,-287,254,1456,227,1569
9454,-5654,10182,7210,-9405,-90,-1969,393,-387,484,497,-301,226,1165,215,1399
9545,-4992,10407,6461,-9904,-307,-1947,361,-320,550,446,-372,196,777,204,1459
9562,-4858,10332,6223,-9960,-354,-1939,346,-316,555,440,-379,172,735,204,1281
9594,-4226,10474,5439,-10395,-474,-1913,286,-276,592,409,-441,170,729,174,1766
9611,-4774,10184,5698,-10273,-474,-1913,286,-265,601,401,-449,172,686,173,1652
9629,-4867,10138,5791,-10184,-499,-1907,282,-244,615,380,-476,172,648,169,1592
9646,-5130,10018,6139,-9874,-499,-1907,282,-239,617,375,-485,178,603,178,1342
9667,-5428,9903,6498,-9598,-499,-1907,282,-216,623,351,-499,176,556,187,1174
9685,-5663,9832,6761,-9425,-499,-1907,282,-202,625,341,-508,175,529,190,1032
9713,-6009,9740,7131,-9202,-499,-1907,282,-194,631,331,-516,155,477,191,1126
9730,-6200,9696,7335,-9096,-499,-1907,282,-175,634,311,-527,178,473,208,1065
9751,-6431,9657,7583,-8979,-499,-1907,282,-164,633,301,-532,197,465,242,938
9769,5264,11396,-3848,-11396,-1036,-1664,202,-164,633,301,-532,182,450,272,894
9836,5243,10568,-3623,-10551,-1060,-1578,229,-109,653,218,-576,320,992,250,2835
9857,5138,10530,-3487,-10487,-1081,-1563,231,-74,665,178,-597,278,919,222,2450
9874,5250,9798,-3596,-9658,-1061,-1505,254,-60,671,164,-600,260,744,219,2042
9902,5345,8387,-3817,-8204,-1026,-1381,265,-36,680,135,-604,186,454,169,1211
9923,5471,7444,-3870,-7061,-998,-1327,316,-22,672,115,-605,150,325,163,775
9951,5300,5867,-3670,-5155,-909,-1244,370,-2,663,95,-603,138,196,152,430
9969,4947,5299,-3316,-4423,-859,-1205,404,5,658,85,-601,111,141,131,290
9986,4498,4860,2975,-3773,-802,-1172,474,18,649,73,-596,92,112,121,184
10007,4315,4172,3046,-3052,-767,-1123,490,23,643,66,-595,89,80,113,114
10025,4233,3404,2990,3513,-733,-1074,490,32,632,56,-590,84,61,113,92
10042,4059,-3475,3136,4800,-646,-987,554,40,615,56,-579,93,130,113,190
10070,3549,-3732,3704,5317,-578,-958,613,48,552,54,-537,96,165,119,295
10088,3437,-3870,3738,5487,-547,-908,613,54,501,55,-501,87,154,127,286
10109,3153,-4013,3949,5723,-499,-866,636,57,460,55,-465,82,151,140,322
10126,2934,-4191,3994,5842,-461,-819,635,60,425,55,-433,75,145,125,300
10144,-3149,-4143,4350,5974,-400,-783,693,64,390,52,-390,82,164,136,325
10161,-3478,-4325,4576,6152,-342,-743,698,63,362,51,-367,84,180,145,347
10178,-3433,-4450,4445,6217,-317,-689,698,57,334,53,-340,75,151,142,309
10196,-3539,-5314,4368,7064,-233,-593,699,49,311,55,-313,81,200,143,400
10217,-3556,-5464,4397,7245,-187,-545,726,47,291,49,-291,91,237,144,509
10234,-3589,-5715,4487,7601,-136,-497,761,38,272,51,-269,90,225,138,488
10252,-3610,-5891,4297,7539,-107,-442,731,31,258,50,-240,91,266,137,524
10269,-3658,-6188,4251,7732,-65,-388,735,23,237,46,-212,92,251,145,748
10301,4316,-8990,-4066,10197,9,27,756,13,195,53,-178,122,407,141,923
10318,4281,-8561,-3941,9794,9,27,756,9,181,47,-164,183,574,155,1861
10346,4679,-8671,-4308,9852,28,85,789,1,140,47,-116,201,573,177,2066
10388,5083,-8448,-4646,9540,54,171,828,3,102,38,-59,209,637,202,1951
10406,5101,-7918,-4576,9013,54,171,828,9,77,39,-27,203,582,191,1837
10423,4994,-7707,-4607,8608,65,199,809,15,52,33,8,191,514,188,1504
10440,5001,-7725,-4786,8412,87,255,796,18,33,34,21,175,460,199,1319
10458,4773,-7500,-4733,7996,101,282,768,22,20,30,37,173,432,182,1114
10475,4646,-7350,-4739,7694,117,308,736,25,11,27,49,153,381,172,935
10503,4370,-7405,-4757,7472,154,358,651,29,-6,24,61,120,315,164,601
10521,4196,-7388,-4696,7359,173,382,610,30,-15,24,65,126,321,172,549
10538,3939,-7372,-4625,7186,196,404,562,31,-24,21,71,113,294,170,491
10556,3771,-7501,-4604,7211,219,426,517,32,-30,18,77,109,280,156,439
10573,3713,-7332,-4556,7018,219,426,517,33,-38,14,79,106,270,160,380
10591,3758,-7432,-4561,7182,236,451,500,32,-44,8,85,88,261,159,400
10619,3878,-8094,-4669,7941,285,527,467,31,-50,5,89,86,279,155,389
10636,3698,-8248,-4587,8041,310,548,430,32,-70,0,94,90,308,162,477
10654,3743,-8344,-4626,8189,328,572,415,36,-97,-3,99,99,348,154,445
10671,3806,-8111,-4609,8051,328,572,415,38,-108,-2,104,101,349,160,588
10688,3807,-8621,-4724,8562,365,621,393,39,-114,-4,110,114,400,165,672
10716,3251,-9049,-4484,8812,422,656,308,40,-118,-14,118,118,480,184,773
10737,3082,-9277,-4366,9039,448,675,279,39,-124,-16,128,125,549,181,744
10779,2989,-9936,-4314,9725,512,740,233,35,-140,-22,153,169,796,185,1132
10796,2928,-10042,-4270,9817,535,762,216,31,-148,-24,163,196,990,191,1366
10813,2902,-9805,-4186,9586,535,762,216,29,-154,-27,172,196,1002,190,1697
10831,2961,-10023,-4234,9818,554,785,211,26,-166,-29,186,182,926,191,1456
10851,2955,-10500,-4306,10273,596,828,181,27,-179,-29,195,147,732,177,1330
10869,3227,-10626,-4475,10493,604,859,198,27,-189,-27,207,212,1147,196,2072
10886,3394,-10729,-4601,10638,616,888,206,26,-214,-28,232,282,1496,241,2491
10904,3248,-10788,-4555,10620,641,907,181,25,-234,-31,252,300,1426,254,2501
10921,3226,-10814,-4577,10601,659,931,176,25,-250,-30,273,327,1635,268,2594
10942,3383,-10754,-4693,10556,670,960,182,25,-262,-30,286,341,1658,277,2848
10959,3538,-11106,-4925,10854,697,1014,177,32,-299,-33,327,396,1988,300,2974
10977,3416,-10934,-4879,10598,716,1037,165,37,-327,-34,359,428,2237,307,3832
10994,3522,-10783,-4978,10423,726,1067,168,40,-352,-36,385,396,2050,303,2922
11026,3955,-10626,-5320,10291,734,1133,189,49,-387,-44,417,314,1574,270,2218
11043,4186,-10560,-5531,10215,733,1171,203,49,-387,-44,417,282,1364,255,2279
11061,4160,-10275,-5464,9948,733,1171,203,51,-416,-47,446,258,1217,240,1961
11078,4190,-10303,-5492,9981,749,1196,203,44,-434,-51,458,223,1060,219,1798
11096,4713,-10481,-5969,10151,748,1267,227,42,-451,-55,478,224,1007,212,1521
11138,5334,-10505,-6500,10140,750,1370,242,33,-479,-63,503,243,913,253,1137
11159,5150,-10320,-6442,9798,770,1393,217,32,-490,-66,512,247,955,279,1081
11187,5125,-10472,-6489,9871,800,1444,182,32,-510,-75,537,238,879,268,937
11204,5362,-10459,-6779,9735,791,1484,175,30,-515,-76,541,234,878,271,1062
11236,5445,-10368,-6749,9733,805,1510,175,29,-541,-85,557,237,852,281,1369
11291,4454,-11062,-6266,10170,936,1574,0,27,-583,-86,584,291,1285,282,1475
11319,4199,-11293,-6132,10398,985,1615,0,29,-621,-84,606,287,1469,298,1288
11336,3597,-11365,-5709,10602,1042,1614,0,29,-621,-84,606,292,1467,287,1480
11379,3150,-10777,-5479,9608,1057,1605,-214,25,-674,-87,643,235,1167,252,1524
11400,3232,-10643,-5519,9532,1057,1605,-214,20,-725,-82,657,182,840,239,1176
11417,3366,-11032,-5754,9930,1090,1654,-268,17,-740,-77,666,161,755,212,1096
11484,-4412,-10888,-4415,9550,1226,1583,-518,10,-794,-62,689,148,635,188,917
11501,-4397,-10682,-4419,9377,1236,1573,-560,-1,-800,-54,692,165,683,184,901
11519,-4943,-10724,-4044,9356,1279,1539,-639,-12,-795,-48,693,172,732,168,927
11550,-6208,-10718,-3084,9197,1368,1461,-811,-22,-786,-44,691,194,770,180,778
11568,-6714,-10858,3075,9240,1405,1425,-885,-45,-767,-37,686,226,821,177,801
11585,-6655,-11054,3055,9448,1419,1412,-936,-50,-762,-35,687,252,959,177,793
11603,-6546,-10926,3025,9319,1425,1405,-973,-68,-754,-34,683,273,985,162,862
11621,-6598,-10904,3110,9282,1439,1390,-1020,-82,-750,-31,679,264,997,148,893
11638,-6343,-10854,2950,9237,1435,1394,-1052,-94,-750,-32,683,247,965,143,749
11656,-5529,-10852,-3428,9319,1404,1425,-1045,-101,-750,-31,685,156,860,142,785
11677,-5314,-10660,-3567,9092,1396,1434,-1094,-111,-753,-28,690,173,833,156,677
11694,-4584,-10647,-4114,9132,1360,1468,-1085,-111,-753,-28,690,177,789,141,740
11712,-4526,-10664,-4208,9083,1358,1470,-1118,-132,-753,-28,685,161,770,145,648
11740,-3881,-10770,-4737,9173,1327,1498,-1146,-139,-751,-33,685,157,743,155,554
11761,-3050,-9867,-5178,8372,1247,1488,-1132,-144,-755,-39,688,153,716,178,666
11779,3126,-10037,-5494,8545,1237,1536,-1136,-143,-759,-47,688,135,655,172,740
11796,3503,-10151,-5803,8673,1206,1560,-1128,-135,-761,-55,685,130,556,180,666
11813,3956,-9992,-6141,8535,1165,1591,-1120,-135,-761,-55,685,129,518,186,594
11831,4683,-9986,-6747,8542,1108,1630,-1091,-109,-751,-73,672,124,514,197,501
11851,4785,-9894,-6851,8422,1082,1648,-1097,-97,-747,-83,664,115,510,191,447
11879,5857,-9625,-7718,8169,979,1711,-1061,-83,-744,-100,656,138,423,235,456
11897,6777,-9336,-8427,7916,890,1760,-1008,-76,-740,-113,652,155,391,274,498
11918,6490,-9396,-8292,7835,882,1763,-1040,-60,-733,-131,646,192,377,329,512
11935,6970,-9218,-8685,7624,826,1790,-1021,-59,-731,-133,644,187,361,371,407
11953,6812,-9234,-8485,7696,826,1790,-1021,-34,-718,-162,636,229,335,391,402
11970,6628,-9260,-8273,7768,826,1790,-1021,-19,-715,-171,629,213,339,394,464
11987,6445,-9299,-8087,7841,826,1790,-1021,-5,-705,-188,622,202,333,379,543
12019,6148,-9368,-7781,7955,826,1790,-1021,20,-695,-212,610,198,350,341,497
12036,5977,-9409,-7610,8028,826,1790,-1021,26,-694,-221,602,197,350,325,520
12053,5828,-9450,-7451,8102,826,1790,-1021,36,-685,-234,596,183,368,314,438
12074,7435,-8968,-9091,7196,632,1868,-1063,50,-678,-246,590,196,350,345,406
12091,7279,-9008,-9029,7149,606,1876,-1070,56,-674,-253,584,232,324,417,332
12109,7399,-8753,-9111,6858,561,1889,-1067,73,-669,-272,578,240,318,439,367
12126,7094,-8690,-8805,6830,561,1889,-1067,85,-664,-283,572,252,310,452,303
12144,8019,-7445,-9473,5495,404,1868,-1046,88,-661,-290,566,267,280,494,254
12161,7856,-7614,-9408,5599,391,1871,-1061,107,-651,-310,552,290,232,520,191
12182,8321,-7540,-9783,5528,321,1884,-1035,123,-641,-328,536,298,202,575,199
12210,7109,-6158,-8538,4145,286,1768,-1057,142,-629,-355,515,294,172,546,190
12228,7513,-5924,-8799,3952,226,1777,-1032,155,-619,-370,507,267,144,516,164
12249,7472,-6369,-8875,4323,214,1778,-1062,168,-606,-382,489,223,120,442,125
12266,8162,-6233,-9466,4151,127,1786,-1036,178,-596,-392,475,240,119,411,117
12294,7912,-5994,-9123,4026,87,1729,-1038,195,-576,-411,450,241,122,490,118
12315,8301,-5651,-9251,3850,20,1731,-996,207,-563,-424,435,247,105,449,96
12333,8608,-5407,-9382,3708,-35,1730,-966,219,-552,-433,425,322,106,484,87
12361,8906,-5210,-9599,3503,-117,1727,-950,242,-530,-457,399,358,109,502,106
12378,8680,-5267,-9471,3485,-133,1726,-963,252,-521,-466,385,376,127,486,119
12399,8580,-4319,-9092,-3081,-205,1659,-919,271,-505,-482,363,364,112,448,129
12417,8452,-4360,-9041,-3094,-226,1656,-926,285,-490,-495,338,318,93,420,124
12434,9106,-3829,-9303,-3358,-318,1640,-845,295,-478,-500,312,375,86,423,126
12487,8515,3397,-8334,-4444,-466,1479,-751,324,-386,-522,229,336,144,305,109
12508,8116,3650,-7859,-4616,-494,1407,-726,338,-349,-529,200,309,142,283,123
12525,7954,3284,-7779,-4282,-494,1407,-726,348,-319,-533,176,283,137,248,102
12543,7827,4449,-7337,-5283,-582,1306,-635,362,-288,-535,157,239,131,232,98
12560,7290,4702,-6693,-5383,-599,1232,-589,370,-264,-539,145,227,124,205,143
12602,6616,4161,-6303,-5057,-617,1156,-565,384,-200,-537,103,154,104,164,157
12658,4421,3474,-4689,-4558,-544,991,-570,401,-138,-520,48,88,70,126,108
12676,3820,3283,-4159,-4292,-514,939,-568,403,-132,-517,44,63,65,109,115
12693,2960,2996,-3568,-4096,-468,895,-608,406,-116,-507,29,48,57,106,98
12724,-4098,-3504,3197,-3353,-372,808,-643,388,-90,-486,3,78,67,98,112
12742,-4212,-3699,3257,-3160,-372,808,-643,358,-84,-466,-9,107,63,166,87
12759,-3910,-4126,2968,3105,-358,814,-646,330,-78,-445,-17,101,59,172,86
12777,-4436,-4473,3364,3459,-300,773,-680,312,-72,-409,-21,139,77,174,87
12819,-5242,-5058,4028,4193,-185,683,-704,279,-69,-369,-18,114,92,176,102
12836,-5666,-4943,4438,4128,-153,628,-707,233,-59,-322,-22,125,89,159,91
12857,-4931,-5259,3917,4629,-139,631,-666,222,-58,-309,-13,136,104,191,113
12875,-5187,-5298,4160,4698,-98,577,-669,207,-56,-288,0,151,105,181,105
12903,-4823,-5808,3700,5095,-52,582,-639,178,-53,-251,22,146,140,207,134
12920,-4375,-5895,3237,5077,-52,582,-639,160,-50,-230,37,133,143,179,139
12951,-3179,-5927,-3319,5376,-55,581,-482,147,-52,-217,45,107,151,139,141
12969,-2936,-6082,-3658,5404,-42,582,-499,119,-46,-179,38,87,153,123,136
13024,4438,-6062,-4996,5422,-66,580,-399,86,-47,-137,36,77,156,130,180
13042,4852,-6145,-5334,5564,-66,580,-399,78,-47,-128,33,86,163,132,212
13059,5198,-6112,-5640,5536,-75,579,-377,78,-47,-128,33,98,155,149,195
13077,5386,-6125,-5851,5514,-76,579,-353,61,-49,-110,29,116,160,164,166
13098,5374,-6186,-5945,5490,-67,580,-357,55,-50,-103,27,119,147,186,191
13115,5623,-6087,-6099,5462,-75,579,-328,51,-54,-98,26,133,156,192,191
13133,5877,-5982,-6289,5393,-85,577,-310,48,-58,-93,26,122,147,198,154
13150,6026,-5881,-6469,5241,-93,576,-310,45,-65,-89,27,131,144,190,155
13182,6364,-5696,-6683,5156,-108,574,-277,45,-67,-83,24,139,130,216,124
13355,-6680,4060,6593,-3610,156,-219,-218,27,-32,-40,-5,147,78,201,79
13495,-7909,3857,7815,-3194,300,-412,-195,-27,1,24,-13,308,98,326,88
13523,-8131,3932,8131,-3137,336,-460,-192,-35,3,32,-16,292,84,338,89
13565,-8836,3928,8774,-3091,392,-530,-172,-60,12,58,-15,396,117,416,82
13593,-9230,4069,9111,-3258,424,-581,-181,-71,13,68,-18,450,116,536,88
13635,-9706,4182,9635,-3225,475,-655,-178,-103,15,99,-28,664,146,654,122
13725,-9646,4342,10077,3052,584,-763,0,-175,14,181,-31,746,179,954,144
13746,-9368,4263,9743,3055,584,-763,0,-186,17,198,-23,684,152,942,123
13763,-9705,4532,10123,-2953,606,-821,0,-200,19,216,-11,635,154,826,269
13795,-9888,4582,10195,-3135,639,-871,0,-220,26,246,4,741,168,894,200
13812,-10179,4766,10108,-3753,637,-909,-151,-237,32,264,6,735,160,966,156
13854,-10492,5316,10235,-4589,642,-1014,-211,-260,41,290,7,1078,224,943,174
13882,-10684,5927,10247,-5500,621,-1096,-285,-296,48,321,8,1124,264,923,231
13900,-10694,6478,10152,-6288,583,-1151,-365,-313,53,335,9,1173,292,996,240
13942,-10432,6675,10262,-6203,610,-1238,-355,-362,59,364,6,1120,303,926,269
13963,-10078,6505,10171,-5776,641,-1256,-314,-375,63,372,-3,1053,312,931,265
13980,-9498,6434,9794,-5565,641,-1256,-314,-393,69,391,-11,865,277,886,255
13998,-9591,6852,9733,-6214,613,-1303,-364,-401,73,404,-14,775,276,788,285
14016,-9730,6850,9941,-6096,633,-1327,-343,-409,73,409,-22,680,284,770,326
14047,-10420,6826,10731,-5796,702,-1393,-257,-420,77,425,-25,734,282,802,269
14075,-10181,7131,10568,-6088,685,-1435,-283,-438,80,449,-23,738,296,910,262
14093,-10298,7185,10707,-6099,703,-1460,-262,-449,82,459,-22,715,296,1054,354
14124,-10741,7285,11275,-5975,755,-1535,-197,-458,92,489,-25,1001,346,1513,327
14141,-10775,7804,11146,-6745,720,-1585,-236,-464,94,497,-25,1055,382,3095,323
14173,-11068,7535,11346,-6014,788,-1619,-148,-487,101,382,-32,1213,453,5773,410
14191,-11263,8038,11346,-6600,761,-1665,-176,-506,109,394,-32,1254,471,4945,409
14219,-11223,8129,11346,-6542,772,-1693,-159,-536,107,446,-42,1833,574,3566,403
14275,-11345,7380,11345,-4866,934,-1748,0,-583,108,536,-54,2262,586,2184,393
14292,-11179,7327,11344,-4705,934,-1748,0,-616,109,591,-52,2166,553,2031,354
14309,-10969,7499,11343,-5041,923,-1776,0,-626,109,609,-54,1860,506,1935,333
14327,-10781,7050,11342,-4486,967,-1752,142,-647,111,636,-60,1422,439,1841,267
14348,-10607,7395,11341,-5291,927,-1774,0,-657,114,655,-64,1092,371,1865,272
14376,-10212,7234,11339,-4842,947,-1763,205,-659,125,690,-62,858,345,1707,267
14418,-9482,8217,10559,-6451,826,-1823,142,-652,141,736,-56,688,321,1484,285
14473,-8730,8830,9481,-7599,722,-1867,133,-639,179,757,-51,390,440,697,383
14515,-8189,9610,8445,-9239,575,-1917,0,-618,216,747,-69,292,425,430,449
14546,-6829,11171,7224,-11199,339,-1972,0,-600,254,730,-97,277,628,310,845
14564,-7103,10825,7322,-10987,339,-1972,0,-588,292,715,-128,362,1099,288,2653
14581,-6881,10483,7258,-10484,329,-1974,0,-573,326,704,-163,370,1167,280,3626
14612,-5038,11331,5417,-11331,51,-2001,-161,-549,390,683,-247,471,1862,298,4619
14641,-4405,11331,4792,-11331,-67,-2000,-188,-531,449,666,-316,459,1829,286,4936
14662,-3948,11020,4401,-11331,-134,-1997,-210,-518,504,647,-381,403,1517,250,4907
14680,-3744,10542,4331,-10926,-160,-1996,-187,-504,550,626,-438,359,1226,253,4757
14701,-3811,9913,4885,-9622,-138,-1997,0,-495,574,610,-482,292,950,235,3826
14777,-3908,8591,5293,-7703,-199,-1992,0,-455,636,540,-570,116,392,132,1329
14830,-4749,7530,6750,-5705,-76,-2000,277,-445,614,507,-539,76,247,136,510
14851,-4761,7644,6860,-5767,-87,-1999,309,-441,591,496,-517,82,239,146,401
14869,-5178,7395,7491,-5178,-30,-2002,401,-438,573,488,-494,79,212,160,317
14886,-5783,7152,8346,-4512,49,-2001,510,-434,561,484,-480,85,184,199,225
14915,-5629,6654,8179,-3985,84,-1939,653,-430,536,483,-451,84,165,222,153
14932,-5592,6614,8051,-4051,84,-1939,653,-429,525,482,-442,75,142,246,128
15038,-6631,6273,9371,-3082,249,-1864,1033,-409,460,483,-363,100,117,341,89
15066,-6385,7039,9084,-4055,192,-1872,999,-405,455,483,-356,103,107,431,86
15083,-6794,7182,9207,-4478,192,-1872,999,-399,444,485,-335,119,122,425,82
15115,-7294,7406,9359,-5045,192,-1872,999,-393,441,492,-323,117,151,423,91
15132,-7473,7490,9405,-5264,192,-1872,999,-391,439,496,-312,129,150,399,91
15149,-7610,7553,9429,-5450,192,-1872,999,-388,441,496,-306,150,162,423,123
15170,-7742,7598,9455,-5608,192,-1872,999,-378,441,496,-304,178,198,465,134
15188,-7846,7617,9468,-5707,192,-1872,999,-371,442,498,-298,195,207,472,135
15206,-7924,7626,9475,-5782,192,-1872,999,-369,443,498,-299,233,206,476,145
15223,-4283,10618,6458,-9209,-225,-1858,1041,-366,451,498,-299,213,418,434,300
15241,-3401,11086,5587,-9910,-335,-1841,989,-355,464,497,-305,211,659,339,548
15258,2944,11309,4843,-10583,-429,-1822,925,-338,486,494,-319,303,1263,304,1024
15290,3858,11312,3697,-11312,-569,-1783,853,-286,537,474,-356,456,1753,299,3714
15332,5239,11055,-3798,-11215,-732,-1657,768,-215,618,423,-433,485,1460,335,5338
15350,5925,11014,-4868,-11315,-853,-1597,668,-192,650,389,-469,430,1212,327,4924
15371,5967,9992,-5030,-10757,-865,-1522,647,-167,674,350,-498,414,979,324,4802
15399,6484,9044,-5576,-9856,-931,-1411,583,-138,680,298,-525,325,619,258,2775
15455,5737,7121,-4391,-7080,-871,-1308,626,-60,662,168,-558,202,300,198,1153
15473,6105,6475,-4736,-6362,-888,-1223,600,-48,657,153,-561,183,225,175,758
15490,5888,5678,-4541,-5411,-851,-1174,600,-48,657,153,-561,155,164,166,534
15521,5077,5379,-3514,-4660,-780,-1152,695,-3,637,93,-561,126,113,133,301
15539,4736,4887,-3209,-4068,-746,-1101,695,13,626,71,-559,101,86,119,225
15556,4435,4221,2923,-3186,-702,-1059,718,27,617,61,-561,84,70,113,169
15588,3276,-3347,3986,4828,-521,-957,830,39,602,53,-547,71,64,109,176
15605,3253,-3886,3962,5424,-493,-904,830,43,576,54,-528,74,107,116,230
15622,-2906,-4364,4321,6091,-432,-867,858,48,552,52,-502,67,175,124,268
15640,-3165,-4781,4576,6656,-374,-828,892,50,521,51,-478,71,205,140,380
15657,-3367,-5109,4664,6989,-327,-783,894,48,473,52,-440,88,205,153,376
15678,-3826,-5292,4954,7123,-267,-740,888,43,430,51,-392,95,235,156,440
15706,-4436,-6128,5331,7970,-144,-647,892,28,363,52,-334,88,193,158,452
15724,-4438,-5713,5373,7538,-144,-647,892,25,354,50,-319,95,259,167,512
15741,-4969,-7337,5750,9358,27,-531,925,11,325,48,-282,111,302,173,598
15762,4716,-10922,-4378,11302,6,28,927,3,285,48,-245,371,1439,279,2780
15779,4845,-10657,-4433,11307,14,58,938,1,247,42,-183,601,2615,355,6168
15832,5318,-9533,-4867,10466,44,174,964,6,105,36,63,437,1599,302,4430
15850,5508,-8845,-4944,9653,48,204,1008,20,26,30,213,344,1221,269,3094
15871,5551,-8160,-5012,8653,53,234,1025,34,16,22,306,266,908,232,1919
15888,5562,-7714,-5127,7832,59,263,1037,50,0,6,351,225,696,220,1346
15905,5504,-7264,-5122,7108,63,293,1056,57,-6,5,364,184,546,207,1001
15923,5874,-6971,-5330,6813,59,324,1123,70,-10,5,369,173,441,187,685
15937,5967,-6712,-5359,6552,59,324,1123,72,-14,4,359,161,362,182,525
15954,6622,-6626,-5833,6577,41,387,1268,80,-19,2,339,153,306,198,465
15972,6589,-6542,-5905,6431,42,417,1277,75,-21,4,300,171,275,194,398
16003,7286,-6339,-6334,6531,28,480,1359,68,-23,5,263,232,239,220,323
16017,7116,-6424,-6394,6452,39,509,1323,68,-23,5,263,236,232,248,318
16059,6713,-6883,-6539,6583,74,596,1229,63,-32,8,210,232,231,256,285
16076,6518,-7010,-6515,6652,91,624,1188,64,-40,2,193,219,236,234,274
16106,6497,-7471,-6622,7165,118,680,1133,66,-44,-5,176,222,271,262,340
16148,6597,-7780,-6675,7659,142,737,1094,70,-56,-20,158,217,330,249,436
16166,6352,-8028,-6596,7831,165,763,1046,78,-60,-24,150,206,327,256,478
16183,6297,-8294,-6610,8128,179,791,1027,85,-67,-32,142,194,361,257,506
16204,6435,-8471,-6667,8456,186,820,1024,86,-75,-41,142,202,408,256,625
16232,6614,-8844,-6805,8943,202,878,1010,83,-85,-44,141,203,429,244,596
16263,6849,-9213,-7018,9391,220,935,994,84,-102,-52,149,246,532,253,909
16281,6696,-8992,-6856,9181,220,935,994,88,-108,-59,150,264,599,284,938
16298,6829,-9413,-7025,9614,240,992,976,94,-118,-64,157,270,670,284,1093
16315,6875,-9466,-7055,9700,246,1021,973,96,-125,-65,167,282,757,285,1231
16336,7079,-9526,-7199,9814,246,1052,983,101,-134,-68,175,311,767,300,1403
16353,6993,-10041,-7369,10146,281,1106,936,100,-149,-69,186,366,965,357,1761
16370,7290,-10045,-7576,10216,276,1139,952,100,-161,-70,197,387,1021,372,2075
16388,7263,-10095,-7616,10194,292,1166,931,97,-186,-77,233,402,1046,409,1889
16418,7040,-10064,-7556,9982,314,1191,901,99,-218,-80,260,390,1011,375,2027
16436,7038,-10108,-7601,9990,328,1218,885,104,-243,-87,280,388,1023,407,1768
16467,7160,-10733,-7896,10523,378,1298,835,105,-270,-85,311,372,1126,390,1632
16484,7143,-10557,-7886,10322,378,1298,835,104,-274,-85,312,428,1372,435,2224
16502,6507,-11018,-7574,10601,447,1307,733,106,-295,-85,339,417,1381,405,2039
16523,5952,-11304,-7286,10934,526,1342,632,111,-323,-87,365,587,2366,499,2907
16540,5746,-11305,-7182,10959,555,1363,598,114,-342,-87,383,602,2547,529,3561
16583,5645,-11307,-7269,11029,610,1438,552,123,-432,-90,471,563,2551,481,3619
16600,5670,-11307,-7323,10774,627,1464,532,126,-469,-92,512,553,2472,456,3311
16618,5548,-11307,-7282,10611,654,1485,501,120,-498,-95,538,502,2354,449,3119
16635,5840,-11080,-7428,10339,652,1518,507,119,-511,-97,551,455,2061,441,2594
16653,6504,-10625,-7842,9980,621,1564,531,111,-557,-104,597,398,1724,419,2340
16684,6881,-10375,-8020,9832,639,1621,520,106,-579,-117,612,344,1265,415,1841
16702,7003,-10282,-8142,9684,641,1653,518,106,-586,-123,617,340,1081,409,1492
16719,6974,-10278,-8175,9592,654,1679,495,101,-595,-129,615,328,947,430,1219
16776,7596,-10326,-8778,9555,660,1806,459,96,-610,-146,609,337,778,479,1410
16804,7444,-10859,-8802,9995,706,1853,390,98,-613,-152,605,364,851,481,1399
16835,7335,-10932,-8774,9989,717,1870,345,98,-620,-167,603,379,942,520,1407
16866,7602,-10756,-8957,9853,686,1882,331,104,-640,-185,606,394,1053,547,1401
16884,7680,-10666,-8869,9927,686,1882,331,109,-644,-196,604,400,1005,545,1330
16901,7853,-10386,-8917,9713,659,1891,330,118,-645,-201,604,385,954,557,1091
16918,7204,-10350,-8473,9548,687,1880,278,129,-649,-209,607,384,917,554,1005
16936,7043,-10217,-8358,9364,684,1882,257,132,-650,-221,610,360,828,526,1070
16957,7159,-9966,-8348,9179,660,1890,252,138,-653,-232,607,313,726,469,1019
16974,7526,-9710,-8527,9019,623,1903,265,145,-649,-250,608,315,638,445,848
16992,7444,-9678,-8459,8947,616,1905,244,154,-646,-255,604,291,556,431,672
17009,8207,-9224,-8930,8609,547,1927,283,157,-645,-265,600,332,491,422,547
17027,8301,-8942,-8994,8279,515,1935,252,159,-646,-271,598,367,425,487,451
17044,8120,-8937,-8891,8200,513,1936,227,158,-650,-275,596,398,371,470,446
17062,8529,-8680,-9193,7946,467,1948,239,157,-651,-276,593,380,336,495,536
17083,8658,-8380,-9263,7641,441,1954,228,161,-643,-284,590,366,322,468,408
17100,8504,-8610,-9256,7746,443,1953,164,168,-638,-292,585,366,298,503,346
17117,7445,-7785,-8510,6579,443,1892,0,176,-631,-298,580,373,294,527,350
17135,7411,-7876,-8526,6613,438,1924,0,176,-627,-304,578,314,242,440,282
17152,7317,-8035,-8403,6826,438,1924,0,180,-615,-309,572,273,224,425,250
17173,7256,-8641,-8453,7383,459,1949,0,182,-607,-319,566,236,229,384,267
17190,7537,-8678,-8698,7382,429,1956,0,183,-603,-327,563,242,245,376,266
17221,6643,-8791,-7926,7463,473,1946,0,191,-597,-346,557,210,275,344,245
17239,7058,-8608,-8169,7341,439,1954,0,191,-591,-351,553,186,274,321,270
17267,6469,-9111,-8010,7480,474,1946,-224,187,-586,-351,550,189,291,307,269
17308,6792,-9397,-8436,7607,459,1949,-321,174,-577,-338,540,200,368,327,316
17330,6994,-9343,-8569,7595,443,1954,-345,171,-578,-333,538,217,392,359,329
17347,6697,-9693,-8455,7849,467,1948,-400,164,-573,-332,530,213,402,351,394
17413,7665,-9417,-9220,7583,391,1965,-485,156,-571,-331,521,256,427,493,400
17431,7704,-9493,-9262,7668,391,1965,-485,154,-572,-333,518,283,427,508,414
17448,7396,-9536,-9103,7596,403,1962,-539,156,-570,-337,517,278,428,550,394
17466,7770,-9241,-9441,7232,354,1972,-565,159,-572,-340,508,291,427,520,396
17483,7744,-9218,-9350,7299,354,1972,-565,161,-571,-344,503,290,412,552,372
17504,8162,-9400,-9703,7523,323,1976,-569,165,-572,-350,496,311,399,542,399
17533,9152,-8607,-10379,6798,220,1991,-586,170,-570,-357,492,363,377,616,330
17550,9136,-8767,-10309,7054,220,1991,-586,182,-573,-373,482,391,365,737,343
17567,9076,-8886,-10192,7280,220,1991,-586,188,-572,-390,477,456,363,800,320
17588,8979,-9001,-10025,7508,220,1991,-586,197,-571,-403,468,457,365,843,335
17606,8891,-9083,-9893,7671,220,1991,-586,212,-567,-422,459,485,372,783,369
17623,8780,-9159,-9749,7812,220,1991,-586,215,-565,-424,458,464,371,740,379
17641,8676,-9224,-9620,7934,220,1991,-586,229,-562,-440,443,478,372,665,382
17658,8560,-9286,-9480,8063,220,1991,-586,234,-560,-447,437,449,392,645,433
17690,8346,-9361,-9243,8253,220,1991,-586,252,-562,-459,426,451,436,563,511
17718,11287,-6149,-11287,4902,-270,1985,-395,307,-537,-494,403,1895,487,1588,414
17739,11287,-6465,-11287,5285,-270,1985,-395,370,-525,-529,377,1973,445,1844,347
17757,11288,-5808,-11288,4693,-359,1971,-376,407,-511,-572,357,2177,424,1634,321
17789,11288,-4278,-11288,3169,-558,1924,-291,478,-490,-633,335,1859,345,1397,281
17806,11288,-4428,-11288,3288,-558,1924,-291,531,-467,-664,318,1726,308,1446,252
17827,11318,-3928,-11030,-2916,-630,1902,-252,571,-446,-665,297,1621,270,2810,223
17845,10389,-4627,-10530,3431,-589,1915,-351,597,-429,-675,272,1743,288,2505,236
17866,9774,-4919,-10143,3693,-589,1915,-351,615,-411,-684,250,1224,214,1737,208
17883,10171,-4078,-10226,3047,-692,1880,-285,622,-396,-690,235,912,182,1248,172
17915,8996,-4113,-9470,-2968,-688,1817,-333,629,-368,-693,213,562,140,782,140
17932,7604,-4301,-8467,-2965,-636,1773,-396,628,-351,-567,66,404,109,569,129
17950,7479,-4600,-8480,3209,-644,1770,-401,628,-343,-697,182,294,90,432,125
17967,6088,-4461,-7209,3058,-590,1662,-466,622,-327,-697,162,225,83,331,115
18010,4087,-3999,-5217,-3025,-527,1493,-523,612,-304,-687,130,106,56,186,81
18052,-3277,-3877,-3658,2913,-455,1328,-580,596,-280,-672,96,45,51,120,60
18069,-3107,-4085,-3773,3198,-455,1328,-580,596,-280,-672,96,34,51,120,68
18090,-4635,-3564,3644,2951,-406,1217,-604,568,-263,-653,83,99,61,111,63
18108,-5043,-3466,4101,2951,-406,1217,-604,524,-250,-618,74,137,62,129,52
18136,-4737,-3425,3943,2989,-398,1156,-586,505,-244,-598,73,128,58,186,71
18157,-4871,-3316,4170,2995,-382,1097,-572,390,-218,-468,59,155,55,160,66
18185,-4340,-3418,3666,3097,-369,1038,-550,367,-201,-439,49,182,56,197,92
18202,-4470,-3256,3849,3000,-353,980,-525,346,-187,-412,41,170,55,180,75
18220,-4436,-3241,3857,3037,-334,923,-510,315,-176,-373,36,143,43,172,64
18276,4289,-3635,-4090,3846,-402,916,-287,234,-139,-300,33,124,236,184,90
18328,5044,-3859,-4788,3909,-395,853,-161,219,-114,-297,29,69,111,140,123
18349,5693,-4108,-5177,4366,-395,853,-161,215,-104,-291,22,75,82,121,94
18367,5891,-4284,-5505,4373,-394,854,-155,212,-97,-283,17,81,74,127,88
18384,6033,-4418,-5799,4323,-394,854,-155,209,-92,-277,15,98,79,130,87
18402,5636,-4175,-5195,4353,-367,800,0,207,-88,-272,9,106,85,149,88
18419,6114,-4015,-5504,4285,-396,786,0,206,-84,-268,6,94,93,144,98
18436,6223,-4314,-5711,4515,-383,792,0,205,-81,-261,1,108,89,143,118
18453,6238,-4489,-5884,4549,-375,795,0,205,-81,-261,1,111,91,135,100
18485,6141,-5013,-6063,4872,-335,813,0,199,-74,-244,8,120,90,142,137
18502,6582,-4973,-6364,4908,-350,806,0,197,-69,-240,12,141,97,165,147
18519,6671,-5118,-6465,5038,-344,809,0,194,-67,-234,11,139,102,180,168
18536,6720,-5396,-6599,5253,-329,815,0,190,-62,-229,12,137,111,204,168
18554,6636,-5691,-6630,5475,-307,822,0,188,-62,-225,11,147,126,215,156
18657,5582,-6250,-5828,6015,-162,739,0,162,-58,-191,19,141,178,213,266
18699,-7108,4096,7390,-3282,63,-63,0,141,-48,-166,13,225,107,331,144
18716,-7267,4095,7517,-3288,84,-84,0,133,-45,-158,10,246,101,359,137
18744,-7663,3999,7960,-3033,130,-124,0,111,-37,-127,-1,276,94,361,105
18775,-7936,3835,8190,2998,174,-164,0,107,-35,-121,-3,310,101,394,98
18792,-8161,3821,8244,-2921,192,-188,0,81,-31,-96,-19,337,105,379,88
18810,-8328,3803,8298,-2983,211,-212,0,65,-29,-83,-23,392,115,413,91
18861,-8221,3649,8261,3133,274,-277,0,26,-21,-26,-26,412,109,473,261
18941,-8644,3676,8449,-2922,359,-402,0,-23,-2,41,9,422,109,449,98
18969,-8917,3836,8652,-3174,383,-461,0,-49,7,73,15,444,107,463,88
19000,-9025,3897,8718,-3294,411,-516,0,-66,13,91,13,501,100,522,95
19017,-8833,3852,8524,-3283,411,-516,0,-81,16,103,11,524,106,519,98
19031,-8989,3847,8456,-3519,420,-546,-142,-96,18,120,10,522,115,502,83
19052,-9177,3941,8901,-3292,465,-588,0,-107,18,129,11,563,120,489,98
19069,-9353,4056,8743,-3793,462,-628,-170,-122,20,138,5,553,137,546,138
19097,-9024,4043,8610,-3609,480,-652,-164,-142,22,151,0,609,157,497,142
19114,-9061,4118,8725,-3598,494,-679,-171,-155,21,161,-5,555,136,503,130
19135,-9050,4044,8863,-3331,517,-699,-148,-173,22,174,-15,554,123,474,127
19152,-9046,4031,8978,-3165,538,-720,-133,-175,24,176,-17,500,126,462,138
19184,-9411,3831,9667,3339,620,-773,0,-200,25,202,-30,469,129,474,125
19201,-9048,3841,9446,3453,620,-773,0,-208,25,210,-27,463,128,496,112
19218,-9447,3977,9819,3346,653,-823,0,-218,27,222,-29,449,111,522,123
19235,-9637,4111,9924,3142,662,-854,0,-231,26,234,-29,535,114,661,127
19253,-9779,3897,10096,3464,698,-863,0,-231,26,234,-29,586,134,754,121
19284,-10124,4071,10415,3277,729,-915,0,-258,31,269,-4,749,148,1050,117
19301,-10334,4174,10574,3113,743,-943,0,-271,33,287,8,884,171,1118,124
19332,-10459,4684,10585,-3427,747,-1015,0,-295,38,324,24,977,199,1148,163
19349,-10399,4665,10347,-3636,747,-1015,0,-300,40,331,27,1074,208,1237,169
19370,-10545,4705,10488,-3665,765,-1039,0,-313,43,349,25,1139,226,1139,156
19422,-10686,5629,10259,-5168,745,-1198,-144,-390,59,412,22,1859,337,1534,207
19440,-10467,5887,10085,-5481,735,-1238,-172,-413,59,430,24,1510,308,1265,205
19471,-10346,6454,10322,-5790,744,-1337,-183,-450,64,453,20,1057,240,912,210
19489,-9740,6427,9972,-5592,744,-1337,-183,-469,69,467,15,926,267,810,249
19506,-9801,6923,10198,-5979,738,-1409,-199,-480,73,488,8,783,246,768,237
19573,-9843,6815,10620,-5334,812,-1505,0,-510,86,529,-5,672,290,928,320
19590,-9568,6701,10474,-5080,812,-1505,0,-510,89,540,-5,638,275,972,243
19621,-9998,6492,10877,-4728,868,-1543,0,-517,95,568,-7,613,263,908,263
19639,-10205,6829,10940,-5230,855,-1585,0,-519,97,574,-9,598,261,970,234
19670,-10736,7087,11295,-5440,889,-1668,0,-529,104,597,-14,688,260,1169,222
19687,-10771,7003,11309,-5483,889,-1668,0,-530,108,614,-14,812,242,1405,209
19718,-11295,6914,11295,-5269,953,-1737,0,-538,115,619,-19,1556,391,2493,274
19736,-11296,7077,11296,-5336,947,-1763,0,-564,122,636,-31,1800,433,2412,295
19767,-10916,7546,11296,-5865,891,-1792,0,-616,131,675,-45,1352,359,1881,291
19784,-10630,7768,11306,-6218,862,-1806,0,-645,141,687,-54,1007,355,1843,287
19802,-10118,8245,10719,-6992,795,-1837,0,-658,159,705,-59,924,381,1636,317
19819,-9477,8877,10222,-7702,712,-1870,0,-655,172,718,-66,745,438,1238,441
19840,-9327,8674,10140,-7403,712,-1870,0,-651,182,724,-71,588,466,918,506
19857,-8665,9917,9239,-9263,565,-1919,0,-641,204,720,-80,512,539,807,513
19874,-8259,9852,8828,-9274,534,-1928,0,-627,221,715,-95,474,747,643,791
19892,-7843,10184,8161,-10038,449,-1950,-179,-612,247,706,-116,442,866,551,1081
19923,-7505,10402,7788,-10430,365,-1967,-196,-590,291,690,-152,437,1143,398,2345
19940,-7124,10527,7407,-10658,300,-1979,-221,-575,321,675,-187,435,1239,370,2707
19971,-6580,10511,6842,-10787,205,-1990,-246,-550,373,654,-249,389,1154,322,2521
19992,-5923,10515,6345,-10716,120,-1998,-254,-536,400,639,-290,347,1050,279,2203
20010,-6015,10105,6657,-9955,131,-1997,-209,-527,425,627,-319,305,939,260,2438
20028,-5746,10109,6387,-10023,69,-2000,-233,-511,467,608,-363,275,833,248,2416
20049,-5816,9502,6542,-9223,67,-2000,-194,-498,497,588,-387,231,682,240,1850
20077,-5829,9002,6850,-8354,81,-2000,-145,-486,510,568,-402,182,528,231,1198
20094,-5803,9084,6870,-8442,48,-2001,-140,-477,520,554,-402,161,450,209,966
20112,-5822,8871,7098,-7999,48,-2001,0,-467,522,536,-401,144,426,205,906
20133,-5912,8739,7062,-8027,24,-2001,0,-457,522,526,-402,137,383,188,674
20161,-6776,7946,7999,-6900,115,-1998,0,-447,520,512,-395,131,366,209,581
20178,-6553,8104,7848,-7060,77,-2000,0,-439,511,504,-387,123,332,233,530
20199,-6801,8151,8345,-6789,100,-1999,159,-432,503,497,-379,128,286,256,386
20217,-6781,8252,8345,-6887,87,-2000,183,-429,492,493,-368,147,308,295,390
20234,-7008,8099,8722,-6493,120,-1998,248,-424,482,490,-361,145,289,285,311
20276,-7664,8413,9497,-6586,151,-1996,381,-418,461,488,-338,168,268,314,261
20294,-7722,8314,9597,-6400,166,-1995,426,-416,456,488,-330,196,274,438,232
20311,-7639,8416,9488,-6553,147,-1996,436,-410,454,493,-328,213,287,460,256
20343,-7579,8785,9369,-7026,111,-1998,460,-401,447,496,-315,222,295,477,268
20371,-7571,9051,9363,-7308,94,-1999,505,-393,444,500,-308,210,343,497,235
20402,-7657,9070,9454,-7271,94,-2000,560,-384,442,507,-306,242,371,493,247
20434,-6505,8859,7944,-7594,4,-1942,536,-376,449,520,-300,235,390,446,272
20473,-5959,8915,7223,-7925,-68,-1941,509,-353,456,504,-303,160,342,282,297
20505,-5877,9407,7170,-8493,-130,-1938,499,-328,466,480,-311,165,386,262,462
20536,-5549,10161,6667,-9658,-252,-1926,430,-315,472,467,-320,167,489,245,612
20554,-5384,10394,6441,-10036,-304,-1918,404,-289,489,445,-336,177,600,237,849
20571,-5679,10293,6674,-9945,-304,-1918,404,-283,498,440,-345,201,710,240,1183
20588,-5915,10188,6862,-9845,-304,-1918,404,-274,509,431,-357,222,738,237,1368
20606,-6109,10092,7021,-9748,-304,-1918,404,-257,521,413,-372,230,746,258,1403
20638,-6449,9904,7317,-9528,-304,-1918,404,-242,534,397,-392,237,728,268,1405
20655,-6614,9805,7466,-9406,-304,-1918,404,-229,542,381,-406,244,678,271,1248
20672,-6761,9714,7607,-9284,-304,-1918,404,-225,548,375,-415,241,620,286,1052
20690,-6885,9626,7731,-9162,-304,-1918,404,-211,555,359,-429,247,586,285,1039
20711,4669,11285,-3506,-11285,-895,-1711,275,-203,558,354,-436,265,553,326,921
20728,4966,11285,-3800,-11285,-945,-1683,252,-191,568,339,-451,377,1140,327,1959
20760,5395,11289,-4106,-11289,-1008,-1647,244,-154,604,285,-498,506,1697,330,4589
20788,5811,11291,-4427,-11291,-1084,-1597,216,-134,634,246,-532,485,1741,297,5169
20858,5289,8752,-3549,-8535,-997,-1439,313,-67,713,135,-628,276,725,216,2588
20876,5057,8520,-3255,-8180,-997,-1439,313,-57,721,122,-641,225,523,181,1663
20942,4227,4750,3763,-3175,-727,-1255,541,-33,692,101,-629,105,153,122,302
20970,3343,3612,4736,4274,-576,-1199,692,-32,688,100,-628,81,108,128,203
20988,3067,2957,5053,5158,-509,-1163,757,-22,658,103,-598,68,88,147,251
21009,-2911,-3405,5121,5769,-456,-1120,806,-17,646,107,-576,73,108,154,289
21037,-3537,-4515,5498,6931,-327,-1039,903,-13,580,115,-491,74,159,166,334
21054,-3773,-4182,5513,6347,-327,-1039,903,-9,534,120,-458,83,166,164,361
21075,-3721,-4303,5213,6261,-309,-981,903,-15,489,126,-415,80,181,155,364
21093,-3904,-5108,5173,7021,-220,-881,942,-20,452,127,-380,91,199,160,393
21110,-3879,-5391,5160,7409,-170,-830,973,-25,417,128,-366,98,210,165,531
21128,-3861,-5479,5016,7424,-139,-774,962,-30,385,133,-333,97,261,164,493
21159,-3606,-5976,4688,7889,-67,-662,992,-41,326,124,-275,95,263,174,619
21187,-3541,-6338,4363,8031,-12,-543,950,-46,270,126,-239,105,257,170,615
21205,-3336,-6527,4233,8337,24,-482,982,-50,256,123,-215,102,289,168,586
21225,-2966,-6638,3958,8509,51,-418,1003,-52,224,116,-175,101,283,156,621
21243,2989,-6695,3654,8356,64,-354,980,-54,202,119,-159,110,279,149,714  