0,3816,-7092,-3567,7964,0,18,-40,0,0,0,0,0,0,0,0
114,3757,-7113,-3522,7983,-8,11,-30,0,0,0,0,-6,-10,46,-4
132,3726,-7123,-3499,7991,12,-29,400,0,0,0,0,-19,-27,152,-19
148,3721,-7125,-3494,7993,0,0,80,0,0,0,0,-27,-20,245,-23
163,3816,-7096,-3570,7966,19,60,-1030,0,0,0,0,-26,-20,323,-18
180,3877,-7075,-3616,7948,-13,-43,-760,0,0,0,0,-31,-15,409,-29
198,3844,-7086,-3591,7958,-13,-22,400,0,0,0,0,-25,-21,478,-25
215,3888,-7071,-3624,7944,-15,-12,-410,0,0,0,0,-28,-28,554,-31
231,3857,-7083,-3601,7955,-7,24,350,0,0,0,0,-23,-27,615,-32
248,3836,-7088,-3585,7959,30,-23,290,0,0,0,0,-23,-30,668,-24
266,3894,-7069,-3629,7943,-6,-39,-670,0,0,0,0,-25,-16,722,-28
283,3863,-7081,-3604,7954,-63,-37,340,3,3,3,3,-15,-23,766,-32
300,3851,-7087,-3597,7958,66,40,210,3,3,3,3,-15,-19,815,-35
329,3874,-7077,-3613,7951,-22,27,-320,2,2,2,2,-17,-31,902,-34
347,3857,-7085,-3600,7958,21,-9,210,2,2,2,2,-31,-20,933,-32
364,3868,-7081,-3609,7954,0,0,-70,2,2,2,2,-30,-20,970,-34
379,3881,-7078,-3619,7951,-16,-14,-200,2,2,2,2,-36,-19,1002,-39
396,3862,-7083,-3605,7956,10,-7,250,2,2,2,2,-24,-25,1041,-37
413,3862,-7083,-3605,7956,10,-7,250,1,1,1,1,-21,-19,1070,-46
430,3862,-7083,-3605,7955,0,-17,10,1,1,1,1,-30,-28,1094,-40
447,3837,-7093,-3585,7964,-21,27,270,1,1,1,1,-19,-30,1103,-38
465,3848,-7089,-3593,7961,12,20,-340,1,1,1,1,-11,-20,1113,-26
481,3887,-7075,-3623,7950,29,31,-440,1,1,1,1,-12,-23,1132,-25
499,3883,-7080,-3621,7954,-32,-68,50,1,1,1,1,-18,-28,1143,-22
515,3886,-7078,-3624,7951,49,36,20,1,1,1,1,-9,-25,1164,-27
533,3847,-7091,-3594,7963,-10,1,400,1,1,1,1,-8,-22,1183,-28
550,3885,-7079,-3624,7951,29,26,-220,1,1,1,1,-13,-5,1200,-25
567,3885,-7079,-3624,7951,29,26,-220,1,1,1,1,-12,-11,1202,-24
584,3885,-7079,-3624,7951,29,26,-220,1,1,1,1,-20,-13,1223,-31
601,3877,-7082,-3617,7955,0,0,-410,1,1,10,1,629,797,1880,-20
619,3832,-7100,-3583,7970,9,-6,480,1,5,9,5,356,494,1539,-29
636,3797,-7110,-3554,7981,-8,49,330,3,5,10,7,166,360,1424,-25
653,3781,-7115,-3541,7986,-45,-46,160,3,4,9,9,117,249,1362,-27
670,3768,-7122,-3534,7990,18,-36,220,7,4,10,12,110,289,1304,-21
685,3708,-7141,-3486,8008,35,78,670,9,6,9,15,66,295,1308,-25
703,3788,-7114,-3548,7985,32,139,-900,10,5,10,18,69,215,1337,-20
720,3679,-7150,-3466,8015,-47,-189,1390,13,4,9,23,54,176,1364,-32
737,3595,-7174,-3397,8039,42,175,870,15,4,9,25,39,236,1374,-39
754,3442,-7220,-3277,8081,60,44,900,14,8,9,31,48,255,1352,-31
771,3356,-7242,-3211,8099,6,-1,600,15,7,8,34,66,197,1339,-38
788,3284,-7262,-3154,8118,31,-113,2260,16,2,7,39,83,180,1378,-23
805,3284,-7262,-3154,8118,31,-113,2260,15,-3,7,43,77,218,1399,-31
822,3181,-7285,-3071,8140,73,303,930,15,-16,6,48,43,191,1355,-26
840,3183,-7282,-3069,8141,39,172,-130,14,-19,5,52,63,262,1339,-24
857,3097,-7303,-3001,8159,53,153,1120,14,-21,7,57,63,248,1357,-31
908,2981,-7326,-2909,8179,141,65,-90,14,-22,5,54,17,130,1444,-38
925,3004,-7322,-2927,8176,52,49,-250,13,-22,4,53,57,153,1435,-33
943,2915,-7338,2949,8197,-124,322,590,13,-22,4,51,-50,85,1595,-42
960,2922,-7335,2943,8192,39,6,-20,14,-21,6,49,5,98,1482,-35
977,-2968,-7352,3017,8208,-15,-2,1010,15,-21,7,50,31,148,1422,-30
992,-2969,-7353,3018,8209,13,97,-100,14,-20,7,50,47,139,1389,-25
1009,-3023,-7361,3061,8216,2,-84,780,12,-19,11,52,36,176,1371,-32
1026,-3050,-7369,3082,8223,145,167,280,13,-22,12,54,56,163,1361,-36
1043,-3091,-7376,3114,8229,219,159,540,14,-23,15,57,74,113,1395,-26
1061,-3201,-7392,3202,8241,113,25,1360,12,-27,17,61,77,141,1414,-31
1078,-3228,-7395,3224,8244,89,92,340,13,-28,20,65,91,162,1410,-22
1095,-3250,-7398,3240,8244,182,105,360,14,-32,22,70,88,179,1396,-33
1112,-3351,-7411,3322,8255,28,-27,970,10,-35,24,73,67,149,1375,-19
1129,-3397,-7415,3360,8258,224,329,640,6,-40,28,80,59,171,1375,-30
1146,-3405,-7416,3370,8262,112,222,-70,4,-43,28,86,36,174,1376,-24
1163,-3387,-7416,3352,8259,148,9,-10,1,-47,32,93,22,173,1359,-16
1192,-3564,-7436,3492,8270,149,142,980,-3,-54,37,101,57,177,1399,-36
1211,-3564,-7436,3492,8270,149,142,980,-9,-59,42,109,86,260,1379,-38
1228,-3677,-7444,3580,8271,383,132,-1420,-13,-63,43,113,96,262,1351,-40
1245,-3823,-7453,3698,8274,363,107,1970,-16,-63,46,119,91,241,1376,-33
1264,-3830,-7453,3703,8273,90,69,90,-18,-70,49,124,62,174,1419,-30
1281,-3997,-7456,3846,8277,377,534,2020,-20,-73,50,132,52,182,1404,-41
1299,-4050,-7458,3884,8272,396,16,1110,-23,-76,54,137,56,202,1388,-31
1316,-4050,-7458,3884,8272,396,16,1110,-27,-81,56,144,29,254,1332,-29
1335,-4136,-7460,3952,8268,528,231,1320,-28,-86,58,149,67,237,1370,-22
1352,-4322,-7450,4109,8255,174,135,1210,-29,-88,62,153,83,196,1411,-20
1371,-4374,-7449,4148,8248,672,234,1200,-34,-94,64,165,70,190,1383,-26
1388,-4350,-7453,4126,8251,418,195,-80,-37,-96,66,166,78,163,1417,-30
1407,-4490,-7443,4244,8238,121,147,1570,-41,-100,71,172,87,261,1386,-42
1424,-4619,-7430,4351,8220,478,49,320,-42,-103,72,174,110,243,1395,-42
1444,-4760,-7412,4471,8198,509,238,1710,-51,-108,78,179,112,187,1420,-27
1486,-4936,-7384,4624,8170,495,150,190,-58,-118,83,193,73,207,1417,-30
1503,-4936,-7384,4624,8170,495,150,190,-63,-122,84,196,116,199,1425,-23
1520,-5134,-7346,4790,8123,596,293,2210,-64,-124,88,200,113,182,1440,-30
1539,-5256,-7316,4901,8095,440,333,1290,-65,-128,91,204,87,161,1420,-17
1556,-5256,-7316,4901,8095,440,333,1290,-71,-133,93,209,65,183,1396,-23
1576,-5381,-7279,5015,8061,400,340,1130,-75,-134,94,211,116,212,1384,-23
1593,-5553,-7229,5160,8001,756,183,310,-76,-137,98,218,95,172,1405,-21
1612,-5568,-7220,5178,7997,392,253,-90,-78,-141,100,219,97,156,1453,-19
1629,-5568,-7220,5178,7997,392,253,-90,-82,-142,101,222,91,170,1489,-30
1648,-5749,-7152,5345,7932,400,280,1430,-86,-147,105,226,104,147,1467,-25
1665,-5875,-7095,5464,7879,686,458,1800,-87,-150,106,229,85,129,1451,-30
1682,-6074,-7001,5648,7785,529,110,1100,-89,-151,108,231,103,131,1443,-27
1702,-6222,-6924,5781,7704,695,199,2130,-91,-153,110,237,90,128,1429,-36
1719,-6320,-6867,5872,7646,459,131,1090,-95,-154,114,243,143,189,1396,-30
1738,-6300,-6607,5884,7375,853,496,1640,-97,-157,113,246,103,175,1417,-31
1755,-6382,-6542,5972,7319,576,278,440,-100,-163,115,250,107,171,1449,-39
1774,-6518,-6434,6107,7215,531,255,1470,-105,-169,118,254,80,104,1419,-29
1791,-6619,-6352,6207,7134,736,151,1300,-109,-171,124,257,77,120,1436,-30
1810,-6626,-6348,6212,7129,465,3,180,-113,-171,123,267,91,126,1443,-29
1827,-6588,-6071,6204,6832,1159,504,3220,-116,-174,125,274,106,140,1463,-25
1846,-6665,-5979,6294,6752,558,225,310,-119,-178,129,279,102,126,1434,-26
1876,-6861,-5729,6509,6515,645,-188,780,-122,-183,135,280,85,107,1433,-35
1905,-6891,-5243,6603,6024,427,84,1690,-128,-181,141,284,201,154,1507,-25
1924,-6891,-5243,6603,6024,427,84,1690,-132,-181,144,287,130,114,1481,-31
1941,-6785,-4928,6547,5693,756,98,720,-135,-180,148,291,130,122,1491,-34
1960,-5117,4039,5459,-3446,544,163,670,-140,-181,151,289,101,108,1437,-29
1977,-5187,4122,5477,-3593,821,-37,1880,-144,-169,156,273,75,136,1417,-30
2007,-5346,4223,5659,-3656,666,134,-70,-145,-147,163,247,77,111,1446,-36
2026,-5363,4361,5704,-3783,668,-30,1920,-146,-133,165,227,57,89,1423,-32
2043,-5363,4361,5704,-3783,668,-30,1920,-147,-119,166,212,58,73,1399,-32
2062,-5409,4455,5770,-3862,561,-142,680,-146,-106,167,193,81,65,1403,-27
2128,-5659,4885,6111,-4217,424,-432,460,-143,-68,174,144,68,72,1447,-33
2158,-5720,5099,6216,-4406,390,-330,650,-139,-58,181,122,80,112,1474,-30
2177,-5786,5164,6296,-4454,459,-84,130,-136,-55,180,113,95,100,1503,-37
2194,-5819,5266,6350,-4544,339,-307,740,-135,-50,178,104,96,111,1513,-40
2213,-5886,5329,6431,-4589,300,-199,-10,-133,-36,180,92,100,149,1535,-41
2230,-5940,5411,6434,-4737,200,-391,1080,-130,-28,180,83,125,163,1555,-33
2247,-5992,5627,6509,-4953,361,-409,980,-129,-17,179,74,88,121,1475,-26
2267,-6001,5751,6528,-5086,243,-225,1110,-128,-8,176,64,90,104,1468,-26
2284,-6001,5751,6528,-5086,243,-225,1110,-126,0,176,58,76,105,1439,-32
2303,-6047,5835,6597,-5150,273,-497,200,-126,7,171,52,61,80,1418,-29
2321,-6122,5889,6687,-5183,197,-144,-150,-123,17,169,48,87,126,1438,-34
2338,-6064,6077,6641,-5400,200,-445,1690,-123,22,170,45,106,136,1450,-47
2357,-6225,6176,6846,-5437,295,-398,120,-123,31,168,37,101,127,1444,-32
2374,-6182,6345,6812,-5631,228,-358,1740,-122,36,164,31,102,138,1445,-30
2394,-6266,6391,6920,-5644,102,-307,-480,-120,42,161,24,93,132,1455,-30
2411,-6240,6545,6910,-5811,155,-423,1130,-121,48,162,22,89,122,1453,-19
2428,-6343,6575,7037,-5800,256,-270,-820,-117,55,159,17,83,131,1450,-26
2447,-6358,6809,7088,-6031,65,-351,-980,-118,59,159,10,131,178,1528,-32
2464,-6379,6914,7125,-6131,189,-321,490,-115,66,161,9,99,134,1471,-39
2531,-6322,7323,7122,-6558,311,-525,410,-110,84,164,-10,190,281,1505,-26
2549,-6312,7448,7131,-6685,137,-354,690,-109,90,163,-16,135,199,1500,-34
2568,-6267,7716,7124,-6963,207,-560,90,-107,97,165,-21,118,174,1466,-32
2585,-6275,7825,7154,-7064,0,-431,420,-107,103,166,-27,117,243,1486,-38
2602,-6151,8026,7041,-7311,213,-364,1940,-106,107,166,-31,148,241,1517,-34
2622,-6041,8212,6948,-7528,5,-577,1640,-102,115,166,-36,120,294,1507,-38
2639,-6087,8293,7011,-7595,5,-577,1640,-104,117,166,-39,134,312,1486,-33
2656,-6001,8460,6948,-7780,97,-345,1780,-99,128,166,-47,185,311,1549,-28
2675,-5945,8716,6940,-8035,32,-613,2400,-96,132,166,-51,194,351,1586,-28
2693,-5932,8833,6946,-8152,58,-416,490,-97,142,164,-58,177,417,1539,-26
2712,-5974,8919,7006,-8225,58,-416,490,-95,148,166,-63,194,418,1522,-27
2729,-5931,9053,6985,-8365,-32,-458,670,-91,156,169,-70,162,463,1508,-29
2748,-5939,9159,7021,-8454,-26,-626,200,-89,163,170,-78,107,478,1468,-38
2765,-5724,9360,6817,-8717,33,-590,2190,-86,171,168,-85,170,469,1444,-29
2784,-5530,9463,6617,-8879,49,-277,1310,-79,183,164,-92,163,544,1554,-43
2801,-5507,9477,6600,-8892,39,-597,170,-77,193,159,-101,180,493,1496,-39
2819,-5450,9508,6552,-8928,-118,-614,400,-76,198,157,-106,180,579,1547,-25
2838,-5450,9508,6552,-8928,-118,-614,400,-68,208,155,-116,185,525,1492,-33
2855,-5022,9703,6115,-9244,-633,-1997,7000,-64,219,155,-128,171,627,1489,-31
2874,-4858,9773,5954,-9352,-151,-462,690,-58,227,151,-140,211,691,1555,-27
2891,-4743,9820,5842,-9424,-71,-567,980,-53,235,147,-147,184,640,1484,-34
2910,-4597,9875,5693,-9518,-347,-477,1220,-51,245,143,-154,185,699,1520,-28
2927,-4362,9955,5447,-9668,-265,-615,1990,-43,259,140,-166,185,734,1463,-30
2946,-4259,9995,5350,-9725,-218,-645,720,-40,268,137,-176,191,702,1458,-37
2964,-4066,10057,5160,-9828,-332,-655,770,-39,273,131,-183,202,721,1487,-30
2981,-3869,10112,4956,-9937,-473,-696,1580,-33,293,126,-203,216,741,1484,-31
3000,-3646,10167,4723,-10053,-369,-620,1850,-29,304,118,-213,247,706,1515,-29
3017,-3646,10167,4723,-10053,-369,-620,1850,-26,313,115,-224,214,713,1513,-33
3036,-3626,10175,4711,-10056,-394,-431,150,-24,333,109,-248,198,799,1475,-34
3053,-3559,10197,4649,-10087,-537,-830,730,-21,340,103,-253,185,890,1524,-30
3072,-3335,10250,4432,-10182,-595,-1169,1470,-18,350,101,-272,217,946,1477,-38
3090,-3397,10244,4514,-10141,-421,-611,-600,-18,352,98,-287,213,910,1481,-30
3107,-3227,10278,4338,-10217,-597,-752,1400,-17,355,100,-290,219,885,1494,-20
3150,-3069,10320,4209,-10261,-711,-1059,-90,-14,369,106,-320,194,792,1446,-29
3167,-3114,10322,4279,-10225,-705,-1029,-480,-12,379,108,-332,173,902,1416,-32
3187,-3152,10325,4334,-10201,-419,-536,-310,-13,384,111,-348,240,990,1497,-31
3204,-3129,10337,4333,-10195,-813,-1167,150,-11,393,113,-359,212,866,1445,-35
3223,-3180,10342,4422,-10146,-1051,-1248,-730,-12,398,112,-367,191,836,1442,-38
3240,-3251,10338,4521,-10096,-725,-1022,-700,-10,406,112,-382,190,738,1428,-33
3258,-3251,10338,4521,-10096,-725,-1022,-700,-11,413,109,-391,179,766,1424,-26
3276,-3307,10334,4600,-10055,-625,-849,-490,-12,427,108,-406,180,825,1416,-25
3294,-3384,10328,4705,-10000,-839,-1122,-670,-11,432,103,-413,186,785,1395,-27
3312,-3388,10337,4730,-9986,-686,-873,-70,-9,444,101,-420,140,716,1409,-21
3330,-3394,10349,4773,-9956,-916,-984,-160,-8,452,101,-431,144,729,1390,-24
3349,-3414,10353,4814,-9931,-699,-1187,-230,-9,460,100,-437,105,736,1368,-33
3366,-3340,10373,4749,-9959,-849,-1076,620,-8,468,100,-448,148,812,1425,-43
3385,-3507,10368,5013,-9809,-754,-1091,-1400,-7,473,97,-452,144,792,1432,-38
3414,-3467,10381,4975,-9829,-931,-1109,380,-8,489,98,-462,170,663,1409,-37
3450,-340-92,10398,4912,-9858,-871,-1026,1070,-9,498,94,-467,139,688,1424,-29
3480,-3469,10380,4977,-9827,-979,-1281,170,-6,523,90,-481,173,656,1434,-35
3499,-3469,10380,4977,-9827,-979,-1281,170,0,533,88,-492,142,680,1389,-25
3516,-3325,10417,4837,-9892,-1078,-1368,1330,2,543,84,-500,162,654,1436,-29
3535,-3434,10389,4943,-9843,-967,-1033,-740,4,559,79,-514,117,525,1352,-20
3552,-3348,10414,4860,-9884,-943,-1148,760,3,578,79,-524,106,477,1405,-21
3571,-3183,10454,4699,-9954,-1268,-1580,1650,3,595,78,-539,143,493,1448,-23
3588,-3157,10492,4757,-9906,-929,-1076,-990,3,605,77,-550,152,565,1466,-27
3608,-3269,10475,4894,-9837,-918,-1171,-930,5,615,76,-553,142,596,1463,-28
3625,-3394,10456,5049,-9757,-859,-1185,-960,2,624,76,-558,158,674,1496,-23
3642,-3317,10477,4978,-9788,-1047,-1451,710,-1,632,72,-564,126,659,1426,-24
3661,-3358,10471,5031,-9760,-977,-1033,-240,-3,647,71,-580,118,607,1403,-19
3678,-3548,10438,5267,-9633,-923,-1196,-390,-5,657,72,-588,113,599,1380,-29
3698,-3825,10370,5586,-9455,-682,-1269,-2410,-6,673,73,-591,82,436,1395,-32
3715,-3825,10370,5586,-9455,-682,-1269,-2410,-8,686,71,-588,121,408,1420,-30
3745,-3581,10439,5329,-9594,-950,-1338,1830,-17,710,79,-591,117,490,1398,-31
3762,-3644,10430,5410,-9552,-459,-828,-440,-17,710,78,-593,124,631,1404,-36
3781,-3789,10395,5578,-9457,-1376,-1953,-1690,-19,711,80,-593,98,534,1402,-39
3799,-3986,10339,5802,-9325,-1054,-1245,-1660,-19,711,82,-589,114,548,1421,-35
3818,-4144,10296,5996,-9204,-827,-1363,-460,-20,714,82,-586,116,509,1409,-24
3848,-4059,10328,5918,-9249,-401,-824,-290,-26,726,86,-584,98,410,1386,-38
3865,-4032,10136,5865,-9058,-2070,-3886,-90,-30,730,92,-583,121,446,1434,-31
3884,-4172,10091,6023,-8960,-925,-1126,-1180,-32,717,97,-576,114,464,1430,-27
3901,-4294,10050,6161,-8870,-1082,-1572,-950,-33,704,103,-568,100,524,1429,-29
3919,-4418,10007,6307,-8772,-490,-1144,-970,-35,687,110,-557,88,579,1424,-22
3938,-4466,9990,6363,-8734,-858,-1475,-330,-35,674,116,-550,123,540,1488,-17
3955,-4486,9987,6399,-8708,-729,-1451,-320,-34,666,118,-545,118,469,1466,-15
3974,-4506,9980,6424,-8691,-859,-1344,20,-36,660,123,-540,91,506,1394,-28
3991,-4506,9980,6424,-8691,-859,-1344,20,-35,653,124,-538,114,542,1400,-35
4010,-4400,10024,6311,-8769,-849,-1104,1100,-34,643,127,-535,117,510,1402,-23
4027,-4452,10002,6373,-8723,-943,-1511,-330,-31,638,130,-529,134,571,1453,-26
4046,-4372,10038,6295,-8777,-758,-1515,-590,-30,632,134,-527,95,696,1400,-30
4063,-4289,10068,6207,-8832,-818,-1181,910,-27,630,132,-526,107,539,1400,-28
4082,-4289,10068,6207,-8832,-818,-1181,910,-23,627,132,-524,97,496,1408,-37
4099,-4289,10071,6209,-8834,-818,-1181,910,-23,624,132,-524,131,563,1449,-38
4118,-4289,10071,6209,-8834,-818,-1181,910,-20,619,132,-520,121,506,1487,-29
4135,-4290,10071,6208,-8835,-818,-1181,910,-17,619,132,-520,134,532,1468,-26
4190,-4289,10071,6209,-8835,-818,-1181,910,-13,618,124,-516,114,531,1487,-23
4244,-3309,10379,5195,-9410,-1682,-1094,1160,-2,620,113,-521,149,614,1431,-45
4274,-2975,10450,4828,-9591,-1066,-1797,2020,7,623,102,-527,150,676,1431,-30
4291,2930,10466,4709,-9645,-1196,-1173,1180,10,630,99,-533,164,669,1443,-27
4346,3389,10332,4157,-9676,-1786,-1291,230,46,638,89,-540,177,817,1480,-19
4363,3560,10345,3963,-9749,-1510,-1350,1820,61,638,83,-543,165,727,1475,-13
4430,3884,10154,3547,-9689,-1241,-1015,1660,111,652,59,-559,133,602,1403,-31
4449,4054,10152,3349,-9751,-1513,-1174,1930,128,653,55,-558,149,510,1455,-30
4466,4156,10146,3227,-9785,-1511,-1062,1360,143,651,51,-560,172,497,1429,-37
4484,4156,10146,3227,-9785,-1511,-1062,1360,154,654,48,-565,177,448,1434,-27
4502,4568,10113,-3058,-9907,-1337,-994,2220,173,657,46,-572,167,502,1420,-18
4520,4512,9912,-3041,-9705,-1790,-1119,350,187,662,31,-573,151,512,1410,-14
4538,4846,9831,-3498,-9814,-1400,-1105,3730,205,661,14,-575,184,446,1389,-26
4592,5462,9266,-4311,-9489,-1151,-757,1030,250,659,-33,-578,133,381,1362,-16
4635,5797,8658,-4865,-9091,-1638,-640,3110,284,652,-75,-580,134,290,1362,-22
4652,5797,8658,-4865,-9091,-1638,-640,3110,294,646,-87,-578,104,222,1374,-25
4671,5819,8404,-4959,-8882,-1254,-515,260,311,639,-108,-579,98,190,1398,-30
4689,5814,8150,-5029,-8669,-2333,-742,2270,322,634,-125,-577,83,205,1345,-23
4719,5835,7886,-5127,-8452,-1673,-776,1900,337,627,-141,-573,65,149,1346,-27
4749,5862,7330,-5324,-8004,-1600,-506,3380,356,609,-172,-570,58,152,1370,-34
4766,5719,7161,-5208,-7812,-1684,-401,100,361,601,-180,-565,67,127,1388,-37
4785,5665,6920,-5220,-7595,-1906,-534,1820,372,589,-196,-561,54,82,1371,-37
4803,5578,6717,-5170,-7385,-1567,-636,230,375,584,-203,-556,85,129,1379,-37
4820,5501,6179,-5262,-6937,-1795,-396,1360,381,577,-214,-552,66,100,1373,-31
4839,5359,6003,-5152,-6743,-1795,-396,1360,385,567,-222,-545,58,88,1368,-28
4880,5082,5363,-5006,-6095,-1639,-513,240,393,544,-239,-531,47,52,1365,-28
4910,4852,4944,-4877,-5680,-1501,-336,20,396,530,-244,-521,49,72,1400,-28
4940,4697,4411,-4856,-5184,-1605,-337,300,395,516,-253,-510,28,38,1348,-21
4959,4697,4411,-4856,-5184,-1605,-337,300,396,505,-256,-502,24,21,1354,-32
4977,4527,4264,-4714,-5012,-1605,-337,300,395,501,-258,-498,34,41,1356,-26
4996,4430,4006,-4670,-4756,-1927,-312,630,393,494,-261,-494,22,22,1352,-31
5024,-3313,-3269,-2981,-2974,-2048,-410,540,389,476,-265,-483,134,135,1349,-39
5162,-4009,-3885,3507,3666,-1152,-253,-1970,181,281,-204,-324,63,105,1405,-30
5182,-4030,-3974,3560,3810,-1079,-489,-3280,150,257,-186,-270,70,154,1372,-38
5212,-4071,-4154,3652,4089,-679,-436,-1470,120,229,-160,-231,61,86,1364,-23
5229,-4071,-4154,3652,4089,-679,-436,-1470,99,211,-148,-213,56,106,1387,-29
5248,-4022,-4363,3678,4415,-620,-553,-4960,82,196,-132,-204,66,118,1377,-28
5265,-3982,-4453,3692,4578,-386,-635,-3000,63,183,-118,-190,62,105,1378,-30
5284,-3983,-4578,3669,4696,-462,-534,-2340,43,167,-103,-178,42,88,1388,-32
5313,-3917,-4771,3661,4979,-169,-405,-2710,20,143,-86,-162,32,66,1369,-24
5332,-3856,-4874,3624,5120,-302,-673,-2980,1,124,-70,-149,41,90,1400,-22
5349,-3867,-4973,3631,5233,-35,-296,-870,-8,112,-59,-138,51,75,1372,-28
5368,-3788,-5074,3578,5369,-149,-480,-2860,-16,101,-49,-129,32,79,1367,-31
5385,-3812,-5273,3585,5588,113,-312,-850,-29,86,-35,-114,37,70,1373,-26
5440,-3745,-5574,3515,5925,69,-120,-1180,-49,53,-7,-79,78,123,1395,-28
5457,-3745,-5574,3515,5925,69,-120,-1180,-53,42,-2,-67,58,89,1393,-33
5477,-3763,-5773,3510,6137,122,-190,-160,-57,30,5,-54,41,80,1375,-35
5494,-3738,-5873,3482,6245,175,-138,-910,-59,22,11,-43,72,116,1382,-25
5534,-3683,-6171,3405,6561,134,-77,-690,-64,7,20,-23,63,100,1391,-31
5554,-3683,-6171,3405,6561,134,-77,-690,-64,-3,26,-11,50,126,1359,-35
5571,-3783,-6378,3454,6762,310,67,580,-67,-14,31,4,44,104,1374,-28
5599,-3798,-6580,3438,6967,222,-145,210,-66,-26,34,19,55,102,1394,-31
5618,-3776,-6679,3409,7070,207,-58,-670,-68,-31,38,24,74,123,1418,-28
5793,-4155,-7808,3550,8186,432,207,600,-69,-91,52,109,82,227,1426,-43
5810,-4194,-7910,3568,8288,284,138,60,-70,-98,52,117,58,237,1394,-40
5840,-4272,-8118,3602,8495,404,225,720,-73,-106,58,130,79,358,1395,-37
5857,-4301,-8219,3611,8596,404,225,720,-76,-113,60,140,80,332,1419,-31
5877,-4310,-8319,3603,8694,1019,-131,120,-78,-118,61,147,131,302,1435,-29
5894,-4447,-8422,3703,8796,525,231,1010,-79,-126,64,154,111,303,1424,-32
5911,-4530,-8523,3759,8897,393,306,550,-80,-132,64,158,133,371,1397,-31
5954,-4719,-8723,3889,9098,475,356,1040,-84,-153,69,187,111,375,1408,-35
5971,-4830,-8825,3969,9200,470,374,720,-88,-162,72,199,151,354,1419,-25
6001,-4908,-9025,4006,9401,441,147,260,-91,-177,77,217,131,502,1420,-26
6020,-4940,-9127,4017,9503,576,273,-10,-92,-186,80,228,159,483,1477,-13
6037,-5104,-9223,4145,9602,687,457,1210,-95,-193,82,240,152,459,1485,-22
6056,-5380,-9406,4359,9793,677,351,1630,-99,-204,83,255,213,570,1473,-19
6074,-5531,-9458,4483,9849,629,295,1110,-104,-211,87,266,222,609,1478,-23
6093,-5641,-9443,4580,9837,688,327,990,-105,-221,91,278,206,626,1457,-28
6159,-5818,-9417,4736,9812,892,324,710,-123,-261,104,335,211,538,1412,-31
6176,-5949,-9393,4853,9791,711,485,1100,-128,-268,109,348,202,583,1489,-32
6219,-6205,-9341,5081,9741,925,530,400,-140,-293,119,382,187,523,1434,-29
6248,-6429,-9335,5212,9664,961,389,770,-148,-309,129,402,206,578,1361,-11
6267,-6429,-9335,5212,9664,961,389,770,-154,-318,135,417,194,563,1367,-22
6284,-6566,-9279,5362,9638,826,282,1270,-158,-323,138,426,200,508,1432,-25
6303,-6797,-9174,5619,9585,941,428,1980,-167,-331,148,436,154,464,1421,-27
6332,-6838,-9152,5665,9574,1102,563,-80,-179,-337,162,451,181,411,1418,-18
6351,-7080,-9025,5938,9502,909,206,2210,-190,-345,168,461,215,356,1418,-25
6405,-7552,-8862,6307,9275,1295,593,1190,-209,-360,194,479,221,449,1404,-33
6422,-7552,-8862,6307,9275,1295,593,1190,-213,-362,200,486,219,443,1395,-22
6441,-7769,-8745,6511,9158,1035,380,1880,-225,-366,208,496,248,407,1423,-27
6494,-8265,-8432,6975,8840,1465,395,740,-257,-366,234,498,202,284,1405,-15
6513,-8414,-8320,7116,8726,1036,208,1360,-266,-368,242,503,294,347,1406,-18
6530,-8441,-8299,7140,8703,1623,535,310,-272,-371,248,504,370,347,1438,-32
6550,-8662,-8113,7352,8513,1511,296,2900,-283,-373,262,507,285,263,1503,-31
6567,-8762,-8027,7447,8423,1489,283,1210,-295,-373,270,509,309,229,1465,-27
6584,-8864,-7931,7544,8321,1342,144,1320,-306,-370,279,506,274,274,1431,-34
6604,-8928,-7870,7601,8253,1016,36,-490,-317,-370,287,501,361,316,1510,-33
6621,-9082,-7703,7753,8080,1545,174,2190,-328,-368,296,501,371,305,1471,-33
6638,-9132,-7650,7797,8020,1500,55,680,-337,-366,302,504,346,321,1538,-31
6682,-9304,-7447,7963,7804,1417,57,1050,-358,-366,317,501,337,237,1499,-30
6699,-9351,-7388,8006,7740,1634,110,690,-372,-363,325,499,347,226,1534,-27
6718,-9402,-7321,8054,7666,1201,-47,640,-379,-363,330,498,339,245,1549,-28
6735,-9399,-7331,8046,7671,1959,70,-190,-389,-362,339,487,414,265,1597,-35
6790,-9587,-7070,8222,7384,1340,-55,470,-424,-353,360,474,439,291,1539,-26
6807,-9614,-7032,8245,7338,1836,-161,540,-429,-348,363,468,406,283,1523,-33
6826,-9677,-6930,8306,7226,1676,-191,1220,-438,-345,368,466,408,329,1519,-35
6843,-9585,-7090,8206,7390,1534,-89,-1990,-446,-343,374,459,501,312,1525,-36
6873,-9657,-6991,8269,7275,1480,-142,-1800,-458,-345,382,449,425,272,1513,-25
6892,-9492,-6852,8112,7092,3228,-257,-2170,-471,-347,389,444,382,250,1478,-29
6909,-9492,-6852,8112,7092,3228,-257,-2170,-489,-345,392,440,393,229,1446,-29
6928,-9536,-6995,8143,7253,1045,37,-1140,-502,-341,400,435,427,240,1546,-41
6945,-9681,-6978,8271,7239,2124,-318,960,-507,-342,404,433,402,252,1572,-41
6964,-9633,-7063,8218,7325,1029,38,-1040,-517,-340,410,426,453,272,1522,-30
6982,-9748,-6869,8332,7116,1767,-17,2350,-522,-341,413,425,478,256,1490,-28
6999,-9724,-6935,8296,7173,1601,36,610,-522,-344,411,422,499,272,1516,-35
7018,-9611,-7132,8173,7375,1508,126,-2380,-524,-346,409,420,389,247,1519,-33
7035,-9633,-7104,8190,7339,1547,-148,310,-523,-349,406,418,344,235,1514,-35
7055,-9593,-7176,8142,7409,1331,-46,-940,-520,-353,403,418,349,237,1505,-37
7072,-9634,-7114,8181,7340,1581,311,470,-523,-357,403,419,376,235,1511,-40
7089,-9610,-7173,8141,7386,1439,-359,-330,-521,-361,400,421,349,235,1489,-44
7108,-9477,-7380,7999,7595,1797,188,-2620,-521,-364,396,425,369,262,1549,-47
7125,-9455,-7421,7968,7629,2137,356,-750,-519,-366,392,425,462,260,1540,-36
7145,-9455,-7421,7968,7629,2137,356,-750,-514,-370,386,426,465,276,1529,-25
7162,-9455,-7421,7968,7629,2137,356,-750,-513,-375,384,426,372,260,1541,-24
7205,-9274,-7681,7764,7876,1496,-544,-910,-504,-387,373,428,324,253,1522,-25
7235,-9216,-7780,7693,7967,2741,-438,-170,-501,-395,366,436,414,264,1482,-33
7325,-8561,-8333,7008,8467,1335,-78,-1500,-478,-424,334,456,285,275,1504,-22
7342,-8521,-8374,6960,8499,2261,438,-920,-474,-429,332,461,231,295,1466,-20
7457,-8032,-8776,6427,8834,1270,326,-650,-437,-465,290,496,235,397,1485,-28
7474,-8037,-8781,6422,8828,1692,338,30,-431,-472,286,504,219,347,1479,-27
7504,-7748,-8965,6126,8985,1513,339,-1570,-425,-479,278,514,203,317,1486,-31
7524,-7526,-9086,5905,9090,1541,619,-2630,-418,-483,271,522,220,355,1447,-27
7541,-7637,-9041,5998,9035,1649,480,1110,-414,-488,266,525,224,367,1531,-34
7558,-7530,-9103,5885,9081,1776,531,-1290,-408,-494,264,527,200,337,1460,-26
7577,-7586,-9091,5918,9050,1317,452,170,-401,-500,260,535,219,347,1471,-38
7607,-7112,-9312,5450,9235,1567,783,-3790,-388,-508,248,544,274,405,1464,-37
7625,-7112,-9312,5450,9235,1567,783,-3790,-382,-514,240,552,167,466,1426,-34
7642,-7393,-9210,5698,9125,1494,586,2660,-378,-516,238,553,227,390,1394,-31
7661,-7325,-9246,5625,9150,1041,443,-790,-370,-520,232,558,233,356,1416,-30
7678,-7240,-9290,5533,9178,1904,821,-1320,-369,-524,230,562,190,398,1441,-28
7697,-7214,-9310,5495,9184,1640,634,-370,-367,-528,223,571,180,379,1421,-24
7714,-7062,-9387,5327,9227,1262,604,-1010,-366,-530,218,574,178,393,1448,-26
7734,-7124,-9374,5372,9203,1420,642,450,-357,-535,209,575,189,412,1435,-26
7751,-7124,-9374,5371,9203,1420,642,450,-352,-540,205,581,153,420,1400,-26
7770,-7124,-9374,5371,9202,1420,642,450,-344,-546,201,586,157,425,1385,-27
7824,-7124,-9374,5371,9203,1420,642,450,-330,-561,197,604,175,415,1413,-27
7841,-7124,-9374,5371,9203,1420,642,450,-325,-567,194,616,227,470,1434,-31
7871,-7732,-9063,5907,8860,1089,1415,-200,-319,-575,190,626,171,345,1414,-21
7890,-7732,-9063,5907,8860,1089,1415,-200,-318,-581,190,635,239,353,1484,-31
7907,-7756,-9060,5917,8844,1607,717,-150,-317,-585,190,641,250,311,1440,-32
7926,-7819,-9039,5965,8811,1619,861,200,-314,-590,187,653,247,302,1418,-27
7943,-7835,-8794,5984,8530,3134,1858,380,-314,-596,191,658,332,350,1391,-15
7973,-7728,-8619,5883,8313,1436,663,-600,-319,-589,194,653,212,235,1377,-25
7992,-7728,-8619,5883,8313,1436,663,-600,-320,-585,195,650,197,282,1471,-26
8009,-7528,-8236,5731,7882,1680,890,360,-318,-582,198,646,178,236,1461,-31
8028,-7449,-8038,5659,7644,1503,852,-1690,-320,-581,199,641,153,187,1425,-27
8045,-7303,-7870,5544,7457,1503,852,-1690,-318,-579,199,640,158,169,1403,-27
8064,-7297,-7628,5539,7173,2581,1263,-180,-317,-573,200,636,146,142,1412,-42
8081,-7145,-7463,5416,6987,2581,1263,-180,-317,-567,200,628,131,153,1437,-43
8101,-7181,-7186,5450,6664,1860,888,290,-318,-565,200,624,180,193,1413,-30
8142,-7082,-6984,5368,6429,1297,618,-180,-316,-559,200,613,157,158,1406,-28
8159,-6940,-6819,5248,6235,2186,1008,-1050,-316,-556,198,607,139,150,1389,-36
8178,-6847,-6614,5172,5997,1527,702,140,-315,-554,200,603,133,112,1382,-30
8196,-6747,-6411,5093,5766,1556,781,-140,-315,-552,199,600,111,101,1426,-24
8215,-6649,-6206,5010,5525,1365,576,300,-314,-549,198,594,108,125,1456,-29
8232,-6394,-5825,4805,5090,1924,946,-1170,-313,-544,198,587,96,105,1399,-26
8250,-6312,-5586,4740,4813,1570,836,670,-309,-538,199,577,108,115,1412,-25
8269,-6135,-5441,4592,4647,1325,422,-1170,-309,-533,198,570,65,76,1374,-28
8286,-6065,-5168,4536,4329,1710,931,1110,-307,-528,200,564,78,84,1396,-30
8303,-6106,-5095,4584,4259,934,479,-390,-308,-525,200,561,70,78,1391,-34
8334,-5663,-4426,4224,3492,1441,575,-40,-304,-516,196,553,58,59,1375,-28
8353,-5663,-4426,4224,3492,1441,575,-40,-305,-510,194,547,67,50,1373,-28
8370,-5493,-4195,4083,3223,1440,756,-280,-301,-505,191,542,76,37,1393,-25
8389,-5300,-3978,3918,2966,1242,571,-350,-299,-501,191,537,109,41,1366,-23
8406,-5102,-3765,3726,-3110,1848,718,1000,-299,-496,189,530,71,43,1372,-29
8425,-4865,-3570,3509,-3359,1672,693,-400,-294,-488,184,505,40,37,1376,-32
8478,-4865,-2977,3602,-3947,1502,623,480,-287,-480,176,444,50,41,1393,-25
8497,-4988,3575,3873,-4638,1702,852,-580,-284,-472,158,403,74,55,1386,-26
8515,-4873,3674,3805,-4718,1095,444,-2770,-278,-453,146,367,59,179,1384,-30
8532,-5115,4260,4188,-5200,1089,672,-1990,-268,-418,136,334,88,133,1399,-33
8551,-5006,4340,4124,-5260,1078,903,-3070,-260,-379,120,317,82,129,1412,-24
8569,-4829,4465,4020,-5351,1020,668,-1970,-254,-351,112,295,72,88,1394,-27
8586,-4738,4526,3963,-5400,1034,678,-2250,-243,-310,102,266,53,69,1383,-33
8605,-4720,4542,3990,-5369,975,825,-3660,-238,-288,94,255,65,90,1391,-29
8623,-4720,4542,3990,-5369,975,825,-3660,-220,-253,83,219,69,86,1394,-30
8642,-4737,4536,4047,-5312,645,553,-3070,-208,-227,75,198,86,99,1410,-26
8672,-4749,4541,4159,-5198,569,583,-2400,-188,-182,62,161,69,97,1390,-31
8689,-4740,4547,4170,-5185,527,494,-1650,-181,-164,59,150,55,77,1392,-34
8719,-5088,5059,4677,-5537,379,554,-1810,-156,-126,48,109,46,85,1406,-39
8736,-5119,5041,4732,-5482,370,433,-1760,-148,-121,44,101,54,65,1386,-27
8755,-5080,5071,4704,-5512,836,724,-1310,-136,-112,41,84,67,84,1398,-31
8773,-5056,5087,4689,-5524,398,303,-660,-131,-106,42,77,82,139,1467,-17
8792,-5068,5083,4722,-5492,554,520,-1910,-119,-98,38,65,55,88,1418,-19
8809,-5034,5109,4687,-5530,338,501,-60,-115,-95,36,63,67,107,1416,-31
8827,-5085,5075,4770,-5443,492,547,-1240,-107,-86,34,62,75,86,1402,-31
8844,-5058,5096,4747,-5470,245,42,-100,-99,-82,30,59,77,102,1428,-36
8862,-5058,5096,4747,-5470,245,42,-100,-92,-76,29,55,65,87,1409,-40
8879,-5086,5075,4785,-5428,152,125,-1100,-86,-71,28,49,74,104,1445,-30
8897,-5098,5069,4808,-5405,212,195,-840,-80,-63,29,42,66,87,1418,-33
8915,-5110,5061,4824,-5389,53,144,-410,-73,-56,28,37,84,113,1427,-36
8932,-5101,5067,4826,-5385,138,-38,-970,-68,-52,27,33,103,111,1406,-29
8951,-5103,5070,4828,-5387,138,-38,-970,-61,-47,28,31,135,171,1460,-33
8968,-5122,5056,4858,-5355,115,-134,-1750,-57,-45,28,31,101,117,1417,-32
8987,-5134,5045,4872,-5337,-52,-3,-200,-50,-38,26,28,101,113,1407,-35
9004,-5139,5041,4879,-5331,-24,-30,-60,-49,-31,25,29,88,85,1406,-41
9021,-5110,5065,4848,-5366,38,-433,530,-46,-25,25,24,83,83,1396,-24
9038,-5089,5079,4818,-5396,7,-48,610,-42,-23,23,22,87,94,1424,-29
9055,-5126,5053,4865,-5348,-27,-18,-740,-42,-19,22,18,78,89,1411,-31
9072,-5148,5038,4894,-5317,45,-67,-750,-36,-13,17,10,133,110,1415,-31
9091,-5151,5037,4897,-5315,45,-67,-750,-33,-12,18,7,98,93,1432,-34
9108,-5151,5037,4897,-5315,45,-67,-750,-30,-8,16,2,74,89,1400,-39
9125,-5139,5045,4886,-5326,2,-61,-150,-27,-5,16,-1,73,81,1400,-37
9142,-5151,5036,4902,-5309,12,-2,-290,-25,0,16,-3,70,60,1399,-36
9160,-5145,5041,4897,-5314,128,9,-200,-23,0,18,-3,74,67,1400,-40
9177,-5139,5046,4887,-5326,-133,-137,510,-22,5,17,-2,71,81,1403,-25
9192,-5140,5046,4887,-5327,-46,-130,120,-20,7,18,-2,96,117,1426,-28
9209,-5146,5041,4892,-5321,-46,-130,120,-20,11,18,-2,107,95,1408,-28
9226,-5136,5052,4882,-5336,-57,-159,510,-20,12,21,-1,107,95,1394,-27
9243,-5133,5054,4879,-5338,26,-27,-20,-19,12,22,-1,92,91,1396,-25
9260,-5131,5057,4882,-5336,71,-97,-240,-19,12,24,-1,70,83,1392,-31
9277,-5101,5078,4844,-5376,21,2,560,-17,14,26,-1,67,88,1383,-36
9294,-5088,5087,4829,-5392,17,-31,290,-20,15,27,-1,66,87,1393,-27
9311,-5066,5104,4806,-5416,112,-38,170,-19,14,28,-1,68,92,1389,-37
9328,-5044,5123,4774,-5454,-90,-9,880,-18,16,30,0,76,108,1393,-37
9345,-5013,5144,4742,-5486,126,-86,320,-18,17,31,0,116,135,1401,-31
9375,-4983,5166,4710,-5519,47,-288,690,-16,20,31,0,94,111,1433,-36
9392,-4959,5180,4686,-5541,38,-186,290,-15,23,33,0,71,98,1413,-29
9409,-4960,5181,4686,-5543,-35,-56,110,-13,24,35,0,76,106,1405,-26
9427,-4945,5193,4668,-5563,30,-42,270,-13,26,38,0,84,119,1421,-21
9444,-4913,5213,4629,-5601,5,-48,610,-12,29,40,0,74,104,1422,-31
9461,-4895,5224,4606,-5623,-14,-12,350,-10,31,41,0,116,145,1408,-28
9478,-4854,5250,4553,-5674,16,-58,1460,-11,34,40,0,106,133,1430,-12
9495,-4816,5274,4509,-5717,34,-84,680,-10,35,43,0,92,100,1417,-32
9512,-4744,5315,4422,-5794,-45,-258,520,-9,38,43,0,95,116,1399,-30
9529,-4738,5319,4417,-5800,-83,-214,220,-8,40,44,-2,96,114,1406,-29
9544,-4676,5351,4338,-5868,44,-17,1490,-7,41,44,-2,85,98,1422,-34
9562,-4633,5373,4282,-5917,-50,-62,990,-6,41,42,-4,80,100,1423,-30
9579,-4653,5364,4306,-5899,-29,-7,-280,-5,43,43,-6,79,96,1433,-33
9596,-4653,5364,4306,-5899,-29,-7,-280,-5,44,42,-7,69,105,1449,-36
9613,-4610,5385,4249,-5947,-39,-50,940,-4,46,40,-9,114,170,1431,-38
9630,-4552,5412,4175,-6008,-83,-222,1300,-4,48,38,-12,134,196,1417,-31
9649,-4487,5444,4101,-6067,-54,-69,-160,-3,49,35,-15,122,190,1386,-25
9666,-4452,5457,4059,-6098,40,-72,570,-3,48,34,-18,95,151,1385,-32
9683,-4475,5445,4080,-6082,-172,57,150,-2,48,33,-19,98,145,1390,-30
9700,-4500,5435,4107,-6063,-48,-34,-430,-2,50,32,-20,80,122,1398,-28
9730,-4431,5468,4029,-6124,-125,-93,310,-2,52,32,-22,69,96,1399,-22
9746,-4441,5462,4038,-6117,-88,18,50,-1,52,32,-25,66,94,1413,-28
9763,-4430,5467,4023,-6129,-46,-87,290,-1,54,30,-28,62,95,1415,-30
9780,-4392,5480,3970,-6169,-68,12,1130,-1,53,27,-30,54,88,1408,-32
9797,-4389,5483,3968,-6172,-128,-262,150,-1,55,27,-33,55,102,1399,-32
9816,-4424,5467,4009,-6139,-90,-135,-770,-1,54,25,-35,39,72,1395,-34
9834,-4415,5471,3999,-6148,-71,-99,310,-3,54,24,-38,45,73,1411,-31
9851,-4375,5487,3948,-6186,-5,-54,790,-2,55,22,-40,47,81,1409,-37
9879,-4390,5483,3967,-6174,-165,-346,-340,-2,56,20,-44,53,80,1406,-26
9898,-4436,5466,4024,-6132,-35,-63,-1060,-1,58,20,-45,69,107,1439,-31
9915,-4430,5465,4010,-6142,-169,-26,700,-1,59,18,-46,126,177,1409,-24
9945,-4473,5447,4063,-6101,-439,-327,-1460,-1,59,18,-48,74,115,1417,-29
9986,-4477,5442,4059,-6105,-794,-691,990,-3,63,16,-52,68,72,1412,-24
10003,-4485,5441,4077,-6091,-26,-288,-410,-2,63,16,-54,62,83,1417,-29
10057,-4529,5423,4123,-6059,-216,-327,210,-4,65,13,-57,103,136,1417,-41
10074,-4540,5414,4125,-6058,-209,-18,610,-6,66,14,-56,87,109,1424,-33
10094,-4562,5407,4155,-6035,-31,-78,-410,-5,66,16,-57,93,117,1451,-30
10111,-4545,5413,4133,-6050,-109,-233,500,-4,66,15,-58,85,121,1412,-27
10130,-4564,5403,4152,-6035,-139,-173,30,-4,67,17,-60,67,90,1426,-29
10147,-4553,5407,4132,-6053,-89,-60,650,-5,67,18,-58,87,109,1417,-24
10164,-4553,5407,4132,-6053,-89,-60,650,-5,65,18,-60,84,114,1418,-20
10181,-4588,5391,4168,-6027,-261,-89,-20,-4,66,16,-61,88,115,1463,-30
10198,-4628,5372,4217,-5987,-173,-275,-540,-3,65,20,-63,62,95,1442,-41
10218,-4539,5412,4109,-6072,50,-119,1530,-5,65,20,-63,59,85,1422,-40
10269,-4656,5356,4247,-5961,-126,-163,-390,-6,67,18,-64,79,117,1454,-23
10289,-4661,5354,4244,-5968,-134,-187,-370,-7,66,16,-65,66,99,1433,-32
10306,-4661,5354,4244,-5968,-134,-187,-370,-6,67,14,-66,70,103,1446,-32
10336,-4695,5334,4279,-5936,-45,-50,570,-7,64,13,-68,103,132,1407,-25
10353,-4721,5322,4305,-5917,-177,-7,0,-9,66,13,-70,80,105,1403,-24
10370,-4787,5285,4382,-5850,-224,-376,-690,-7,65,10,-72,65,93,1394,-21
10390,-4828,5259,4422,-5813,-152,-63,-200,-9,64,10,-72,57,85,1409,-20
10406,-4841,5251,4440,-5797,-38,-84,-180,-10,63,8,-72,69,126,1421,-28
10426,-4904,5216,4513,-5731,-66,-33,220,-11,61,10,-74,116,159,1417,-26
10442,-4963,5178,4580,-5666,-100,-21,-890,-14,61,11,-74,82,114,1399,-31
10462,-4991,5161,4613,-5636,-109,-282,-220,-15,63,9,-74,70,80,1388,-21
10478,-5001,5150,4616,-5631,-128,-168,420,-17,62,11,-74,95,112,1404,-22
10498,-5075,5103,4703,-5547,-111,-84,-1020,-17,60,12,-77,94,105,1399,-38
10515,-5137,5058,4770,-5476,-177,-262,-690,-19,59,10,-76,77,81,1409,-35
10534,-5170,5030,4802,-5439,-7,-114,-30,-19,58,9,-75,72,92,1445,-33
10549,-5229,4986,4873,-5363,-67,-122,-1130,-19,57,8,-76,71,96,1427,-34
10568,-5229,4986,4873,-5363,-67,-122,-1130,-19,57,9,-74,74,84,1432,-29
10586,-5255,4967,4900,-5333,-77,-356,-100,-21,54,13,-71,91,110,1460,-29
10605,-5335,4899,4987,-5231,-193,-81,-1140,-23,54,16,-69,118,139,1447,-29
10622,-5346,4891,4995,-5223,-66,-73,140,-24,53,17,-67,129,150,1475,-22
10641,-5400,4846,5053,-5156,-108,-223,-850,-24,52,18,-64,97,128,1448,-19
10658,-5438,4808,5095,-5100,-56,-114,-460,-23,53,21,-61,114,149,1493,-22
10675,-5405,4840,5059,-5147,62,-122,560,-23,52,21,-59,110,144,1495,-21
10694,-5460,4787,5114,-5075,-164,-278,-250,-25,51,23,-57,101,146,1476,-20
10712,-5495,4756,5154,-5027,-38,-192,-510,-24,50,24,-53,94,111,1448,-23
10767,-5558,4691,5208,-4950,-34,-307,400,-28,51,32,-45,70,68,1416,-31
10796,-5546,4706,5206,-4958,154,-103,-960,-27,51,35,-42,120,96,1442,-24
10815,-5546,4706,5206,-4958,154,-103,-960,-28,51,39,-38,123,88,1408,-26
10833,-5560,4693,5223,-4935,-7,-133,-220,-29,51,42,-38,112,124,1451,-20
10850,-5515,4735,5162,-5013,-35,-376,1880,-31,51,45,-36,84,102,1445,-36
10869,-5497,4754,5134,-5050,13,-40,390,-31,51,43,-38,63,76,1417,-34
10886,-5488,4763,5123,-5064,12,-152,270,-31,50,45,-38,66,67,1409,-32
10903,-5509,4744,5142,-5040,-40,-343,30,-34,50,46,-35,83,68,1411,-23
10931,-5540,4714,5183,-4988,19,-69,-450,-37,47,44,-35,105,106,1439,-25
10950,-5521,4732,5168,-5009,78,-250,100,-37,47,44,-36,90,92,1427,-28
10968,-5484,4767,5128,-5060,48,-384,790,-36,45,47,-35,97,97,1436,-29
10985,-5502,4751,5148,-5035,-4,-112,-320,-39,44,46,-35,106,100,1415,-33
11002,-5502,4751,5148,-5035,-4,-112,-320,-39,44,46,-36,93,113,1471,-29
11021,-5509,4746,5169,-5013,-94,-297,110,-39,43,44,-36,85,118,1479,-30
11038,-5517,4738,5177,-5000,5,-299,10,-40,42,45,-36,79,94,1469,-35
11056,-5517,4738,5177,-5000,5,-299,10,-41,42,46,-37,72,82,1448,-25
11073,-5439,4812,5106,-5094,174,-152,380,-42,41,46,-34,71,78,1419,-30
11092,-5468,4786,5140,-5051,-13,-35,-610,-43,42,46,-35,77,101,1434,-32
11109,-5442,4808,5108,-5089,0,-107,620,-44,43,47,-37,63,73,1414,-23
11126,-3814,5450,3601,-5990,170,-324,-770,-44,42,47,-37,53,75,1400,-19
11143,-3803,5556,3601,-6103,4,-43,630,-46,42,49,-35,43,69,1400,-37
11160,-3803,5556,3601,-6103,4,-43,630,-46,42,51,-34,35,59,1400,-31
11190,-3872,5842,3745,-6339,13,-428,-1180,-46,42,50,-35,50,82,1399,-25
11207,-3908,5932,3807,-6409,-20,-91,-320,-46,45,54,-37,55,124,1385,-23
11263,-3923,6331,3898,-6787,46,-177,-160,-43,51,52,-38,68,158,1376,-18
11280,-3938,6427,3932,-6874,46,-177,-160,-42,52,53,-39,77,155,1437,-27
11298,-3938,6427,3932,-6874,46,-177,-160,-39,54,53,-42,67,174,1425,-22
11352,-3929,6735,3980,-7172,126,-132,10,-36,63,48,-51,81,156,1440,-27
11371,-3949,6933,4042,-7350,-225,-435,1420,-34,69,49,-54,76,133,1432,-18
11389,-3890,7047,3991,-7486,37,-135,990,-34,78,47,-58,79,124,1466,-23
11406,-3993,7122,4132,-7512,49,-158,-1300,-32,83,46,-65,72,130,1438,-20
11461,-3991,7532,4215,-7894,-94,-274,60,-29,100,41,-78,105,300,1403,-30
11478,-3993,7633,4238,-7988,-71,-251,160,-26,102,41,-85,107,256,1400,-24
11497,-4048,7719,4323,-8045,-93,-50,-530,-27,111,40,-94,98,245,1405,-25
11514,-4018,7830,4313,-8157,-176,-531,530,-30,115,40,-94,135,236,1458,-22
11534,-4037,7925,4351,-8243,16,-79,-40,-34,132,40,-99,110,279,1440,-18
11550,-4037,7925,4351,-8243,16,-79,-40,-35,132,37,-105,115,226,1440,-33
11569,-4100,8116,4471,-8389,-159,-322,-600,-34,141,37,-118,105,213,1402,-30
11586,-4317,8154,4737,-8339,41,-109,-2180,-37,148,35,-123,82,279,1439,-18
11605,-4234,8282,4668,-8488,-287,-433,1110,-39,158,34,-127,100,294,1420,-21
11622,-4383,8339,4857,-8480,-53,-186,-1510,-41,160,31,-130,86,356,1415,-19
11641,-4432,8426,4935,-8539,26,-410,-370,-42,164,32,-134,78,472,1425,-21
11658,-4589,8578,5154,-8617,-194,-308,-1520,-43,169,31,-136,127,428,1416,-26
11677,-4668,8656,5264,-8659,-58,-329,-630,-47,178,31,-146,131,456,1497,-34
11694,-4765,8724,5396,-8681,-170,-443,-670,-46,178,32,-152,110,489,1454,-15
11713,-4886,8779,5546,-8690,-200,-68,-900,-47,189,32,-154,128,461,1457,-21
11730,-4957,8815,5646,-8687,-64,-645,-730,-49,195,33,-160,152,456,1500,-31
11749,-5035,8783,5734,-8624,-203,-241,-630,-50,197,36,-164,172,493,1518,-30
11766,-5257,8693,5993,-8434,-270,-568,-1500,-50,194,40,-167,145,444,1514,-36
11822,-5464,8595,6230,-8247,-198,-717,-520,-48,202,53,-183,167,497,1516,-36
11839,-5393,8632,6158,-8304,-451,-507,820,-48,205,53,-188,174,419,1529,-34
11869,-5391,8643,6182,-8287,-214,-496,320,-47,212,62,-194,152,460,1486,-24
11888,-5391,8643,6182,-8287,-214,-496,320,-47,220,62,-197,132,364,1419,-19
11906,-5413,8636,6222,-8254,-150,-402,-90,-47,223,66,-202,145,352,1419,-25
11923,-5459,8615,6282,-8205,-355,-852,-670,-46,227,67,-206,190,335,1531,-34
11942,-5468,8612,6298,-8191,-345,-547,-60,-48,234,72,-207,138,344,1449,-31
11959,-5441,8629,6281,-8204,-223,-635,230,-49,238,75,-212,195,338,1531,-34
11991,-5429,8645,6296,-8193,-249,-654,-810,-47,249,82,-219,143,441,1510,-22
12008,-5429,8645,6296,-8193,-249,-654,-810,-49,249,79,-223,169,330,1511,-18
12025,-5429,8645,6296,-8193,-249,-654,-810,-48,253,80,-221,149,402,1451,-23
12044,-5356,8686,6237,-8238,-684,-1762,230,-48,259,83,-221,164,396,1454,-30
12085,-5313,8714,6218,-8251,-556,-623,-680,-51,263,89,-222,143,369,1454,-30
12104,-5301,8723,6217,-8250,-225,-619,10,-49,265,88,-225,168,450,1492,-21
12121,-5261,8744,6181,-8277,-272,-585,440,-49,267,89,-222,218,409,1550,-17
12140,-5263,8746,6193,-8268,-165,-652,-20,-48,270,93,-223,194,360,1517,-19
12157,-5208,8778,6143,-8309,-325,-574,530,-46,273,93,-228,136,394,1421,-37
12177,-5231,8770,6177,-8282,-243,-659,-250,-47,276,97,-228,205,380,1531,-30
12230,-5018,8879,5989,-8419,-224,-701,-510,-46,279,103,-230,148,540,1471,-17
12249,-4986,8896,5963,-8437,-539,-822,420,-47,281,103,-231,129,444,1440,-26
12266,-4944,8917,5929,-8461,-410,-600,400,-46,284,102,-236,148,552,1468,-24
12296,-4650,9046,5630,-8670,-434,-772,2360,-39,289,102,-243,143,425,1468,-16
12339,-4560,9089,5562,-8710,-243,-708,1390,-35,308,103,-251,119,569,1493,-18
12369,-4560,9089,5562,-8710,-243,-708,1390,-33,317,101,-259,166,440,1535,-30
12386,-4596,9078,5611,-8677,-504,-676,-250,-32,317,100,-259,168,417,1524,-37
12405,-4587,9086,5613,-8673,-504,-653,120,-31,317,102,-265,173,400,1483,-36
12422,-4519,9118,5564,-8702,-360,-804,350,-30,321,100,-269,155,311,1459,-31
12441,-4436,9151,5482,-8754,-416,-544,730,-28,322,100,-275,150,361,1475,-27
12458,-4377,9175,5429,-8786,-700,-1421,950,-27,323,100,-280,115,392,1430,-26
12477,-4519,9128,5596,-8676,-364,-581,-1290,-26,326,96,-281,159,388,1401,-27
12495,-4312,9205,5381,-8812,-550,-938,2190,-23,331,98,-286,133,447,1466,-31
12512,-4239,9232,5309,-8855,-516,-705,690,-22,337,95,-291,147,423,1448,-28
12531,-4389,9190,5491,-8743,-394,-728,-1170,-21,343,97,-299,149,592,1516,-39
12548,-4348,9208,5459,-8761,-656,-1124,460,-19,346,98,-300,123,616,1497,-38
12567,-4219,9254,5324,-8844,-417,-634,1290,-19,351,96,-301,138,586,1489,-37
12609,-3896,9359,4997,-9030,-509,-790,2030,-18,354,99,-308,137,505,1454,-27
12723,-3359,9514,4481,-9282,-642,-714,490,2,387,89,-346,142,558,1426,-24
12740,-3404,9510,4544,-9249,-640,-707,-460,6,387,85,-348,162,569,1450,-27
12759,-3404,9510,4544,-9249,-640,-707,-460,8,388,83,-357,190,509,1468,-20
12776,-3300,9534,4437,-9298,-575,-765,910,7,391,83,-358,144,517,1489,-19
12796,-3402,9521,4567,-9232,-783,-1025,-1080,6,392,80,-364,145,521,1428,-28
12812,-3332,9539,4500,-9262,-673,-818,650,5,397,79,-369,128,630,1418,-31
12832,-3379,9539,4576,-9220,-570,-992,-1210,5,401,74,-383,161,492,1470,-38
12861,-3405,9545,4631,-9188,-840,-977,-1200,4,406,70,-392,195,500,1482,-28
12879,-3449,9539,4689,-9157,-413,-550,-310,4,409,69,-396,157,509,1447,-36
12909,-3248,9588,4487,-9250,-801,-1169,110,7,415,67,-400,148,609,1440,-30
12928,-3310,9581,4568,-9209,-691,-767,-510,4,415,69,-405,153,625,1451,-34
12945,-3255,9597,4521,-9228,-600,-1173,450,2,419,70,-410,182,565,1486,-35
12963,-3256,9596,4520,-9229,-600,-1173,450,-3,422,71,-411,129,591,1410,-20
12982,-3584,9543,4927,-9017,-775,-986,-1560,-3,424,70,-412,138,463,1406,-24
12999,-3663,9517,5002,-8976,-869,-1042,-520,-4,426,74,-418,125,493,1415,-24
13018,-3853,9457,5183,-8882,-677,-1204,-1650,-6,431,73,-419,128,498,1405,-38
13035,-3804,9473,5137,-8907,-884,-1086,580,-8,433,75,-422,110,517,1429,-30
13053,-3804,9473,5137,-8907,-884,-1086,580,-9,438,78,-426,138,592,1460,-10
13083,-3863,9494,5307,-8791,-791,-1146,-1930,-10,444,83,-428,132,622,1473,-21
13102,-3863,9494,5307,-8791,-791,-1146,-1930,-10,448,86,-432,110,572,1405,-23
13119,-3874,9496,5329,-8776,-675,-1101,-20,-12,451,87,-434,114,494,1447,-25
13138,-3922,9486,5400,-8730,-889,-1077,-1130,-12,458,90,-436,101,361,1419,-30
13168,-3789,9532,5272,-8803,-679,-1153,-410,-12,461,88,-440,117,520,1448,-26
13185,-3857,9516,5358,-8751,-582,-1082,-680,-12,464,89,-442,104,530,1410,-26
13204,-3806,9532,5307,-8777,-1042,-1165,680,-13,466,91,-444,98,517,1404,-16
13221,-3882,9513,5398,-8725,-682,-881,-590,-11,474,89,-448,91,534,1386,-19
13241,-3923,9505,5451,-8694,-902,-1031,-270,-12,480,89,-450,93,443,1380,-23
13257,-3871,9521,5401,-8719,-735,-1204,510,-12,480,89,-451,106,437,1372,-22
13289,-4013,9485,5580,-8609,-671,-1236,-650,-5,489,91,-454,128,490,1463,-19
13317,-4025,9482,5599,-8595,-1200,-1085,-110,-2,494,94,-460,148,453,1508,-31
13336,-3976,9502,5555,-8621,-692,-1249,420,1,504,90,-466,160,373,1515,-25
13353,-3928,9520,5509,-8649,-762,-1197,570,3,507,90,-470,113,405,1446,-27
13372,-3963,9510,5553,-8620,-814,-1105,-180,5,511,88,-478,110,397,1462,-29
13390,-3800,9563,5375,-8728,-1068,-1226,2110,4,518,85,-482,101,483,1437,-23
13409,-3807,9560,5388,-8717,-583,-831,-10,4,523,85,-482,126,482,1414,-26
13426,-3735,9584,5312,-8763,-966,-1096,950,1,524,86,-482,114,491,1429,-40
13443,-3623,9615,5194,-8826,-841,-1193,1170,1,521,84,-480,117,492,1430,-27
13473,-3781,9577,5385,-8715,-756,-1112,-430,-1,520,86,-481,118,429,1477,-39
13529,-3836,9568,5458,-8672,-866,-1319,-670,-3,521,83,-483,117,413,1438,-35
13546,-3822,9576,5451,-8676,-715,-1205,170,-2,524,83,-481,118,398,1436,-32
13565,-3823,9575,5451,-8677,-715,-1205,170,-4,527,86,-480,117,523,1416,-35
13595,-3823,9576,5451,-8676,-715,-1205,170,-1,525,87,-476,128,440,1401,-35
13612,-3822,9576,5451,-8676,-715,-1205,170,-1,525,87,-477,141,483,1432,-35
13667,-3397,9730,5085,-8863,29113,5769,0,0,526,91,-472,143,528,1474,-27
13684,-3398,9735,5086,-8870,29113,5769,0,2,526,90,-473,123,488,1460,-28
13704,-3624,9675,5331,-8737,-1778,-1182,-1280,6,530,88,-473,103,441,1408,-35
13734,-3509,9706,5202,-8809,-1170,-1306,1540,7,536,88,-477,114,440,1408,-28
13751,-3389,9738,5070,-8881,-551,-694,940,7,537,86,-478,108,442,1419,-27
13768,-3324,9755,5006,-8913,-933,-1842,810,6,539,86,-481,137,483,1443,-29
13787,-3381,9741,5070,-8877,-1184,-1146,-170,5,543,86,-486,116,426,1429,-35
13805,-3090,9815,4779,-9016,-978,-1211,2290,5,544,83,-484,123,442,1437,-28
13824,-3175,9790,4845,-8994,-608,-1009,-370,8,547,83,-488,112,451,1426,-34
13877,-3341,9560,5008,-8698,-1342,-2208,-1800,12,549,83,-493,135,566,1504,-33
13895,-3223,9584,4875,-8764,-451,-662,1280,11,551,82,-497,163,498,1508,-33
13914,-2999,9634,4639,-8877,-940,-1510,2130,9,550,82,-500,137,433,1431,-38
13931,-2982,9634,4612,-8892,-1371,-995,830,8,553,83,-504,129,437,1437,-27
13961,-3053,9418,4664,-8647,-15524,-21930,0,2,557,82,-507,97,386,1408,-34
13979,-3098,9412,4717,-8623,-400,-461,-370,2,555,81,-509,90,408,1387,-35
13997,-3224,9174,4805,-8365,-26079,-2557,0,0,556,82,-507,114,334,1396,-33
14014,-3171,9189,4758,-8385,57,-1175,50,-3,559,84,-509,112,378,1408,-31
14044,-3296,9170,4917,-8301,-321,-661,-190,-4,565,86,-516,73,347,1393,-16
14064,-3296,9170,4917,-8301,-321,-661,-190,-5,569,87,-521,68,371,1369,-38
14081,-3410,8943,5014,-8033,-1486,-2163,-1890,-7,575,89,-523,41,339,1371,-34
14100,-3533,8914,5158,-7953,-920,-1489,-210,-11,583,87,-521,69,271,1401,-25
14117,-3418,8944,5027,-8027,-870,-1315,1510,-12,588,88,-519,63,209,1391,-32
14135,-3547,8910,5174,-7944,-828,-1052,-1090,-17,581,89,-517,61,239,1374,-35
14165,-3707,8865,5360,-7831,-682,-1038,-590,-14,570,92,-505,72,309,1419,-38
14184,-3707,8865,5360,-7831,-682,-1038,-590,-16,559,96,-496,67,353,1405,-33
14225,-3673,8674,5294,-7651,-563,-1001,-460,-18,548,99,-489,78,224,1428,-33
14244,-3700,8666,5323,-7635,-819,-1301,50,-18,545,102,-487,57,271,1402,-31
14275,-3759,8441,5343,-7405,-1056,-1674,2330,-17,541,103,-482,85,237,1431,-30
14292,-3759,8441,5343,-7405,-1056,-1674,2330,-14,535,107,-479,77,297,1426,-19
14309,-3666,8268,5199,-7278,-593,-838,-120,-15,529,108,-471,73,222,1397,-25
14328,-3721,8050,5226,-7044,-830,-1316,-590,-14,527,108,-467,67,181,1387,-21
14346,-3654,8067,5141,-7097,-603,-883,1190,-13,521,112,-457,63,178,1378,-23
14363,-3589,7885,5029,-6949,-965,-1588,1100,-12,512,109,-451,50,135,1381,-31
14382,-3573,7684,4965,-6773,-983,-1221,720,-12,509,112,-448,61,165,1374,-22
14399,-3587,7675,4972,-6769,-731,-907,870,-13,499,111,-441,52,269,1393,-22
14417,-3587,7475,4937,-6574,-623,-1084,-40,-14,492,107,-437,53,184,1393,-26
14472,-3464,7098,4696,-6291,-524,-748,1300,-15,478,104,-422,52,89,1408,-38
14490,-3430,6901,4604,-6133,-817,-1065,1240,-13,472,103,-418,47,86,1397,-38
14507,-3552,6652,4699,-5851,-912,-1131,-980,-14,466,103,-414,40,97,1379,-23
14526,-3467,6479,4568,-5716,-351,-899,840,-14,461,102,-409,67,140,1404,-23
14544,-3519,6252,4579,-5488,-872,-1213,90,-13,458,101,-407,48,142,1389,-33
14563,-3566,6023,4583,-5261,-821,-1196,90,-13,450,100,-399,22,108,1372,-30
14591,-3677,5316,4541,-4590,-708,-1122,590,-11,441,95,-393,38,78,1388,-19
14611,-3677,5316,4541,-4590,-708,-1122,590,-11,437,94,-388,28,44,1353,-27
14628,-3874,4704,4617,-3977,-828,-1208,-1820,-11,434,92,-384,15,30,1367,-31
14682,3000,-3021,3108,3388,-899,-746,20,-15,396,86,-345,-26,251,1408,-40
14701,2976,-3120,3117,3491,-585,-1106,20,-15,357,87,-327,0,141,1383,-37
14755,-2963,-3445,3154,3777,-548,-786,2020,8,287,80,-275,613,161,1444,-39
14772,-2995,-3546,3166,3878,-548,-786,2020,10,277,80,-267,285,109,1401,-26
14791,-3046,-3652,3185,3975,-521,-654,910,13,252,72,-232,127,68,1379,-23
14809,-3097,-3761,3205,4075,-394,-542,560,11,234,68,-218,68,52,1360,-24
14826,-3210,-3970,3256,4268,-553,-543,230,12,220,65,-204,44,76,1382,-36
14845,-3255,-4072,3277,4367,-390,-628,400,13,201,63,-190,44,97,1407,-26
14874,-3341,-4273,3321,4570,-68,-198,250,13,178,58,-164,47,104,1398,-19
14917,-3495,-4576,3401,4868,-411,-415,-750,3,142,56,-132,28,70,1388,-16
14947,-3508,-4674,3408,4977,-19,-177,-560,-2,126,53,-112,32,63,1375,-18
15024,-3744,-5178,3534,5484,65,-156,-190,-20,77,46,-68,60,140,1382,-20
15043,-3760,-5278,3539,5590,33,-66,-380,-23,67,44,-55,31,99,1384,-21
15060,-3800,-5378,3559,5692,113,-262,80,-25,62,43,-46,57,100,1374,-24
15078,-3873,-5478,3604,5788,4,-14,400,-27,57,44,-40,57,93,1392,-23
15095,-3921,-5578,3630,5889,112,-141,370,-28,53,44,-30,63,99,1372,-29
15114,-3909,-5678,3614,6001,279,-69,-980,-30,45,44,-22,74,141,1379,-33
15131,-3948,-5880,3623,6210,146,-189,-860,-32,34,45,-12,70,141,1417,-20
15148,-4055,-5981,3695,6306,129,20,1160,-32,29,44,-7,46,112,1412,-27
15214,-4190,-6281,3768,6610,117,-20,-240,-42,-2,45,23,41,137,1384,-23
15315,-4514,-6979,3946,7318,159,55,-820,-55,-36,54,53,56,155,1415,-32
15358,-4523,-7292,3916,7641,416,92,-580,-62,-53,58,69,95,174,1456,-33
15376,-4606,-7389,3971,7738,108,-51,670,-65,-57,58,75,108,196,1465,-25
15419,-4711,-7587,4035,7940,369,158,-760,-70,-72,63,90,80,230,1399,-24
15449,-4812,-7786,4092,8141,312,100,-140,-74,-84,62,102,89,309,1415,-25
15466,-4811,-7891,4077,8247,303,36,-440,-76,-90,66,111,75,280,1414,-32
15485,-4904,-7986,4142,8343,437,204,470,-80,-98,66,117,91,276,1428,-34
15515,-4973,-8191,4173,8552,481,358,80,-88,-107,67,126,125,289,1422,-27
15532,-5086,-8283,4256,8645,425,-30,890,-88,-113,69,134,101,286,1457,-25
15551,-5118,-8384,4270,8748,318,234,-120,-91,-120,70,141,90,361,1400,-31
15569,-5165,-8484,4296,8849,519,230,30,-94,-132,69,153,107,435,1408,-35
15586,-5306,-8570,4406,8939,344,216,1200,-100,-138,71,162,160,432,1419,-30
15618,-5383,-8878,4429,9251,425,101,370,-108,-146,72,177,146,512,1417,-20
15635,-5466,-8972,4487,9347,386,320,320,-114,-156,72,188,134,612,1423,-27
15652,-5533,-9072,4531,9449,691,498,250,-118,-168,75,201,133,533,1441,-27
15671,-5656,-9159,4626,9540,630,261,680,-119,-177,79,216,141,603,1435,-40
15688,-5656,-9159,4626,9540,630,261,680,-123,-188,79,227,184,612,1445,-35
15720,-5969,-9389,4866,9781,708,300,1020,-132,-202,84,248,168,654,1492,-34
15737,-5969,-9389,4866,9781,708,300,1020,-137,-210,88,260,189,641,1513,-33
15754,-6102,-9362,4985,9756,745,275,910,-140,-217,91,272,242,566,1488,-35
15773,-6093,-9365,4975,9756,743,439,-90,-147,-230,95,288,211,705,1437,-26
15803,-6314,-9317,5173,9712,976,567,780,-155,-251,101,316,257,581,1448,-33
15820,-6458,-9319,5245,9654,948,388,1160,-159,-259,103,327,261,561,1425,-25
15839,-6554,-9279,5350,9636,640,519,890,-157,-261,104,329,229,597,1455,-33
15856,-6714,-9208,5528,9601,954,470,1710,-162,-277,113,349,239,589,1493,-23
15875,-6612,-9254,5414,9624,1015,394,-1090,-166,-292,121,368,195,536,1431,-21
15892,-6745,-9193,5562,9593,803,478,1330,-170,-303,126,382,162,528,1363,-27
15911,-6745,-9193,5562,9593,803,478,1330,-175,-313,134,395,211,533,1398,-22
15928,-6832,-9151,5660,9571,1174,528,890,-179,-320,141,403,236,492,1429,-31
15947,-6946,-9093,5787,9539,717,363,1050,-185,-328,150,419,219,514,1474,-26
15964,-6984,-9073,5830,9528,1583,600,620,-192,-330,156,425,222,506,1465,-29
15983,-7284,-8992,6052,9395,1147,493,2150,-201,-337,163,433,230,419,1452,-27
16001,-7374,-8951,6136,9354,1052,554,750,-211,-342,169,443,234,430,1484,-28
16030,-7577,-8854,6321,9256,2547,994,2570,-227,-349,180,454,306,419,1402,-27
16050,-7766,-8751,6499,9155,1149,465,1900,-234,-353,188,460,216,390,1433,-25
16067,-7693,-8794,6427,9194,1005,298,-810,-240,-358,194,462,253,359,1415,-30
16086,-7890,-8682,6611,9081,1449,463,2230,-249,-360,202,471,204,341,1460,-25
16103,-7995,-8618,6708,9015,846,288,660,-254,-365,208,474,194,371,1458,-30
16122,-8264,-8436,6962,8832,1576,393,2720,-262,-368,216,478,240,319,1410,-26
16140,-8243,-8459,6939,8851,1294,502,-440,-271,-374,225,483,243,313,1439,-20
16157,-8282,-8433,6973,8822,1468,276,470,-278,-378,231,490,253,321,1463,-17
16176,-8282,-8433,6973,8822,1468,276,470,-287,-380,239,492,254,333,1481,-14
16193,-8343,-8390,7028,8776,1339,487,570,-294,-380,244,491,254,346,1498,-27
16331,-9112,-7704,7747,8046,1810,436,-190,-360,-378,302,489,320,262,1484,-33
16350,-9219,-7581,7850,7915,1498,21,1600,-365,-381,305,493,389,329,1499,-32
16368,-9215,-7590,7843,7921,1580,276,-250,-371,-380,310,493,464,302,1504,-29
16385,-9283,-7510,7907,7833,1291,109,840,-379,-378,315,491,375,296,1519,-24
16404,-9381,-7383,8003,7699,1300,26,1650,-389,-377,321,486,398,265,1502,-27
16458,-9429,-7334,8037,7634,1285,40,2020,-417,-372,340,476,403,242,1497,-24
16475,-9338,-7467,7939,7766,1452,47,-1520,-423,-371,345,475,416,266,1483,-30
16494,-9398,-7392,7995,7683,1605,451,760,-429,-372,348,474,490,312,1573,-25
16512,-9422,-7365,8014,7651,1635,-103,320,-431,-374,349,472,418,299,1579,-21
16555,-9443,-7356,8020,7626,2014,120,-690,-442,-376,358,468,420,297,1545,-28
16572,-9499,-7282,8071,7543,1479,-177,980,-449,-378,359,465,415,287,1542,-24
16602,-9196,-7334,7770,7554,28412,2778,0,-455,-377,360,463,500,305,1550,-26
16619,-9196,-7334,7770,7554,28412,2778,0,-456,-377,356,466,396,287,1537,-29
16639,-9341,-7515,7884,7755,1699,230,-1770,-457,-380,355,463,347,276,1531,-29
16656,-9341,-7515,7884,7755,1699,230,-1770,-462,-385,356,463,402,244,1488,-41
16675,-9286,-7599,7822,7836,1433,-93,-1060,-463,-384,356,462,311,248,1459,-29
16729,-9098,-7847,7607,8063,1392,-377,-2670,-477,-388,363,461,363,254,1503,-21
16746,-9263,-7665,7766,7871,1635,695,2120,-482,-393,366,462,347,232,1491,-23
16764,-9214,-7732,7710,7933,1444,-49,-870,-485,-391,363,460,309,247,1501,-26
16783,-9140,-7821,7631,8018,1383,480,-1330,-482,-395,362,465,398,315,1558,-27
16813,-9250,-7708,7729,7891,1322,177,900,-480,-404,355,466,433,268,1487,-23
16831,-9154,-7830,7624,8007,1692,101,-1660,-479,-407,355,466,501,285,1494,-33
16848,-9009,-7990,7474,8163,1351,282,-2240,-477,-409,355,471,389,281,1515,-36
16867,-9214,-7779,7666,7936,1587,446,1420,-478,-413,349,470,366,293,1509,-30
16885,-9215,-7780,7665,7936,1587,446,1420,-474,-415,346,472,400,293,1495,-31
16902,-9215,-7780,7665,7936,1587,446,1420,-470,-420,342,473,435,264,1480,-27
16921,-9070,-7952,7510,8100,1369,-98,-1750,-470,-423,340,475,492,283,1502,-28
16938,-9016,-8014,7452,8159,1590,115,-1210,-469,-429,337,476,412,321,1516,-32
16958,-8896,-8153,7315,8282,1877,-152,-2020,-469,-432,336,477,406,290,1479,-41
16975,-8870,-8184,7283,8306,1393,614,-720,-468,-438,333,478,436,292,1497,-28
16992,-8931,-8136,7334,8249,1164,231,500,-465,-439,330,483,336,307,1534,-32
17011,-8880,-8189,7276,8294,2253,213,-1110,-461,-445,323,488,285,280,1503,-32
17028,-8686,-8372,7077,8468,1335,115,-2580,-457,-449,317,493,386,290,1486,-36
17048,-8700,-8368,7081,8456,1604,619,-200,-451,-454,310,502,281,270,1500,-22
17101,-8316,-8699,6672,8748,1616,340,-3730,-442,-470,292,512,298,408,1431,-26
17119,-8262,-8746,6611,8784,1060,253,-550,-437,-474,288,516,294,402,1449,-23
17137,-8263,-8746,6611,8784,1060,253,-550,-429,-484,281,523,258,335,1438,-25
17155,-8265,-8761,6593,8778,1877,492,-160,-423,-489,275,530,297,371,1434,-20
17197,-8043,-8928,6348,8908,1570,427,-1030,-415,-498,263,535,308,383,1420,-27
17216,-8009,-8959,6304,8927,1589,532,-620,-410,-503,256,537,286,335,1457,-27
17233,-7834,-9063,6128,9017,989,355,-1770,-409,-505,252,539,254,308,1421,-34
17251,-7762,-9111,6047,9051,1994,654,-1150,-405,-506,247,538,229,304,1419,-32
17270,-7652,-9177,5930,9100,1690,488,-1310,-397,-510,242,543,239,310,1406,-31
17287,-7652,-9177,5930,9100,1690,488,-1310,-392,-516,240,544,217,380,1495,-21
17306,-7652,-9177,5930,9100,1690,488,-1310,-389,-519,235,548,249,347,1439,-23
17323,-7774,-9145,6010,9035,1449,543,240,-385,-520,232,548,342,453,1450,-29
17342,-7774,-9146,6009,9034,1449,543,240,-384,-522,231,550,313,455,1424,-32
17359,-7774,-9146,6009,9034,1449,543,240,-382,-528,230,553,218,371,1410,-26
17378,-7774,-9146,6009,9034,1449,543,240,-375,-532,224,557,190,371,1441,-22
17395,-7774,-9146,6009,9034,1449,543,240,-372,-536,224,559,213,453,1441,-29
17414,-7775,-9146,6009,9034,1449,543,240,-366,-544,216,568,207,375,1502,-24
17431,-7775,-9146,6009,9034,1449,543,240,-360,-549,209,577,211,338,1487,-33
17450,-7774,-9146,6009,9034,1449,543,240,-358,-556,202,590,202,388,1476,-31
17467,-7753,-9106,5966,8959,1034,1338,-880,-352,-565,194,606,236,397,1464,-38
17486,-7572,-9205,5785,9043,1245,551,-2160,-349,-573,187,624,186,371,1446,-36
17503,-7501,-9004,5732,8814,1855,988,230,-345,-577,183,634,200,406,1452,-29
17522,-7303,-8874,5549,8644,1801,865,-1350,-336,-583,176,633,236,388,1450,-21
17540,-7196,-8928,5439,8686,1468,752,-1490,-335,-583,174,634,210,359,1498,-26
17557,-7060,-8992,5301,8735,1520,854,-2030,-332,-580,172,630,209,316,1437,-31
17576,-7095,-8985,5323,8718,1289,815,-100,-327,-580,170,624,190,283,1392,-30
17593,-6986,-8803,5239,8513,1479,1051,-570,-322,-581,168,621,148,272,1397,-29
17613,-6716,-8459,5017,8117,1636,1089,-1050,-317,-584,162,622,164,245,1393,-29
17649,-6685,-8247,5002,7881,1491,951,440,-304,-581,156,617,230,248,1403,-30
17665,-6528,-8083,4875,7695,1474,1011,-1230,-301,-582,157,618,146,247,1391,-35
17709,-6173,-7543,4593,7083,1631,1092,-1970,-291,-576,152,608,108,163,1382,-30
17726,-6122,-7339,4555,6849,1326,670,450,-286,-577,152,607,139,181,1376,-34
17743,-6080,-7124,4535,6614,1487,1187,90,-282,-575,153,606,98,134,1381,-38
17763,-5965,-6943,4444,6410,1581,1003,-780,-278,-573,151,603,86,147,1371,-36
17793,-5644,-6382,4202,5786,1507,1029,-620,-272,-566,149,592,86,116,1367,-21
17810,-5631,-6155,4194,5522,1505,798,240,-270,-562,151,589,102,132,1373,-18
17829,-5489,-5981,4083,5330,1505,798,240,-265,-556,149,581,105,130,1375,-30
17846,-5421,-5770,4037,5095,1409,947,-190,-262,-551,148,575,89,106,1378,-26
17864,-5316,-5577,3955,4877,1596,811,-340,-258,-545,147,571,65,95,1377,-23
17894,-5140,-5157,3834,4415,1509,992,-800,-255,-537,146,565,40,66,1383,-31
17913,-5140,-5157,3834,4415,1509,992,-800,-255,-538,144,563,54,67,1378,-11
17930,-5054,-4947,3763,4171,1571,829,580,-252,-529,141,556,43,49,1393,-17
17949,-4852,-4499,3617,3674,1328,920,-260,-251,-526,141,549,58,47,1395,-23
17967,-4733,-4281,3521,3423,1124,576,-120,-249,-520,141,545,68,46,1378,-30
17984,-4607,-4017,3423,3123,1937,1344,250,-250,-516,143,540,33,50,1367,-33
18003,-4450,-3783,3278,-2966,1489,771,760,-249,-512,142,536,27,46,1365,-37
18020,-4235,-3592,3106,-3177,1383,821,-1820,-247,-504,144,507,54,46,1358,-32
18040,-4005,-3441,-2920,-3392,1284,812,120,-244,-499,141,479,48,58,1361,-36
18057,-4852,3272,3898,-4115,1737,1016,-930,-242,-497,136,467,67,26,1374,-33
18074,-4578,3524,3646,-4435,1302,978,260,-237,-476,124,440,84,91,1389,-24
18093,-4353,3683,3443,-4636,1131,657,-570,-233,-463,122,429,63,180,1383,-21
18110,-4430,4356,3661,-5248,1249,800,-1480,-224,-408,113,391,64,144,1397,-27
18130,-4430,4356,3661,-5248,1249,800,-1480,-221,-391,111,380,63,142,1402,-35
18147,-4167,4488,3468,-5368,1542,1008,-3890,-212,-345,104,347,65,124,1396,-37
18164,-4065,4536,3383,-5422,679,510,-1040,-205,-334,101,331,67,124,1393,-34
18184,-4047,4553,3398,-5406,1869,1642,-6080,-186,-306,95,300,82,134,1386,-30
18201,-4025,4566,3401,-5396,821,662,-2370,-175,-281,94,281,82,180,1372,-26
18220,-4069,4561,3495,-5323,589,624,-3260,-166,-261,94,261,70,172,1407,-32
18237,-4202,5194,3777,-5870,694,444,-1160,-158,-249,95,242,66,189,1409,-29
18254,-4240,5187,3841,-5824,456,489,-2150,-146,-233,83,225,72,164,1397,-19
18273,-4285,5171,3906,-5774,294,488,-1550,-135,-217,76,203,56,122,1393,-17
18291,-4318,5159,3962,-5728,285,103,-1800,-126,-196,68,185,58,139,1425,-24
18309,-4327,5159,3984,-5710,462,448,-1480,-116,-181,62,168,93,191,1394,-27
18327,-4341,5156,4008,-5693,272,474,-890,-108,-168,57,156,84,170,1380,-25
18346,-4334,5159,4004,-5693,148,100,-290,-100,-153,53,140,79,163,1384,-22
18363,-4291,5178,3948,-5739,308,434,530,-93,-138,50,124,60,120,1377,-26
18382,-4306,5177,3984,-5710,288,25,-1430,-86,-122,46,108,65,106,1372,-31
18399,-4316,5173,4000,-5697,50,-27,-400,-81,-109,41,99,83,133,1408,-27
18452,-4316,5179,4020,-5680,103,-7,-340,-60,-73,28,61,69,109,1439,-23
18482,-4360,5161,4082,-5629,-10,-35,-1020,-49,-57,23,43,58,92,1410,-31
18501,-4349,5170,4072,-5641,56,-35,160,-42,-47,20,35,81,129,1442,-29
18518,-4379,5152,4105,-5611,-145,-29,-310,-37,-39,20,26,60,88,1422,-20
18535,-4386,5153,4117,-5605,4,-15,-240,-33,-33,18,19,45,78,1415,-33
18552,-4410,5141,4145,-5582,-81,-80,-370,-29,-26,16,12,40,63,1426,-39
18582,-4412,5141,4150,-5578,19,-64,-610,-26,-15,13,6,46,71,1408,-25
18599,-4412,5141,4150,-5578,19,-64,-610,-25,-8,13,3,63,83,1431,-33
18616,-4419,5138,4156,-5574,-54,-34,50,-22,-3,14,-2,68,92,1444,-27
18633,-4419,5138,4156,-5574,-54,-34,50,-19,2,13,-4,51,65,1421,-30
18650,-4409,5142,4144,-5584,-3,-23,230,-17,4,14,-6,48,69,1413,-32
18667,-4431,5128,4163,-5566,-144,-59,530,-17,8,12,-7,57,66,1400,-31
18684,-4431,5128,4163,-5566,-144,-59,530,-15,10,11,-11,87,128,1385,-33
18703,-4428,5130,4162,-5567,-48,-355,350,-14,11,12,-12,72,109,1414,-36
18720,-4454,5121,4199,-5539,1,-136,-730,-12,14,10,-15,77,118,1406,-28
18739,-4443,5127,4184,-5553,-2,-46,-70,-10,16,11,-15,56,78,1393,-21
18756,-4457,5116,4190,-5546,-191,-5,390,-9,17,10,-16,80,105,1395,-21
18773,-4450,5124,4193,-5545,173,-61,-550,-10,20,11,-18,104,149,1393,-23
18791,-4478,5106,4219,-5522,-187,3,0,-11,20,10,-21,77,101,1394,-22
18807,-4468,5111,4202,-5537,-42,6,410,-10,22,11,-23,66,91,1400,-28
18824,-4478,5106,4219,-5521,3,-66,-430,-11,22,10,-25,68,87,1407,-31
18842,-4495,5098,4242,-5502,-73,-250,-300,-12,22,9,-26,59,87,1405,-36
18860,-4499,5097,4250,-5496,-81,-232,-60,-15,25,12,-29,55,96,1426,-41
18878,-4495,5099,4247,-5497,42,-18,-40,-15,27,13,-30,49,80,1401,-27
18895,-4495,5099,4247,-5497,42,-18,-40,-14,29,14,-31,69,90,1439,-25
18912,-4526,5083,4288,-5462,-52,-36,-690,-14,30,14,-32,60,86,1415,-23
18931,-4543,5074,4310,-5442,-16,-41,-340,-14,31,15,-32,53,71,1410,-42
18948,-4547,5075,4314,-5442,-1,-31,-60,-15,34,15,-35,47,65,1393,-31
18965,-4520,5087,4284,-5465,-114,-453,730,-16,34,16,-35,60,101,1410,-38
18984,-4559,5070,4336,-5423,-11,-48,-890,-16,35,16,-36,70,112,1410,-28
19001,-4596,5047,4377,-5384,-170,-28,-410,-16,38,16,-36,69,113,1471,-33
19020,-4549,5073,4319,-5436,37,-50,730,-16,38,17,-38,74,96,1439,-35
19048,-4589,5052,4367,-5395,-63,-6,-670,-18,38,18,-38,68,105,1423,-34
19078,-4614,5038,4405,-5359,-1,-29,-470,-21,39,21,-38,73,96,1421,-28
19095,-4614,5038,4405,-5359,-1,-29,-470,-22,38,21,-40,82,116,1424,-36
19114,-4597,5048,4388,-5374,18,-179,220,-23,37,20,-40,103,130,1446,-28
19131,-4581,5058,4364,-5397,-121,-299,740,-22,37,20,-40,78,91,1418,-31
19150,-4618,5037,4418,-5347,50,-46,-530,-24,40,20,-40,88,111,1401,-28
19180,-4610,5045,4415,-5353,57,-97,-100,-25,40,22,-42,66,103,1415,-27
19197,-4610,5045,4415,-5353,57,-97,-100,-24,40,22,-42,74,129,1452,-16
19227,-4643,5027,4466,-5303,1,-70,0,-27,40,23,-41,62,97,1402,-23
19257,-4654,5022,4480,-5291,-135,-294,210,-28,42,24,-41,75,99,1437,-31
19274,-4654,5022,4480,-5291,-135,-294,210,-26,44,26,-42,63,95,1416,-31
19294,-4681,5005,4521,-5252,-124,-42,-350,-25,45,27,-46,61,85,1423,-35
19311,-4657,5020,4491,-5280,6,-20,500,-24,46,26,-47,132,149,1418,-32
19328,-4656,5021,4489,-5283,-33,-42,180,-26,48,26,-46,94,117,1422,-21
19347,-4656,5021,4489,-5283,-33,-42,180,-27,53,27,-47,83,96,1451,-28
19364,-4625,5044,4468,-5303,20,-74,-210,-29,56,28,-48,68,89,1426,-25
19433,-4648,5031,4503,-5270,-2,-78,110,-21,57,36,-66,81,101,1471,-21
19450,-4611,5057,4464,-5309,76,-232,490,-23,61,37,-59,69,98,1451,-37
19467,-4557,5089,4398,-5370,0,-174,960,-23,64,40,-54,85,124,1426,-33
19484,-4484,5133,4322,-5438,117,-31,-180,-22,64,40,-52,102,123,1416,-34
19503,-4423,5166,4256,-5493,127,-100,700,-22,63,40,-55,90,99,1414,-27
19520,-4415,5173,4245,-5507,1,27,280,-21,64,39,-57,91,114,1454,-29