1	-5249	3879	5491	-3352	334	-741	0	-231	96	255	-44	0	-2	1521	99
16	-3101	-3041	-3161	-3242	-24	-16	-844	-19	-13	-25	-33	21	13	1554	99
66	-2935	3154	-3253	-3651	-126	-80	-848	-3	25	-34	-73	36	34	1568	99
120	2986	3466	-3298	-3948	-200	-131	-813	8	55	-39	-103	46	85	1557	99
133	3022	3572	-3304	-4044	-223	-150	-795	12	66	-39	-112	45	64	1540	99
146	3062	3679	-3313	-4141	-247	-168	-777	15	76	-40	-122	57	66	1558	99
159	3094	3781	-3324	-4242	-271	-186	-774	19	86	-41	-132	61	76	1591	99
172	3094	3781	-3324	-4242	-271	-186	-774	19	86	-41	-132	49	72	1570	99
193	3138	3876	-3356	-4348	-297	-201	-786	23	96	-44	-142	75	92	1550	99
215	3182	3969	-3392	-4454	-324	-215	-803	27	105	-48	-153	54	70	1549	99
228	3219	4070	-3411	-4560	-349	-232	-808	31	115	-50	-163	56	59	1554	99
241	3260	4166	-3439	-4664	-375	-248	-817	35	124	-53	-173	46	73	1556	99
271	3352	4359	-3502	-4873	-428	-276	-831	44	143	-59	-194	77	120	1617	99
289	3401	4447	-3547	-4980	-455	-288	-855	49	152	-63	-204	56	96	1580	99
302	3447	4546	-3577	-5086	-482	-303	-862	53	162	-66	-215	47	87	1567	99
315	3501	4635	-3624	-5193	-510	-314	-881	59	170	-71	-225	50	90	1570	99
341	3592	4828	-3686	-5402	-563	-343	-896	68	189	-77	-246	58	99	1574	99
369	3696	5015	-3765	-5610	-619	-368	-914	78	208	-85	-266	66	114	1600	99
382	3696	5015	-3765	-5610	-619	-368	-914	78	208	-85	-266	53	97	1594	99
395	3738	5115	-3786	-5711	-644	-384	-911	82	218	-87	-276	80	110	1585	99
416	3792	5211	-3825	-5817	-672	-397	-919	87	227	-91	-287	59	87	1559	99
444	3835	5310	-3850	-5918	-698	-412	-919	92	237	-93	-297	61	92	1568	99
488	4031	5567	-4028	-6235	-788	-435	-976	111	262	-111	-328	56	90	1571	99
518	4110	5772	-4062	-6438	-838	-470	-966	119	282	-114	-348	73	98	1597	99
531	4168	5862	-4108	-6540	-866	-480	-976	124	291	-118	-358	129	206	1576	99
552	4286	6052	-4192	-6745	-923	-502	-979	136	310	-127	-378	115	176	1595	99
587	4395	6240	-4272	-6950	-978	-526	-991	147	328	-135	-398	103	223	1562	99
617	4436	6469	-4248	-7149	-1021	-574	-951	151	351	-132	-418	97	176	1569	99
648	4509	6557	-4308	-7252	-1052	-581	-960	158	359	-138	-428	92	162	1619	99
704	4570	7012	-4242	-7649	-1133	-680	-887	164	404	-132	-467	85	161	1573	99
721	4606	6995	-4291	-7651	-1139	-669	-905	167	403	-136	-467	83	199	1570	99
743	4583	7010	-4254	-7647	-1135	-677	-885	165	404	-133	-467	89	157	1581	99
777	4462	7058	-4095	-7637	-1112	-714	-833	153	409	-117	-466	121	204	1648	99
803	4404	7091	-4003	-7626	-1099	-734	-784	148	412	-108	-465	156	232	1579	99
816	4357	7108	-3942	-7622	-1090	-748	-765	143	414	-102	-464	139	206	1569	99
837	4357	7108	-3943	-7622	-1090	-748	-766	143	414	-102	-464	144	203	1547	99
850	4316	7125	-3883	-7612	-1081	-761	-738	139	415	-96	-463	113	195	1559	99
872	4249	7152	-3788	-7599	-1067	-781	-697	132	418	-87	-462	108	169	1553	99
893	4245	7148	-3789	-7600	-1067	-781	-705	132	418	-87	-462	119	184	1561	99
928	4223	7161	-3753	-7594	-1062	-789	-683	130	419	-83	-462	100	263	1541	99
986	4158	7192	-3644	-7570	-1046	-810	-616	123	422	-73	-459	73	218	1558	99
1003	4145	7201	-3623	-7567	-1043	-814	-603	122	423	-71	-459	76	345	1545	99
1025	4155	7198	-3631	-7564	-1044	-812	-598	123	423	-71	-459	72	254	1554	99
1038	4155	7198	-3631	-7564	-1044	-812	-598	123	423	-71	-459	74	210	1565	99
1081	4027	7247	-3441	-7525	-1015	-850	-503	110	427	-53	-455	104	246	1559	99
1100	3950	7266	-3336	-7500	-997	-870	-457	103	429	-42	-452	114	289	1544	99
1136	3949	7269	-3332	-7500	-997	-871	-453	103	430	-42	-452	113	241	1575	99
1167	3893	7284	-3250	-7477	-983	-886	-411	97	431	-34	-450	84	200	1531	99
1180	3835	7299	-3166	-7455	-969	-902	-371	92	432	-26	-448	78	195	1532	99
1194	3766	7312	-3075	-7431	-952	-919	-335	85	434	-17	-446	101	194	1537	99
1216	3741	7316	-3039	-7420	-946	-926	-318	82	434	-13	-444	122	208	1537	99
1229	3648	7332	-2915	-7385	-923	-949	-267	73	436	-1	-441	119	177	1571	99
1250	3644	7332	-2914	-7388	-923	-950	-272	73	436	-1	-441	81	240	1532	99
1272	3573	7347	2992	-7350	-904	-968	-211	66	437	9	-438	68	204	1566	99
1330	3400	7395	3288	-7232	-853	-1014	0	49	442	38	-426	116	180	1549	99
1343	3400	7395	3288	-7232	-853	-1014	0	49	442	38	-426	99	170	1580	99
1364	3280	7383	3409	-7196	-825	-1037	0	37	441	50	-422	74	194	1571	99
1377	3248	7378	3440	-7185	-817	-1042	0	34	440	53	-421	65	148	1567	99
1398	3248	7378	3440	-7185	-817	-1042	0	34	440	53	-421	64	170	1591	99
1411	3279	7382	3409	-7195	-825	-1036	0	37	441	50	-422	68	137	1587	99
1437	3269	7382	3419	-7193	-823	-1039	0	36	441	51	-422	82	267	1550	99
1449	3269	7382	3419	-7193	-823	-1039	0	36	441	51	-422	87	210	1556	99
1471	3344	7153	3227	-7075	-815	-967	-134	43	418	32	-410	86	179	1569	99
1484	3382	7150	3176	-7094	-825	-958	-158	47	418	27	-412	72	228	1563	99
1550	3545	7138	2965	-7165	-866	-922	-239	63	417	6	-419	44	244	1563	99
1563	3594	7129	-2905	-7188	-879	-910	-274	68	416	0	-422	46	201	1569	99
1585	3556	7130	2939	-7176	-870	-918	-265	64	416	3	-420	65	150	1576	99
1671	3848	7087	-3239	-7278	-940	-847	-403	93	412	-33	-430	76	175	1560	99
1688	3861	7086	-3256	-7285	-943	-844	-411	94	412	-35	-431	93	163	1556	99
1710	3885	7083	-3283	-7289	-948	-838	-415	96	411	-37	-432	67	160	1570	99
1740	4009	7042	-3469	-7335	-978	-802	-513	109	407	-56	-436	78	142	1594	99
1753	4019	7042	-3478	-7335	-980	-800	-509	110	407	-56	-436	90	145	1602	99
1768	4039	7031	-3515	-7346	-986	-794	-537	112	406	-60	-437	74	126	1583	99
1826	4017	7021	-3516	-7358	-984	-796	-580	109	405	-60	-438	110	176	1575	99
1852	3990	7031	-3475	-7348	-977	-804	-557	107	406	-56	-437	76	107	1550	99
1871	3924	7037	-3405	-7339	-964	-820	-555	100	407	-49	-436	83	178	1555	99
1884	3924	7037	-3405	-7339	-964	-820	-555	100	407	-49	-436	70	157	1570	99
1918	4038	7006	-3561	-7371	-990	-788	-617	112	404	-65	-440	65	157	1591	99
1957	3771	7039	-3259	-7322	-934	-853	-574	85	407	-35	-435	85	139	1577	99
1970	3747	7040	-3234	-7317	-929	-858	-572	83	407	-32	-434	90	138	1567	99
2009	3556	6846	-3062	-7079	-853	-850	-543	64	388	-16	-411	56	170	1561	99
2026	3457	6840	-2969	-7060	-832	-869	-555	54	387	-6	-409	69	136	1557	99
2041	3298	6836	3000	-7014	-796	-902	-538	39	387	9	-404	-85	-5	2189	99
2056	3221	6831	3082	-6990	-778	-917	-531	31	387	17	-402	-18	81	1948	99
2068	3080	6626	3202	-6748	-711	-895	-497	17	366	29	-378	11	94	1757	99
2107	-3105	6153	3509	-6216	-549	-859	-481	-20	320	60	-326	75	159	1559	99
2125	-4198	-2908	3986	-2909	227	-277	-453	-127	0	106	0	89	241	1607	99
2139	-4296	2907	4083	-2913	244	-302	-466	-137	0	116	-1	67	136	1584	99
2152	-4391	2903	4198	2932	268	-321	-430	-146	0	127	3	86	89	1574	99
2200	-4685	2963	4484	2904	315	-399	-479	-175	6	155	0	61	67	1563	99
2217	-4782	2956	4596	2946	340	-417	-452	-185	5	166	4	45	55	1549	99
2230	-4782	2956	4596	2946	340	-417	-452	-185	5	166	4	47	51	1547	99
2252	-4976	2968	4806	2986	381	-461	-432	-204	6	187	8	69	79	1594	99
2269	-5071	3012	4892	2939	390	-493	-471	-213	11	196	3	59	67	1568	99
2282	-5172	3011	5004	2972	414	-513	-453	-223	10	207	7	103	79	1567	99
2308	-5354	3126	5165	-2955	423	-582	-544	-241	22	222	-5	135	80	1612	99
2321	-5449	3148	5263	-2960	439	-607	-550	-250	24	232	-5	150	86	1638	99
2342	-5529	3237	5330	-3066	434	-647	-612	-258	33	239	-16	99	83	1578	99
2396	-5791	3375	5593	-3181	460	-738	-673	-284	46	265	-27	115	98	1578	99
2409	-5791	3375	5593	-3181	460	-738	-673	-284	46	265	-27	94	94	1608	99
2422	-5877	3419	5682	-3213	470	-767	-687	-293	51	273	-30	150	98	1590	99
2444	-6041	3532	5849	-3314	481	-830	-731	-309	62	290	-40	132	114	1580	99
2457	-6132	3557	5949	-3317	496	-856	-728	-318	64	300	-41	162	108	1621	99
2479	-6223	3585	6047	-3325	511	-882	-727	-327	67	309	-41	98	78	1583	99
2492	-6310	3622	6142	-3344	523	-910	-730	-335	71	319	-43	115	86	1585	99
2524	-6480	3720	6321	-3418	540	-970	-756	-352	80	336	-51	156	105	1610	99
2541	-6583	3712	6439	-3375	566	-990	-730	-362	79	348	-46	137	134	1637	99
2589	-6848	3814	6727	-3420	605	-1072	-735	-388	89	376	-51	118	91	1609	99
2606	-6922	3886	6803	-3489	606	-1106	-760	-395	97	384	-57	111	115	1628	99
2628	-7011	3917	6901	-3500	619	-1132	-759	-404	100	393	-59	170	122	1712	99
2641	-7011	3917	6901	-3500	619	-1132	-759	-404	100	393	-59	186	99	1681	99
2655	-7183	3994	7090	-3539	643	-1188	-762	-421	107	412	-62	179	105	1625	99
2670	-7271	4029	7185	-3557	655	-1215	-765	-430	111	421	-64	171	83	1601	99
2696	-7370	4043	7296	-3543	675	-1240	-753	-440	112	432	-63	116	90	1584	99
2726	-7559	4081	7501	-3534	710	-1289	-742	-458	116	452	-62	85	84	1591	99
2739	-7633	4147	7584	-3589	713	-1321	-755	-465	122	461	-67	131	107	1658	99
2797	-8037	4158	8025	-3485	803	-1409	-700	-505	123	504	-57	176	184	1723	99
2814	-8127	4195	8124	-3503	816	-1437	-702	-514	127	514	-59	140	172	1718	99
2836	-8228	4194	8235	-3473	839	-1458	-687	-524	127	525	-56	150	193	1668	99
2870	-8467	4103	8490	-3304	911	-1485	-629	-547	118	550	-39	168	135	1687	99
2892	-8563	4116	8594	-3293	930	-1509	-623	-557	119	560	-38	194	175	1646	99
2927	-8659	4388	8708	-3576	897	-1598	-697	-566	146	571	-66	235	137	1775	99
2983	-9082	4355	9166	-3421	999	-1679	-633	-608	143	616	-51	216	184	1766	99
3015	-9207	4500	9308	-3549	998	-1742	-660	-620	157	630	-63	386	171	1958	99
3071	-9244	4400	9354	-3414	1029	-1724	-605	-624	147	635	-50	404	182	1914	99
3127	-9216	4469	9339	-3486	1011	-1735	-608	-621	154	633	-57	414	171	1922	99
3166	-9249	4382	9376	-3372	1037	-1720	-567	-624	145	637	-46	405	180	1796	99
3192	-9260	4352	9387	-3334	1045	-1715	-555	-626	142	638	-42	310	173	1829	99
3205	-9206	4485	9342	-3490	1008	-1737	-587	-620	156	634	-58	316	151	1724	99
3227	-9237	4410	9378	-3391	1031	-1724	-551	-623	148	637	-48	286	137	1814	99
3248	-9197	4507	9346	-3503	1004	-1740	-571	-619	158	634	-59	331	153	1876	99
3261	-9170	4569	9324	-3575	987	-1750	-584	-617	164	632	-66	315	149	1868	99
3276	-9143	4629	9303	-3643	970	-1759	-595	-614	170	630	-73	409	181	1893	99
3319	-9060	4807	9238	-3845	920	-1786	-625	-606	187	623	-93	277	137	1805	99
3336	-9103	4717	9283	-3730	948	-1773	-589	-610	178	628	-81	320	133	1877	99
3358	-9103	4714	9289	-3719	950	-1772	-576	-610	178	628	-80	375	138	1835	99
3371	-9103	4714	9289	-3719	950	-1772	-576	-610	178	628	-80	266	165	1831	99
3392	-9106	4700	9301	-3693	955	-1769	-554	-610	177	630	-78	411	156	1777	99
3444	-9094	4718	9306	-3695	953	-1771	-527	-609	178	630	-78	246	171	1764	99
3493	-9037	4832	9270	-3814	921	-1787	-528	-604	190	627	-90	395	169	1934	99
3534	-9067	4757	9316	-3702	946	-1774	-470	-607	182	631	-79	392	138	1838	99
3595	-9040	4807	9310	-3740	935	-1780	-446	-604	187	630	-82	194	204	1731	99
3625	-9074	4730	9356	-3630	960	-1768	-396	-607	180	635	-71	263	209	1773	99
3696	-9055	4752	9374	-3615	960	-1769	-332	-605	182	637	-70	272	180	1739	99
3713	-9121	4592	9443	-3412	1007	-1742	-268	-612	166	644	-50	220	163	1698	99
3728	-9102	4632	9433	-3453	997	-1748	-266	-610	170	643	-54	275	162	1766	99
3810	-9127	4486	9568	-3147	1055	-1714	0	-612	156	656	-24	319	145	1906	99
3915	-9133	4476	9571	-3137	1058	-1713	0	-613	155	656	-23	268	171	1791	99
4081	-9165	4316	9684	2950	1114	-1678	214	-616	139	667	4	301	145	1855	99
4094	-9181	4259	9708	3029	1131	-1666	250	-618	133	670	12	309	136	1730	99
4141	-9076	4526	9650	-3046	1064	-1711	243	-607	160	664	-14	305	166	1750	99
4185	-9101	4426	9711	2918	1097	-1690	350	-610	150	670	1	210	188	1797	99
4241	-8957	4767	9633	-3231	1010	-1744	351	-596	183	662	-32	223	120	1773	99
4260	-8844	5011	9544	-3509	941	-1782	309	-585	207	654	-60	318	127	1797	99
4273	-8819	5056	9538	-3545	931	-1787	328	-582	212	653	-63	298	130	1864	99
4318	-8716	5260	9470	-3761	874	-1816	322	-572	232	646	-84	214	149	1646	99
4348	-8603	5458	9399	-3965	818	-1842	329	-561	251	639	-104	164	160	1760	99
4409	-8359	5862	9229	-4396	699	-1891	327	-537	291	623	-147	136	165	1694	99
4478	-8163	6145	9118	-4664	617	-1919	387	-518	319	612	-173	166	159	1702	99
4491	-8117	6212	9094	-4725	598	-1926	406	-513	326	609	-179	153	177	1651	99
4571	-7565	6629	8596	-5250	408	-1913	372	-459	367	560	-231	142	206	1677	99
4603	-7392	6832	8460	-5475	338	-1927	371	-442	387	547	-253	173	189	1747	99
4620	-7114	7132	8222	-5831	226	-1944	342	-414	416	523	-288	146	164	1676	99
4674	-6745	7490	7906	-6256	86	-1955	320	-378	451	492	-330	114	152	1603	99
4728	-6139	7996	7362	-6885	-131	-1953	268	-318	501	439	-392	140	274	1646	99
4741	-6139	7996	7362	-6885	-131	-1953	268	-318	501	439	-392	115	282	1653	99
4816	-5763	8255	6987	-7256	297	-1307	3950	-258	249	368	-98	109	307	1620	99
4827	-5763	8256	6987	-7256	-263	-1939	184	-281	527	402	-428	110	253	1624	99
4877	-5765	8258	6989	-7258	-263	-1940	183	-282	527	402	-429	101	179	1606	99
4952	-3768	9200	5045	-8658	-863	-1754	0	-85	620	211	-566	130	274	1649	99
4982	-3347	9323	4641	-8857	-972	-1696	0	-44	632	171	-586	121	500	1628	99
5004	-3013	9403	4316	-8999	-1056	-1644	0	-11	640	139	-600	135	323	1624	99
5055	3215	9439	3795	-9225	-1172	-1565	-174	31	643	88	-622	98	384	1576	99
5177	4879	9398	-3819	-9649	-1540	-1204	-385	194	639	-90	-664	165	314	1625	99
5216	5573	9223	-4625	-9698	-1671	-1015	-507	263	622	-169	-669	184	299	1618	99
5237	5605	9220	-4650	-9692	-1676	-1007	-492	266	622	-172	-668	134	399	1601	99
5272	5913	9118	-4999	-9675	-1727	-917	-520	296	612	-206	-666	135	316	1576	99
5328	6351	8934	-5504	-9614	-1794	-778	-560	339	593	-256	-660	149	284	1621	99
5358	6462	8896	-5610	-9583	-1808	-745	-532	350	590	-266	-657	157	286	1597	99
5416	6733	8779	-5892	-9505	-1842	-658	-497	377	578	-294	-650	123	276	1560	99
5455	6791	8772	-5924	-9479	-1848	-644	-444	383	578	-297	-647	223	319	1617	99
5477	6852	8758	-5964	-9447	-1853	-627	-395	389	576	-301	-644	221	367	1569	99
5490	6872	8766	-5963	-9437	-1855	-624	-359	390	577	-301	-643	173	313	1568	99
5511	6872	8766	-5963	-9437	-1855	-624	-359	390	577	-301	-643	260	354	1558	99
5576	6770	8622	-5825	-9205	-1796	-608	-236	381	563	-287	-620	161	262	1621	99
5636	6581	8580	-5517	-8984	-1723	-636	0	362	559	-257	-598	177	351	1609	99
5683	6497	8374	-5473	-8773	-1671	-602	0	354	538	-253	-578	138	275	1653	99
5719	6459	8395	-5431	-8785	-1667	-615	0	350	540	-249	-579	173	311	1558	99
5795	6422	8529	-5224	-8737	-1652	-654	272	346	554	-228	-574	120	189	1583	99
5814	6414	8544	-5197	-8732	-1649	-659	302	345	555	-226	-574	100	175	1617	99
5835	6354	8598	-5097	-8737	-1640	-685	356	339	560	-216	-574	117	192	1613	99
5886	6318	8404	-5057	-8497	-1591	-643	437	336	541	-212	-550	203	310	1599	99
5905	6139	8027	-4919	-8072	-1484	-586	495	318	504	-198	-509	139	203	1584	99
5948	6084	7573	-4934	-7609	-1393	-484	534	313	460	-200	-463	124	154	1583	99
6009	5988	7426	-4805	-7381	-1336	-467	650	303	445	-187	-441	94	217	1584	99
6085	5812	6513	-4772	-6443	-1139	-276	719	286	355	-184	-348	82	114	1579	99
6120	5684	6063	-4715	-5974	-1034	-190	751	274	311	-178	-302	100	127	1585	99
6133	5600	5874	-4623	-5727	-975	-160	837	265	292	-169	-278	141	150	1568	99
6176	5460	5016	-4644	-4883	-802	23	852	252	208	-171	-195	100	107	1567	99
6189	5384	4719	-4619	-4580	-735	81	865	244	179	-169	-165	119	112	1590	99
6204	5384	4719	-4619	-4580	-735	81	865	244	179	-169	-165	92	91	1575	99
6225	5175	4059	-4498	-3869	-572	203	942	223	114	-157	-95	91	112	1573	99
6238	4997	3682	-4407	-3497	-475	259	911	206	76	-148	-58	102	89	1583	99
6260	3220	2956	3089	3377	27	64	972	31	5	18	47	82	71	1557	99
6273	3220	2956	3089	3377	27	64	972	31	5	18	47	64	63	1548	99
6303	3261	-3030	3016	3551	51	119	982	35	-12	11	64	70	100	1560	99
6316	3318	-3098	2978	3644	57	149	1048	41	-19	7	73	62	141	1588	99
6329	3321	-3203	2940	3726	71	176	1021	41	-29	3	81	70	136	1570	99
6391	3305	-3637	-2981	4077	136	279	921	39	-72	-8	115	65	125	1550	99
6471	3317	-4145	-3115	4529	213	408	883	41	-122	-21	160	56	104	1560	99
6489	3309	-4251	-3135	4622	231	432	870	40	-132	-23	169	48	101	1553	99
6501	3310	-4353	-3160	4713	247	458	862	40	-143	-25	178	48	126	1583	99
6523	3310	-4353	-3160	4713	247	458	862	40	-143	-25	178	74	136	1557	99
6536	3274	-4470	-3165	4810	271	479	827	36	-154	-26	188	60	104	1546	99
6550	3281	-4569	-3192	4901	285	505	827	37	-164	-28	197	78	121	1569	99
6594	3291	-4872	-3267	5180	333	583	820	38	-194	-36	224	43	102	1540	99
6628	3237	-5096	-3279	5375	377	627	776	33	-216	-37	243	84	145	1571	99
6667	3205	-5410	-3324	5660	433	698	748	30	-247	-41	271	47	92	1581	99
6689	3191	-5515	-3335	5757	452	721	740	28	-257	-42	281	52	99	1549	99
6702	3152	-5630	-3331	5857	477	741	715	24	-268	-42	291	55	101	1579	99
6733	3077	-5854	-3320	6059	526	781	676	17	-290	-41	310	42	84	1531	99
6782	3026	-6072	-3323	6261	570	824	653	12	-312	-41	330	42	142	1532	99
6878	-2968	-6824	-3317	6958	728	969	572	-6	-386	-41	399	78	170	1539	99
6901	-3035	-6940	-3285	7065	759	984	546	-13	-397	-37	409	73	167	1565	99
6924	-2913	-7114	-3418	7235	767	1054	596	-1	-414	-51	426	65	141	1560	99
6990	2987	-7489	-3578	7590	812	1169	633	8	-451	-66	461	89	168	1583	99
7059	3201	-7836	-3830	7915	832	1301	701	29	-485	-91	493	66	259	1573	99
7098	3232	-8028	-3898	8093	857	1356	705	32	-504	-98	511	82	281	1589	99
7120	3089	-8269	-3824	8319	923	1385	658	18	-528	-91	533	95	212	1608	99
7133	3089	-8269	-3824	8319	923	1385	658	18	-528	-91	533	82	217	1579	99
7148	3090	-8370	-3848	8412	939	1410	654	18	-538	-93	542	50	350	1543	99
7178	2964	-8607	-3787	8635	1001	1442	613	6	-561	-87	564	85	330	1584	99
7258	-3153	-9181	-3629	9179	1153	1517	516	-24	-618	-71	618	112	281	1597	99
7297	-3225	-9400	-3612	9386	1202	1556	493	-32	-639	-70	638	68	522	1584	99
7310	-3115	-9478	-3724	9455	1195	1599	522	-21	-647	-81	645	88	425	1582	99
7338	-3170	-9531	-3689	9504	1213	1601	501	-26	-652	-77	650	109	438	1607	99
7372	-3070	-9513	-3779	9477	1191	1617	518	-16	-650	-86	647	112	483	1599	99
7385	-2968	-9491	-3867	9450	1168	1634	541	-6	-648	-95	644	103	375	1578	99
7444	3298	-9379	-4267	9314	1061	1706	644	39	-637	-134	631	101	459	1584	99
7457	3371	-9360	-4330	9290	1044	1717	658	46	-635	-140	628	105	371	1567	99
7478	3436	-9341	-4386	9267	1029	1726	671	52	-634	-146	626	112	318	1546	99
7500	3419	-9348	-4376	9270	1032	1724	660	51	-634	-145	627	137	316	1578	99
7525	3454	-9338	-4408	9256	1024	1729	664	54	-633	-148	625	134	289	1580	99
7540	3401	-9355	-4367	9271	1036	1722	644	49	-635	-144	627	118	423	1565	99
7565	3298	-9391	-4289	9302	1059	1709	606	39	-638	-136	630	83	564	1608	99
7600	3106	-9447	-4136	9355	1103	1681	545	20	-644	-121	635	104	387	1567	99
7619	-2965	-9515	-3912	9427	1163	1640	468	-6	-651	-99	642	132	414	1606	99
7632	-3100	-9546	-3802	9458	1193	1618	427	-19	-654	-88	645	135	458	1591	99
7654	-3267	-9584	-3670	9491	1228	1592	368	-36	-657	-75	648	136	463	1625	99
7675	-3273	-9586	-3669	9490	1229	1591	361	-36	-658	-75	648	114	474	1604	99
7742	-3698	-9668	-3323	9567	1317	1520	223	-78	-666	-41	656	120	399	1584	99
7773	-3738	-9677	-3296	9570	1325	1513	200	-82	-667	-38	656	131	359	1619	99
7829	-3782	-9688	-3271	9570	1333	1507	168	-86	-668	-36	656	145	378	1589	99
7883	-3456	-9652	-3571	9499	1263	1567	215	-54	-664	-66	649	134	402	1605	99
7896	-3323	-9632	-3691	9466	1233	1590	236	-41	-662	-77	646	123	461	1579	99
7941	-3245	-9624	-3776	9437	1214	1605	224	-33	-661	-86	643	143	415	1638	99
7984	-3133	-9603	-3875	9407	1189	1624	245	-22	-659	-96	640	87	445	1565	99
7997	-3191	-9618	-3831	9418	1202	1615	221	-28	-661	-91	641	102	458	1601	99
8019	3036	-9524	-4205	9295	1104	1683	305	13	-652	-128	629	77	427	1568	99
8045	3198	-9486	-4355	9236	1065	1708	320	29	-648	-143	623	98	381	1571	99
8081	3278	-9470	-4437	9200	1045	1721	312	37	-646	-151	620	124	416	1594	99
8116	3647	-9359	-4754	9065	956	1772	383	73	-635	-182	606	101	300	1574	99
8129	3852	-9290	-4930	8982	905	1799	420	93	-628	-199	598	140	303	1622	99
8172	3709	-9351	-4839	9018	937	1783	339	79	-634	-190	602	115	318	1591	99
8237	3777	-9338	-4925	8972	916	1794	304	86	-633	-199	597	124	318	1647	99
8255	3777	-9338	-4925	8972	916	1794	304	86	-633	-199	597	89	340	1600	99
8298	3623	-9403	-4825	9010	950	1776	217	71	-640	-189	601	111	393	1651	99
8377	3321	-9533	-4656	9060	1012	1742	0	41	-652	-172	606	108	345	1617	99
8390	3307	-9537	-4643	9066	1016	1740	0	40	-653	-171	606	114	360	1637	99
8452	3143	-9578	-4484	9138	1058	1716	0	23	-657	-155	614	98	424	1584	99
8482	3119	-9613	-4541	9087	1053	1718	-144	21	-660	-161	609	140	431	1634	99
8495	2960	-9663	-4422	9128	1088	1696	-206	5	-665	-149	613	156	419	1650	99
8521	3031	-9654	-4506	9089	1069	1709	-233	12	-664	-158	609	132	357	1637	99
8534	3031	-9654	-4506	9089	1069	1709	-233	12	-664	-158	609	140	387	1661	99
8555	-3150	-9766	-4216	9180	1152	1654	-381	-24	-675	-129	618	110	355	1612	99
8603	-3389	-9639	-4020	9021	1166	1570	-523	-48	-663	-110	602	125	393	1612	99
8657	-3376	-9860	-4128	9168	1190	1627	-620	-46	-685	-120	616	107	480	1622	99
8679	-3529	-9899	-4015	9193	1222	1603	-688	-62	-688	-109	619	95	440	1625	99
8692	-3529	-9899	-4015	9193	1222	1603	-688	-62	-688	-109	619	125	398	1614	99
8715	-3306	-9860	-4222	9128	1171	1641	-663	-40	-685	-130	613	117	350	1587	99
8728	-3562	-9920	-4020	9180	1225	1601	-753	-65	-691	-110	618	130	305	1611	99
8750	-3343	-9889	-4238	9106	1173	1640	-755	-43	-687	-131	610	130	411	1617	99
8771	-3200	-9863	-4374	9059	1140	1664	-745	-29	-685	-145	606	125	411	1656	99
8784	-3342	-9904	-4271	9086	1170	1643	-810	-43	-689	-134	608	108	372	1581	99
8823	3042	-9770	-4812	8877	1029	1734	-755	14	-676	-188	588	131	433	1643	99
8863	3238	-9723	-5008	8787	979	1764	-765	33	-671	-207	579	120	421	1620	99
8876	3515	-9631	-5253	8668	909	1800	-728	60	-662	-231	567	112	360	1616	99
8897	3690	-9573	-5411	8587	864	1823	-712	77	-656	-247	559	109	265	1600	99
8919	4003	-9458	-5704	8422	779	1861	-704	108	-645	-275	543	144	292	1657	99
8962	4257	-9357	-5939	8279	709	1889	-699	133	-635	-299	529	140	329	1653	99
9033	4708	-9152	-6365	7988	579	1933	-712	177	-615	-341	500	82	291	1579	99
9089	5160	-8912	-6793	7654	440	1969	-742	222	-591	-383	467	101	299	1617	99
9143	5470	-8730	-7087	7404	341	1989	-768	252	-573	-412	443	98	194	1632	99
9165	5610	-8643	-7229	7273	293	1997	-801	266	-565	-426	430	112	186	1606	99
9232	5939	-8416	-7524	6990	185	2010	-809	299	-543	-455	402	148	238	1685	99
9271	6169	-8246	-7747	6757	103	2016	-852	321	-526	-477	379	101	216	1611	99
9283	6172	-8249	-7763	6743	100	2017	-878	322	-526	-478	378	106	227	1628	99
9305	6172	-8249	-7763	6743	100	2017	-878	322	-526	-478	378	143	229	1624	99
9320	6357	-8100	-7921	6569	37	2019	-874	340	-511	-494	361	200	300	1829	99
9341	6839	-7672	-8285	6117	-127	2015	-795	387	-469	-530	316	168	268	1703	99
9372	6676	-7825	-8200	6234	-78	2018	-893	371	-484	-521	328	195	269	1789	99
9445	7165	-7349	-8598	5695	-259	2003	-882	419	-437	-560	275	162	181	1701	99
9484	7266	-7242	-8720	5527	-306	1997	-960	429	-427	-572	258	217	246	1689	99
9497	7532	-6941	-8903	5223	-407	1978	-905	455	-397	-590	228	199	200	1802	99
9519	7532	-6941	-8903	5223	-407	1978	-906	455	-397	-590	228	239	197	1844	99
9562	7532	-6941	-8903	5223	-407	1978	-905	455	-397	-590	228	166	172	1733	99
9601	7532	-6941	-8903	5223	-407	1978	-906	455	-397	-590	228	157	150	1764	99
9645	7532	-6941	-8903	5223	-407	1978	-905	455	-397	-590	228	153	147	1725	99
9690	8118	-6178	-9308	4435	-650	1913	-829	513	-322	-630	151	128	126	1636	99
9709	8383	-5770	-9475	4023	-769	1868	-787	539	-282	-647	110	118	114	1617	99
9730	8546	-5496	-9568	3754	-845	1835	-752	555	-255	-656	84	159	153	1705	99
9743	8688	-5244	-9641	3514	-913	1802	-711	569	-230	-663	60	193	141	1697	99
9765	8757	-5104	-9683	3369	-951	1782	-710	576	-217	-667	46	354	134	1791	99
9786	8916	-4781	-9755	3062	-1033	1736	-662	592	-185	-674	16	253	181	1808	99
9799	9121	-4313	-9839	-3181	-1147	1663	-600	612	-139	-683	-27	229	205	1782	99
9834	9293	-3837	-9889	-3628	-1257	1582	-542	629	-92	-687	-71	285	175	1950	99
9914	9639	3392	-9852	-4922	-1546	1301	-344	663	48	-684	-199	330	154	1837	99
9976	9722	4311	-9678	-5715	-1701	1091	-198	671	138	-667	-277	334	172	1680	99
10032	9463	5388	-9095	-6555	-1803	770	0	646	244	-609	-359	361	187	1728	99
10088	8999	6367	-8346	-7289	-1851	429	154	600	341	-536	-432	273	183	1729	99
10160	8435	7071	-7562	-7760	-1834	135	283	544	410	-458	-478	194	212	1659	99
10214	8071	7588	-7060	-8141	-1838	-69	338	509	461	-409	-515	220	248	1655	99
10235	7735	7645	-6684	-8101	-1771	-154	379	475	467	-372	-512	185	264	1642	99
10283	6909	7799	-5777	-8042	-1615	-367	444	394	482	-283	-506	169	247	1640	99
10339	5616	7775	-4422	-7712	-1328	-634	523	267	479	-149	-473	120	194	1549	99
10410	4206	7221	-3065	-6873	-931	-794	581	128	425	-16	-391	73	239	1547	99
10466	3098	6530	3741	-5984	-579	-856	609	19	357	82	-303	55	149	1743	99
10490	-3319	5932	4269	-5276	-345	-837	644	-41	298	134	-233	76	123	1647	99
10503	-3513	5629	4400	-4959	-255	-803	632	-60	268	147	-202	104	165	1606	99
10524	-3690	5298	4488	-4643	-168	-759	582	-77	236	156	-171	102	160	1612	99
10546	-3894	5154	4647	-4490	-105	-766	543	-97	221	172	-156	94	123	1590	99
10559	-3959	4868	4642	-4225	-46	-709	516	-104	193	171	-130	75	102	1602	99
10581	-4022	4568	4639	-3939	14	-648	501	-110	164	171	-102	68	97	1562	99
10595	-4141	4444	4710	-3828	55	-643	453	-122	152	178	-91	68	96	1575	99
10617	-4268	4305	4808	-3677	104	-635	445	-134	138	187	-76	79	94	1622	99
10630	-4367	4181	4871	-3556	143	-625	419	-144	126	194	-64	80	89	1638	99
10651	-4941	4443	5493	-3706	217	-812	390	-200	151	255	-79	80	99	1656	99
10664	-4941	4443	5493	-3706	217	-812	390	-200	151	255	-79	92	117	1654	99
10703	-5051	3884	5495	-3156	334	-697	392	-211	96	255	-25	90	89	1586	99
10720	-5093	3808	5503	-3099	351	-687	355	-215	89	256	-19	108	99	1626	99
10735	-5142	3704	5543	-2978	382	-671	377	-220	79	260	-7	95	87	1626	99
10756	-5201	3551	5574	2978	420	-645	378	-226	64	263	7	79	80	1608	99
10795	-5302	3231	5618	3307	495	-587	390	-236	32	267	40	136	110	1607	99
10808	-5329	3106	5630	3441	524	-561	408	-239	20	268	53	141	99	1634	99
10829	-5348	2948	5638	3617	558	-525	447	-240	4	269	70	115	74	1622	99
10842	-5365	2916	5627	3625	563	-521	404	-242	1	268	71	96	95	1619	99
10857	-5377	-2973	5619	3708	580	-502	399	-243	-7	267	79	96	86	1617	99
10896	-5399	-3023	5590	3712	584	-495	320	-246	-12	264	79	83	97	1597	99
10930	-5426	-3022	5565	3654	579	-502	218	-248	-12	262	74	132	107	1664	99
10948	-5438	-2964	5546	3552	563	-519	137	-249	-6	260	64	110	151	1641	99
10982	-5482	-3036	5505	3544	569	-513	0	-254	-13	256	63	101	129	1672	99
10999	-5471	-2983	5506	3492	558	-524	0	-253	-8	256	58	99	126	1662	99
11012	-5458	-2903	5508	3415	542	-541	0	-251	0	256	50	89	130	1666	99
11055	-5464	3034	5452	3181	502	-578	-171	-252	13	251	27	93	89	1592	99
11072	-5469	3055	5438	3135	495	-585	-217	-252	15	249	23	82	73	1583	99
11085	-5461	3114	5418	3048	478	-598	-264	-252	21	247	14	85	79	1577	99
11128	-5455	3172	5389	2953	460	-612	-328	-251	26	245	5	94	106	1672	99
11145	-5455	3172	5389	2953	460	-612	-328	-251	26	245	5	105	138	1692	99
11158	-5444	3213	5383	2909	450	-620	-334	-250	30	244	0	100	117	1620	99
11171	-5421	3308	5342	-3027	422	-640	-404	-248	40	240	-12	88	83	1584	99
11193	-5406	3357	5318	-3097	407	-649	-439	-246	44	238	-19	91	85	1571	99
11206	-5411	3347	5320	-3090	409	-648	-443	-247	44	238	-18	92	105	1577	99
11221	-5401	3386	5301	-3147	31	10	910	-45	44	63	14	148	116	1604	99
11245	-5383	3435	5270	-3223	381	-664	-517	-244	52	233	-31	107	109	1628	99
11258	-5372	3470	5255	-3272	370	-671	-539	-243	56	231	-36	104	126	1660	99
11273	-5354	3513	5229	-3335	356	-678	-569	-241	60	229	-42	101	101	1624	99
11294	-5326	3587	5185	-3445	331	-692	-627	-238	67	224	-53	69	78	1607	99
11333	-5300	3646	5143	-3539	310	-702	-680	-236	73	220	-62	95	120	1643	99
11346	-5296	3652	5131	-3556	307	-702	-698	-235	74	219	-64	99	127	1633	99
11368	-5296	3661	5126	-3571	304	-704	-709	-235	74	219	-66	88	120	1623	99
11385	-5299	3651	5128	-3561	306	-703	-709	-236	73	219	-65	85	104	1604	99
11411	-5295	3661	5127	-3571	304	-704	-708	-235	74	219	-66	89	110	1634	99
11424	-5290	3670	5113	-3592	299	-706	-727	-235	75	217	-68	96	112	1635	99
11445	-5293	3670	5113	-3594	299	-706	-733	-235	75	217	-68	85	111	1594	99
11480	-5278	3698	5092	-3639	289	-711	-756	-234	78	215	-72	70	87	1566	99
11493	-5278	3698	5092	-3639	289	-711	-756	-234	78	215	-72	87	123	1587	99
11506	-5260	3736	5060	-3702	274	-716	-795	-232	82	212	-78	107	98	1632	99
11527	-5259	3738	5061	-3701	274	-717	-791	-232	82	212	-78	84	74	1577	99
11540	-5253	3749	5051	-3720	270	-718	-803	-231	83	211	-80	78	73	1564	99
11555	-5242	3769	5031	-3757	-3	-29	830	-11	26	39	4	70	66	1566	99
11579	-5241	3770	5031	-3757	262	-721	-827	-230	85	209	-84	85	75	1587	99
11618	-5225	3807	4994	-3828	246	-728	-881	-228	89	206	-91	82	81	1563	99
11631	-5225	3807	4994	-3828	246	-728	-881	-228	89	206	-91	80	85	1550	99
11644	-5229	3800	4998	-3819	248	-727	-878	-229	88	206	-90	73	82	1564	99
11659	-5229	3800	4998	-3819	248	-727	-878	-229	88	206	-90	123	97	1615	99
11672	-5216	3818	4989	-3838	243	-728	-877	-227	90	205	-92	130	85	1602	99
11697	-5223	3811	4996	-3828	246	-728	-875	-228	89	206	-91	116	111	1586	99
11710	-5217	3820	4988	-3843	242	-729	-882	-228	90	205	-92	142	99	1582	99
11732	-5210	3827	4981	-3853	239	-730	-885	-227	91	204	-93	133	97	1564	99
11766	-5170	3889	4937	-3936	217	-737	-914	-223	97	200	-102	97	85	1610	99
11797	-5172	3886	4941	-3929	219	-736	-908	-223	97	200	-101	112	120	1572	99
11835	-5150	3919	4913	-3981	206	-740	-933	-221	100	198	-106	99	90	1598	99
11865	-5147	3921	4914	-3978	206	-740	-925	-221	100	198	-106	123	103	1604	99
11891	-5147	3922	4914	-3979	206	-740	-925	-221	100	198	-106	146	91	1582	99
11925	-5130	3950	4893	-4019	195	-744	-943	-219	103	196	-110	156	119	1622	99
11938	-5132	3946	4897	-4013	197	-743	-938	-219	103	196	-109	129	122	1630	99
11959	-5131	3949	4892	-4020	195	-744	-946	-219	103	196	-110	106	92	1593	99
11980	-5138	3937	4906	-3998	201	-742	-930	-220	102	197	-108	144	105	1628	99
12034	-5175	3887	4937	-3939	218	-738	-922	-223	97	200	-102	120	122	1642	99
12064	-5163	3910	4917	-3978	209	-741	-947	-222	99	198	-106	100	85	1600	99
12077	-5166	3905	4923	-3969	211	-740	-940	-223	98	199	-105	125	78	1591	99
12103	-5158	3915	4917	-3979	208	-741	-939	-222	99	198	-106	90	90	1587	99
12116	-5158	3913	4916	-3979	208	-741	-942	-222	99	198	-106	105	127	1622	99
12137	-5151	3927	4909	-3996	203	-743	-946	-221	101	197	-107	70	83	1604	99
12212	-5088	4011	4848	-4103	173	-750	-971	-215	109	191	-118	82	92	1606	99
12251	-5066	4036	4831	-4131	165	-752	-972	-213	111	190	-121	97	107	1584	99
12264	-5061	4043	4829	-4136	163	-753	-967	-212	112	189	-121	121	101	1574	99
12286	-5024	4088	4797	-4189	147	-756	-973	-209	116	186	-126	77	95	1567	99
12320	-4992	4124	4765	-4238	133	-759	-987	-206	120	183	-131	72	86	1568	99
12333	-4997	4120	4775	-4227	135	-759	-977	-206	120	184	-130	81	84	1568	99
12355	-4987	4132	4773	-4233	133	-759	-964	-205	121	184	-131	83	82	1566	99
12394	-4940	4182	4723	-4303	112	-762	-987	-200	126	179	-138	63	76	1583	99
12407	-4920	4203	4713	-4320	105	-763	-975	-198	128	178	-139	83	93	1582	99
12428	-4908	4216	4707	-4330	101	-763	-969	-197	129	177	-140	57	89	1574	99
12458	-4921	4204	4730	-4302	109	-763	-945	-198	128	180	-138	105	96	1569	99
12493	-4878	4248	4696	-4351	92	-765	-944	-194	132	176	-142	69	79	1567	99
12534	-4841	4287	4667	-4393	78	-767	-941	-191	136	173	-147	72	79	1580	99
12553	-4834	4294	4670	-4392	78	-767	-925	-190	137	174	-146	76	83	1579	99
12566	-4789	4339	4629	-4447	60	-769	-932	-185	141	170	-152	87	126	1595	99
12580	-4788	4337	4621	-4454	59	-768	-945	-185	141	169	-152	148	152	1635	99
12602	-4786	4339	4631	-4442	60	-768	-923	-185	141	170	-151	122	129	1618	99
12651	-5303	3449	4980	-3501	318	-655	-923	-236	54	204	-59	110	139	1632	99
12670	-5390	3484	5076	-3517	330	-683	-923	-245	57	214	-60	82	123	1609	99
12683	-5477	3521	5171	-3536	342	-710	-925	-253	61	223	-62	80	125	1600	99
12745	-5823	3668	5550	-3608	390	-820	-931	-287	75	260	-69	75	105	1579	99
12758	-5914	3693	5654	-3605	407	-846	-918	-296	78	271	-69	78	83	1574	99
12780	-5980	3774	5720	-3690	404	-880	-953	-303	86	277	-77	64	85	1559	99
12803	-6156	3848	5915	-3724	429	-936	-952	-320	93	296	-81	101	128	1630	99
12822	-6246	3877	6015	-3730	444	-962	-947	-329	96	306	-81	91	104	1593	99
12835	-6246	3877	6015	-3730	444	-962	-947	-329	96	306	-81	174	99	1605	99
12878	-6433	4127	6213	-3977	433	-1065	-1027	-347	120	326	-106	149	113	1602	99
12896	-6484	4225	6268	-4081	424	-1101	-1062	-352	130	331	-116	201	125	1632	99
12917	-6569	4263	6365	-4097	436	-1128	-1057	-361	134	341	-117	147	130	1600	99
12952	-6702	4406	6507	-4229	436	-1192	-1097	-374	148	355	-130	197	136	1664	99
12971	-6875	4477	6708	-4250	463	-1246	-1078	-391	155	374	-132	197	162	1673	99
12993	-6903	4615	6739	-4403	441	-1287	-1126	-394	168	377	-148	178	171	1704	99
13027	-7039	4745	6897	-4507	446	-1349	-1139	-407	181	393	-158	114	144	1632	99
13046	-7123	4951	6997	-4715	425	-1418	-1191	-415	201	403	-178	103	112	1584	99
13072	-7191	5015	7077	-4765	428	-1449	-1196	-422	208	411	-183	140	178	1625	99
13085	-7248	5094	7144	-4836	425	-1481	-1208	-428	216	417	-190	137	154	1636	99
13106	-7303	5176	7209	-4910	422	-1513	-1223	-433	224	424	-197	113	125	1591	99
13128	-7362	5257	7281	-4980	420	-1546	-1232	-439	232	431	-204	139	126	1653	99
13158	-7469	5422	7410	-5129	413	-1610	-1256	-449	248	443	-219	183	187	1695	99
13192	-7547	5622	7510	-5326	392	-1676	-1294	-457	268	453	-238	190	165	1673	99
13205	-7641	5651	7618	-5326	408	-1703	-1282	-466	270	464	-238	193	170	1661	99
13233	-7605	5991	7603	-5709	334	-1782	-1372	-463	304	462	-276	166	189	1700	99
13245	-7671	6055	7682	-5757	337	-1811	-1374	-469	310	470	-281	163	194	1664	99
13271	-7689	6174	7714	-5878	319	-1845	-1394	-471	322	473	-293	195	211	1705	99
13293	-7717	6418	7768	-6128	280	-1912	-1437	-474	346	479	-317	164	164	1653	99
13306	-7640	6633	7701	-6383	221	-1950	-1498	-466	367	472	-342	285	168	1654	99
13327	-7700	6703	7775	-6437	222	-1980	-1499	-472	374	479	-348	230	170	1671	99
13349	-7700	6703	7775	-6437	222	-1980	-1499	-472	374	479	-348	180	163	1640	99
13383	-7554	7021	7646	-6818	129	-2030	-1584	-458	405	467	-385	164	182	1654	99
13418	-7416	7152	7509	-6996	74	-2034	-1628	-444	418	453	-403	257	262	1701	99
13443	-7266	7282	7356	-7180	15	-2035	-1679	-429	431	438	-421	231	275	1730	99
13456	-7169	7364	7256	-7295	-22	-2035	-1710	-420	439	428	-432	196	217	1678	99
13478	-7009	7492	7093	-7478	-82	-2033	-1759	-404	451	412	-450	204	262	1674	99
13491	-6908	7569	6989	-7590	-120	-2032	-1791	-394	459	402	-461	175	244	1647	99
13512	-6913	7565	6996	-7583	-118	-2032	-1786	-395	459	403	-460	198	285	1620	99
13534	-6785	7659	6865	-7720	-164	-2029	-1823	-382	468	390	-474	172	212	1659	99
13547	-6785	7659	6865	-7720	-164	-2029	-1823	-382	468	390	-474	178	240	1694	99
13569	-6569	7813	6644	-7946	-242	-2022	-1885	-361	483	368	-496	168	236	1642	99
13590	-6569	7813	6644	-7946	-242	-2022	-1885	-361	483	368	-496	140	203	1647	99
13603	-6588	7801	6666	-7925	-235	-2023	-1876	-363	482	370	-494	146	217	1652	99
13625	-6535	7838	6615	-7974	-253	-2021	-1882	-357	486	365	-499	171	226	1642	99
13646	-6482	7873	6563	-8023	-272	-2018	-1891	-352	489	360	-504	203	256	1746	99
13659	-6461	7887	6543	-8043	-279	-2017	-1896	-350	490	358	-506	202	272	1725	99
13707	-6365	7949	6450	-8130	-311	-2013	-1910	-341	497	349	-514	234	404	1571	99
13728	-6367	7952	6452	-8132	-311	-2014	-1911	-341	497	349	-515	202	304	1640	99
13741	-6422	7919	6516	-8072	-291	-2017	-1882	-346	494	355	-509	197	294	1680	99
13801	-6440	7909	6546	-8045	-283	-2018	-1857	-348	493	358	-506	193	295	1707	99
13836	-6361	7960	6466	-8119	-310	-2014	-1875	-340	498	350	-513	210	279	1742	99
13857	-6400	7937	6515	-8073	-295	-2016	-1848	-344	495	355	-509	166	234	1682	99
13879	-6406	7938	6525	-8068	-293	-2018	-1841	-345	495	356	-508	156	229	1644	99
13892	-6433	7921	6557	-8038	-283	-2019	-1826	-347	494	360	-505	140	199	1638	99
13915	-6406	7940	6537	-8056	-291	-2018	-1818	-345	496	358	-507	179	240	1712	99
13928	-6406	7940	6537	-8056	-291	-2018	-1818	-345	496	358	-507	165	275	1649	99
13951	-6354	7974	6489	-8101	-308	-2016	-1821	-339	499	353	-511	144	219	1624	99
13964	-6380	7959	6522	-8071	-298	-2017	-1804	-342	497	356	-508	150	341	1601	99
13986	-6332	7989	6475	-8114	-314	-2015	-1813	-337	500	351	-513	695	688	2212	99
14030	-6356	7981	6515	-8081	-304	-2017	-1779	-340	500	355	-509	224	303	1694	99
14087	-6114	8128	6270	-8301	-385	-2003	-1833	-316	514	331	-531	162	240	1664	99
14126	-6110	8132	6274	-8297	-385	-2003	-1818	-315	515	332	-531	155	251	1653	99
14147	-6162	8108	6341	-8241	-367	-2008	-1781	-321	512	338	-525	148	235	1646	99
14160	-6159	8111	6344	-8238	-367	-2008	-1771	-320	512	339	-525	145	206	1654	99
14216	-6063	8171	6259	-8312	-397	-2002	-1769	-311	518	330	-532	155	296	1576	99
14291	-6127	8144	6357	-8229	-371	-2008	-1696	-317	516	340	-524	165	398	1566	99
14343	-6126	8148	6376	-8211	-368	-2009	-1659	-317	516	342	-522	184	318	1665	99
14399	-6292	8056	6579	-8031	-306	-2020	-1561	-333	507	362	-505	166	238	1668	99
14440	-6225	8100	6521	-8083	-101	-689	130	-115	255	356	-510	115	231	1609	99
14460	-6250	8085	6555	-8052	-317	-2018	-1536	-329	510	359	-507	109	189	1602	99
14473	-6264	8078	6577	-8031	-311	-2019	-1517	-331	509	361	-505	115	214	1604	99
14544	-6354	8031	6710	-7910	-274	-2026	-1421	-340	505	375	-493	185	342	1650	99
14635	-6442	7979	6838	-7785	-237	-2030	-1326	-348	499	387	-480	108	205	1618	99
14680	-6526	7929	6944	-7685	-204	-2035	-1268	-356	495	398	-471	145	223	1661	99
14693	-6551	7913	6987	-7642	-192	-2036	-1229	-359	493	402	-466	151	222	1650	99
14714	-6570	7901	7014	-7614	-184	-2037	-1209	-361	492	404	-464	154	217	1666	99
14736	-6573	7904	7026	-7606	-182	-2038	-1192	-361	492	406	-463	158	208	1651	99
14759	-6513	7947	6971	-7662	-202	-2036	-1198	-355	496	400	-468	141	184	1644	99
14819	-6649	7855	7149	-7480	-146	-2041	-1088	-369	487	418	-450	189	239	1697	99
14849	-6597	7894	7109	-7521	-163	-2039	-1077	-363	491	414	-454	146	249	1654	99
14928	-6652	7862	7200	-7432	-137	-2042	-998	-369	488	423	-446	126	279	1620	99
14999	-6616	7899	7206	-7430	-143	-2043	-928	-365	492	423	-445	191	261	1690	99
15079	-6480	8001	7098	-7543	-187	-2039	-910	-352	502	413	-457	158	285	1657	99
15092	-6504	7985	7131	-7509	-177	-2040	-887	-354	500	416	-453	147	243	1672	99
15113	-6508	7984	7144	-7496	-174	-2040	-868	-355	500	417	-452	158	285	1660	99
15178	-6446	8038	7129	-7515	-188	-2040	-797	-349	505	416	-454	140	283	1655	99
15217	-6384	8084	7082	-7563	-208	-2038	-784	-342	510	411	-458	155	249	1611	99
15239	-6307	8139	7019	-7625	-232	-2036	-775	-335	515	405	-465	130	210	1620	99
15252	-6307	8139	7019	-7625	-232	-2036	-775	-335	515	405	-465	140	207	1626	99
15273	-6314	8141	7046	-7603	-227	-2037	-738	-336	515	408	-462	187	260	1666	99
15288	-6314	8141	7046	-7603	-227	-2037	-738	-336	515	408	-462	255	342	1808	99
15350	-6184	8233	6947	-7698	-267	-2032	-710	-323	524	398	-472	159	266	1678	99
15372	-6137	8265	6905	-7737	-282	-2030	-709	-318	528	394	-476	139	416	1633	99
15385	-6092	8296	6868	-7772	-296	-2028	-704	-314	531	390	-479	126	352	1627	99
15450	-5985	8375	6810	-7828	-325	-2025	-638	-303	538	384	-485	167	274	1656	99
15521	-5727	8538	6573	-8039	-408	-2011	-649	-278	554	361	-505	219	270	1743	99
15626	-5268	8792	6139	-8390	-551	-1977	-682	-233	579	318	-540	133	265	1641	99
15671	-4983	8929	5860	-8594	-637	-1951	-711	-205	593	291	-560	136	284	1622	99
15712	-4809	9009	5702	-8701	-686	-1934	-705	-187	601	275	-571	123	265	1631	99
15734	-4719	9047	5615	-8759	-713	-1925	-712	-179	605	267	-576	102	281	1644	99
15830	-4422	8972	5312	-8729	-760	-1843	-682	-149	597	237	-573	161	289	1664	99
15887	-4279	9032	5195	-8794	-797	-1827	-649	-135	603	225	-580	154	309	1639	99
15928	-4164	9078	5090	-8857	-828	-1814	-643	-124	608	215	-586	148	257	1648	99
15947	-4176	9079	5117	-8838	-822	-1817	-615	-125	608	218	-584	107	323	1644	99
15960	-4176	9079	5117	-8838	-822	-1817	-615	-125	608	218	-584	98	353	1631	99
16025	-4176	9079	5117	-8838	-822	-1817	-616	-125	608	218	-584	131	286	1606	99
16081	-4176	9083	5119	-8840	-823	-1818	-613	-125	608	218	-584	125	327	1639	99
16137	-3726	9254	4765	-9009	-932	-1764	-478	-81	625	183	-601	128	357	1611	99
16193	-3599	9296	4659	-9056	-963	-1747	-449	-68	629	173	-605	144	282	1659	99
16232	-3642	9301	4743	-9006	-946	-1756	-374	-73	630	181	-601	124	318	1579	99
16254	-3724	9285	4847	-8947	-921	-1769	-328	-81	628	191	-595	153	411	1669	99
16311	-3656	9316	4804	-8965	-937	-1762	-289	-74	631	187	-597	112	403	1611	99
16346	-3940	9249	5146	-8768	-852	-1804	-162	-102	624	221	-577	130	323	1617	99
16372	-3844	9285	5060	-8817	-877	-1793	-154	-92	628	212	-582	144	341	1663	99
16397	-3911	9292	5209	-8715	-847	-1807	0	-99	629	227	-572	118	457	1677	99
16410	-3911	9292	5209	-8715	-847	-1807	0	-99	629	227	-572	115	329	1651	99
16432	-4032	9251	5325	-8652	-815	-1823	0	-111	625	238	-566	100	357	1654	99
16526	-3951	9278	5248	-8694	-837	-1812	0	-103	627	231	-570	144	307	1619	99
16560	-4307	9178	5686	-8416	-725	-1861	184	-138	617	274	-542	110	380	1595	99
16579	-4105	9252	5480	-8544	-783	-1837	154	-118	625	253	-555	99	335	1593	99
16600	-4098	9257	5481	-8542	-784	-1836	168	-117	625	254	-555	102	349	1619	99
16658	-4154	9252	5576	-8479	-763	-1846	244	-123	625	263	-549	109	318	1635	99
16723	-4052	9294	5490	-8529	-790	-1835	261	-113	629	254	-554	88	399	1635	99
16742	-4090	9285	5542	-8494	-777	-1840	291	-117	628	260	-550	86	335	1588	99
16785	-4182	9256	5652	-8423	-748	-1852	333	-126	625	270	-543	89	306	1568	99
16824	-4162	9272	5653	-8420	-751	-1851	369	-124	627	271	-543	85	302	1535	99
16846	-4200	9261	5705	-8385	-738	-1856	398	-127	626	276	-539	106	253	1557	99
16898	-4001	9337	5504	-8512	-796	-1833	371	-108	633	256	-552	110	292	1579	99
16958	-4049	9325	5573	-8465	-779	-1840	415	-113	632	263	-547	95	435	1591	99
17010	-3977	9354	5503	-8509	-799	-1832	410	-106	635	256	-552	138	314	1623	99
17066	-3940	9369	5474	-8524	-808	-1828	421	-102	636	253	-553	135	338	1627	99
17101	-3742	9432	5266	-8645	-865	-1802	385	-82	642	232	-565	104	301	1575	99
17144	-3507	9502	5020	-8781	-930	-1770	347	-59	649	208	-578	127	369	1613	99
17204	-3397	9333	4876	-8642	-925	-1705	351	-48	633	194	-565	114	323	1594	99
17265	-3253	9366	4721	-8720	-964	-1683	322	-34	636	179	-572	99	266	1604	99
17332	-3031	8808	4356	-8270	-924	-1497	270	-12	581	143	-528	109	329	1615	99
17349	-2998	8618	4287	-8094	-899	-1443	275	-9	562	136	-511	99	222	1617	99
17371	2928	8429	4088	-7980	-901	-1370	213	2	544	116	-500	110	258	1608	99
17406	-2999	7802	4099	-7356	-769	-1240	226	-9	482	118	-438	102	204	1584	99
17432	3052	7442	3750	-7092	-767	-1098	187	15	447	83	-412	84	216	1559	99
17445	3052	7442	3750	-7092	-767	-1098	187	15	447	83	-412	64	181	1543	99
17466	-2905	7212	3871	-6837	-694	-1074	198	0	424	95	-387	61	153	1538	99
17510	-2923	-3165	2945	3242	64	62	144	-2	-26	4	33	59	138	1548	99
17523	-2923	-3165	2945	3242	64	62	144	-2	-26	4	33	73	138	1537	99
17536	-2946	-3266	2950	3344	86	83	147	-4	-36	4	43	71	111	1558	99
17579	-3100	-3612	2962	3610	160	134	0	-19	-70	6	69	63	112	1559	99
17609	-3180	-3813	3002	3815	211	168	0	-27	-89	10	90	51	93	1539	99
17651	-3268	-4121	3031	4123	281	226	0	-36	-120	12	120	53	90	1548	99
17687	-3300	-4327	3022	4324	322	271	0	-39	-140	12	140	49	90	1558	99
17730	-3350	-4532	3032	4526	366	311	0	-44	-160	13	160	66	109	1556	99
17743	-3371	-4634	3034	4627	388	332	0	-46	-170	13	169	80	114	1571	99
17756	-3389	-4736	3031	4727	408	354	0	-48	-180	12	179	66	107	1556	99
17784	-3363	-4897	3056	4970	447	401	159	-45	-196	15	203	72	116	1553	99
17823	-3303	-5082	2998	5179	473	460	236	-39	-214	9	224	58	116	1564	99
17845	-3274	-5174	2968	5282	486	490	272	-36	-223	6	234	64	89	1563	99
17858	-3250	-5370	2925	5486	518	544	311	-34	-243	2	254	48	95	1561	99
17872	-3250	-5370	2925	5486	518	544	311	-34	-243	2	254	59	84	1567	99
17885	-3246	-5467	2908	5585	535	570	325	-34	-252	0	264	56	81	1578	99
17900	-3332	-5583	2950	5685	568	580	281	-42	-264	5	274	75	113	1570	99
17913	-3278	-5672	2900	5783	575	614	324	-37	-272	0	283	79	113	1571	99
17961	-3200	-5955	-3003	6072	613	702	387	-29	-300	-10	312	50	133	1636	99
17979	-3200	-5955	-3003	6072	613	702	387	-29	-300	-10	312	58	115	1600	99
17993	-3214	-6056	-3009	6171	633	724	387	-30	-310	-10	322	37	158	1565	99
18015	-2992	-6206	-3205	6338	623	810	501	-9	-325	-30	338	68	143	1570	99
18032	-2976	-6302	-3236	6431	636	837	512	-7	-334	-33	347	62	109	1552	99
18045	-2984	-6403	-3248	6528	655	861	512	-8	-344	-34	357	62	116	1544	99
18060	-2975	-6501	-3273	6622	670	887	518	-7	-354	-36	366	67	122	1573	99
18073	-2975	-6501	-3273	6622	670	887	518	-7	-354	-36	366	70	124	1569	99
18117	3030	-6751	-3488	6870	677	994	605	12	-379	-57	390	68	185	1536	99
18160	3336	-6960	-3784	7074	659	1112	718	42	-399	-87	410	104	159	1535	99
18178	3627	-7060	-4048	7171	625	1199	817	71	-409	-113	420	97	149	1594	99
18199	3641	-7157	-4082	7259	638	1226	817	72	-419	-116	429	120	167	1623	99
18212	3641	-7157	-4082	7259	638	1226	817	72	-419	-116	429	99	152	1627	99
18234	3768	-7210	-4202	7308	624	1267	856	85	-424	-128	433	93	160	1578	99
18281	3954	-7444	-4412	7522	629	1366	907	103	-447	-148	455	90	193	1564	99
18305	4110	-7585	-4581	7645	624	1434	942	119	-461	-165	467	82	238	1597	99
18330	4128	-7783	-4643	7824	652	1487	935	120	-480	-171	484	109	257	1631	99
18349	4152	-7876	-4687	7906	662	1515	933	123	-489	-175	492	160	302	1627	99
18371	4203	-7958	-4750	7977	666	1547	942	128	-497	-182	499	113	212	1619	99
18431	4543	-8225	-5116	8200	645	1686	1007	161	-524	-218	521	105	265	1606	99
18470	4551	-8429	-5175	8381	676	1738	990	162	-544	-223	539	94	281	1597	99
18489	4655	-8486	-5282	8425	665	1775	1008	172	-549	-234	543	131	287	1599	99
18511	4747	-8547	-5381	8473	657	1809	1023	181	-555	-244	548	151	258	1618	99
18532	4787	-8738	-5465	8638	679	1865	1011	185	-574	-252	564	114	241	1637	99
18567	4809	-8798	-5503	8687	684	1885	1006	187	-580	-256	569	164	301	1632	99
18619	4891	-8765	-5577	8643	662	1894	1011	196	-577	-263	565	109	444	1597	99
18657	5009	-8709	-5676	8578	629	1905	1030	207	-571	-273	558	169	344	1655	99
18679	5007	-8711	-5678	8576	630	1906	1024	207	-572	-273	558	163	297	1644	99
18714	4719	-8855	-5462	8712	704	1879	930	179	-586	-252	572	155	270	1667	99
18727	4719	-8855	-5462	8712	704	1879	930	179	-586	-252	572	162	238	1663	99
18748	4877	-8782	-5593	8630	662	1895	960	194	-578	-265	563	159	250	1692	99
18770	4771	-8834	-5512	8680	689	1885	928	184	-584	-257	568	176	293	1707	99
18783	4815	-8814	-5552	8654	677	1890	930	188	-582	-261	566	174	261	1703	99
18804	4684	-8878	-5452	8715	711	1877	889	175	-588	-251	572	138	288	1622	99
18825	4615	-8912	-5405	8743	728	1871	859	168	-591	-246	575	137	262	1630	99
18860	4654	-8897	-5443	8718	717	1875	855	172	-590	-250	572	120	400	1614	99
18882	4570	-8943	-5387	8753	738	1868	815	164	-594	-244	576	104	368	1583	99
18916	4488	-8983	-5333	8783	758	1861	774	156	-598	-239	579	138	326	1637	99
18929	4488	-8983	-5333	8783	758	1861	774	156	-598	-239	579	126	327	1630	99
18963	4388	-9030	-5264	8821	782	1851	731	146	-603	-232	582	85	355	1553	99
19002	4253	-9093	-5170	8869	814	1837	669	133	-609	-223	587	139	272	1644	99
19027	4122	-9148	-5071	8920	846	1823	624	120	-615	-213	592	141	228	1623	99
19049	4159	-9135	-5106	8900	836	1827	624	123	-613	-217	590	133	242	1615	99
19083	4095	-9170	-5079	8910	849	1822	565	117	-617	-214	591	103	431	1593	99
19105	4095	-9170	-5079	8910	849	1822	565	117	-617	-214	591	96	347	1587	99
19157	3784	-9298	-4853	9014	923	1786	438	87	-629	-192	601	76	348	1516	99
19187	3758	-9309	-4839	9019	928	1784	420	84	-630	-190	602	113	282	1581	99
19205	3706	-9331	-4804	9033	940	1778	392	79	-633	-187	603	108	364	1641	99
19226	3764	-9314	-4859	9006	925	1786	394	85	-631	-192	601	114	349	1579	99
19256	3619	-9368	-4757	9045	957	1768	328	70	-636	-182	604	114	356	1597	99
19327	3424	-9449	-4637	9087	999	1745	207	51	-644	-170	608	119	392	1552	99
19340	3290	-9494	-4535	9125	1029	1728	157	38	-649	-160	612	102	349	1605	99
19375	3245	-9540	-4580	9081	1030	1728	0	34	-653	-165	608	98	481	1617	99
19413	3088	-9578	-4427	9149	1069	1704	0	18	-657	-150	615	92	368	1570	99
19484	2954	-9608	-4297	9204	1103	1683	0	5	-660	-137	620	111	350	1630	99
19542	-3193	-9726	-4088	9241	1171	1636	-235	-28	-671	-116	624	111	361	1581	99
19563	-3259	-9746	-4044	9250	1184	1627	-272	-35	-673	-112	625	139	370	1606	99
19582	-3399	-9788	-3953	9267	1212	1607	-356	-49	-678	-103	626	145	291	1604	99
19608	-3228	-9763	-4122	9210	1171	1637	-354	-32	-675	-120	621	129	355	1613	99
19684	-3351	-9805	-4055	9215	1194	1620	-451	-44	-679	-113	621	122	478	1618	99
19706	-3083	-9757	-4310	9127	1131	1665	-433	-18	-674	-138	612	122	494	1623	99
19727	-2970	-9734	-4415	9088	1104	1683	-424	-6	-672	-149	609	110	408	1595	99
19779	3114	-9673	-4698	8968	1033	1729	-433	21	-666	-177	597	137	350	1631	99
19818	3745	-9474	-5259	8705	875	1814	-351	83	-647	-232	571	113	375	1598	99
19831	3745	-9474	-5259	8705	875	1814	-351	83	-647	-232	571	131	337	1610	99
19862	3933	-9310	-5441	8486	803	1812	-394	101	-630	-250	549	166	280	1664	99
19918	4091	-9363	-5642	8470	772	1858	-451	117	-636	-269	548	114	319	1588	99
19948	4490	-9189	-5994	8250	663	1900	-412	156	-619	-304	526	114	279	1601	99
19983	4689	-9102	-6190	8115	604	1920	-434	176	-610	-323	513	98	374	1596	99
20035	5047	-8923	-6529	7865	497	1951	-451	211	-592	-357	488	146	267	1662	99
20074	5142	-8879	-6660	7753	460	1959	-533	220	-588	-370	477	125	260	1614	99
20096	5286	-8797	-6791	7646	416	1969	-536	234	-580	-383	467	138	250	1651	99
20109	5559	-8628	-7017	7455	334	1985	-500	261	-563	-405	448	130	220	1651	99
20153	5534	-8653	-7042	7429	334	1985	-588	259	-566	-407	445	96	218	1617	99
20225	5883	-8427	-7389	7104	215	2002	-656	293	-544	-441	413	141	212	1684	99
20242	5893	-8421	-7424	7068	207	2003	-704	294	-543	-445	410	174	221	1717	99
20263	6085	-8280	-7587	6901	143	2008	-696	313	-529	-461	393	159	251	1752	99
20285	6407	-8028	-7859	6606	35	2014	-686	345	-504	-488	364	203	276	1686	99
20298	6314	-8108	-7818	6655	60	2013	-759	336	-512	-484	369	158	218	1709	99
20320	6377	-8056	-7879	6585	36	2013	-772	342	-507	-490	362	147	180	1660	99
20341	6551	-7909	-8029	6410	-24	2013	-775	359	-493	-504	345	150	232	1746	99
20363	6686	-7790	-8159	6252	-76	2012	-806	372	-481	-517	330	114	210	1645	99
20434	7240	-7245	-8619	5623	-285	1993	-814	427	-427	-562	268	138	158	1638	99
20469	7360	-7114	-8740	5447	-337	1986	-862	439	-414	-574	250	258	260	1815	99
20530	7741	-6657	-9050	4926	-497	1952	-887	476	-369	-605	199	289	243	1759	99
20543	7880	-6476	-9147	4737	-554	1937	-871	490	-352	-614	180	216	200	1800	99
20566	7952	-6378	-9204	4626	-587	1928	-877	497	-342	-620	169	207	186	1855	99
20579	8241	-5960	-9379	4218	-710	1885	-807	525	-301	-637	129	179	180	1772	99
20600	8449	-5621	-9518	3864	-809	1845	-796	546	-267	-651	94	153	154	1673	99
20622	8449	-5621	-9518	3864	-809	1845	-796	546	-267	-651	94	180	178	1743	99
20641	8449	-5622	-9518	3864	-809	1845	-798	546	-267	-651	94	240	176	1835	99
20663	8451	-5624	-9520	3866	-809	1846	-796	546	-268	-651	95	201	145	1837	99
20676	8451	-5624	-9520	3866	-809	1846	-796	546	-268	-651	95	162	131	1846	99
20719	8451	-5624	-9520	3866	-809	1846	-796	546	-268	-651	95	143	161	1761	99
20732	8451	-5624	-9520	3866	-809	1846	-796	546	-268	-651	95	211	157	1692	99
20753	8452	-5623	-9520	3867	-809	1846	-794	546	-268	-651	95	282	136	1860	99
20775	8823	-4933	-9717	3192	-993	1753	-713	582	-200	-671	28	187	151	1705	99
20788	8861	-4839	-9747	3085	-1019	1738	-731	586	-190	-674	18	188	123	1768	99
20863	9312	-3691	-9898	-3791	-1289	1549	-578	631	-77	-688	-87	318	150	1828	99
20919	9251	-3195	-9700	-4204	-1351	1413	-509	625	-29	-669	-128	418	148	1924	99
20975	9457	3729	-9583	-5184	-1560	1178	-313	645	81	-657	-224	289	151	1703	99
21033	9526	4871	-9263	-6081	-1731	912	0	652	194	-626	-313	264	171	1745	99
21072	9458	5327	-9102	-6497	-1792	784	0	645	238	-610	-354	347	174	1764	99
21089	9344	5814	-8888	-6932	-1849	638	0	634	286	-589	-396	293	172	1743	99
21128	9259	6263	-8630	-7243	-1889	510	156	625	331	-564	-427	246	202	1698	99
21189	9073	6767	-8302	-7635	-1925	346	229	607	380	-531	-466	249	246	1671	99
21245	8722	7445	-7758	-8143	-1953	103	326	573	447	-478	-516	223	297	1716	99
21262	8617	7610	-7607	-8264	-1956	40	348	562	463	-463	-528	239	257	1656	99
21284	8491	7786	-7428	-8387	-1955	-29	377	550	480	-445	-540	254	295	1641	99
21327	7992	8023	-6853	-8489	-1885	-193	412	501	504	-389	-550	215	268	1664	99
21345	7829	8200	-6630	-8597	-1875	-272	455	485	521	-367	-560	207	280	1676	99
21366	7576	8114	-6395	-8473	-1809	-304	442	460	513	-344	-548	228	343	1669	99
21388	7362	8304	-6117	-8583	-1790	-396	485	439	531	-316	-559	160	249	1632	99
21401	7362	8307	-6116	-8586	-1791	-397	485	439	532	-316	-559	156	241	1638	99
21422	6712	8216	-5454	-8350	-1634	-512	519	375	523	-251	-536	172	286	1606	99
21437	6712	8216	-5454	-8350	-1634	-512	519	375	523	-251	-536	173	286	1600	99
21465	6111	8033	-4876	-8056	-1476	-593	521	316	505	-194	-507	192	304	1549	99
21477	5878	8147	-4596	-8093	-1442	-671	559	293	516	-166	-511	165	258	1540	99
21521	4824	7777	-3581	-7516	-1154	-801	588	189	480	-67	-454	149	331	1515	99
21534	4377	7630	-3135	-7266	-1031	-859	625	145	465	-23	-429	140	282	1528	99
21599	2925	6686	3972	-6068	-563	-931	655	2	372	105	-311	72	181	1568	99
21616	-3229	6358	4255	-5703	-436	-924	630	-32	340	133	-275	68	156	1635	99
21638	-3604	5985	4581	-5256	-291	-911	665	-69	303	165	-231	172	160	1700	99
21651	-3604	5985	4581	-5256	-291	-911	665	-69	303	165	-231	140	142	1639	99
21720	-4480	4554	5081	-3859	109	-742	459	-155	162	214	-94	112	132	1614	99
21791	-5038	3680	5385	-3030	354	-644	287	-210	76	244	-12	149	107	1632	99
21808	-5097	3541	5418	2911	389	-622	287	-216	63	247	1	145	111	1605	99
21847	-5194	3289	5433	3127	445	-580	222	-225	38	249	22	126	99	1617	99
21864	-5229	3138	5447	3288	479	-550	240	-229	23	250	38	106	111	1639	99