3	4119	4159	3928	3844	-18	-15	-20	-1	-1	-1	0	28	7	-2629	88
21	4231	4287	3844	3707	2	-4	90	-1	-1	-1	0	57	13	-2634	88
33	4354	4423	3761	3553	0	0	150	-3	-1	-3	2	87	19	-2637	88
57	4592	4635	3559	3286	65	73	-100	-7	4	2	4	146	32	-2633	88
75	4819	4946	3384	2927	0	0	-330	-11	6	4	5	204	45	-2626	88
87	4898	5102	3307	-3067	0	-44	-570	-12	7	8	7	233	55	-2608	88
105	5008	5189	3185	-3204	3	44	-620	-8	11	10	9	261	64	-2589	88
123	5098	5477	3049	-3592	-20	-11	-1420	2	16	12	9	317	89	-2519	88
141	5078	5462	3039	-3596	-20	-11	-1420	8	20	15	10	317	89	-2519	88
171	5188	5761	2928	-3972	-47	-57	-500	16	27	14	10	372	116	-2471	88
195	5215	5811	-2953	-4087	39	83	-1500	23	32	17	10	397	135	-2421	88
210	5288	6146	-3019	-4501	0	0	-1250	27	37	15	11	449	169	-2362	88
249	5333	6467	-3124	-4943	141	185	-1590	38	47	17	8	519	233	-2240	88
267	5298	6816	-3084	-5354	150	67	-1200	43	53	14	6	564	279	-2174	88
291	5197	7209	-3026	-5870	-13	-80	-3930	46	63	16	7	599	341	-2067	88
309	5158	7327	-2975	-5988	108	-48	-750	51	65	13	6	619	366	-2039	88
327	4934	7376	2994	-6095	399	-19	-2710	57	72	11	10	630	407	-1978	88
351	5070	7559	-2922	-6311	70	135	-1260	61	77	9	5	647	435	-1941	88
369	4885	7934	3067	-6714	109	-60	-1060	63	82	8	0	677	497	-1870	88
393	4850	8068	3088	-6865	235	235	-630	68	92	9	-11	706	558	-1806	88
429	4484	8609	3428	-7459	118	3	-2650	75	107	8	-26	730	668	-1682	88
441	4477	8592	3424	-7451	118	3	-2650	77	112	9	-28	730	668	-1682	88
465	4312	8756	3596	-7594	316	167	-380	80	122	12	-38	748	737	-1637	88
477	4200	8986	3694	-7854	82	87	-1760	82	126	13	-42	749	779	-1586	88
495	3969	9250	3935	-8112	192	58	-400	82	131	15	-45	762	849	-1532	88
519	3504	9264	4306	-8141	275	399	-1850	87	147	19	-60	727	955	-1402	88
561	3014	9330	4703	-8229	249	247	-1730	90	166	27	-74	687	1022	-1305	88
579	-3128	9143	4968	-8031	509	255	-1790	91	177	31	-84	651	1044	-1257	88
597	-3310	9110	5098	-8045	227	202	-1980	87	193	37	-92	613	1068	-1198	88
609	-3385	8899	5130	-7851	238	507	-1840	82	200	40	-96	583	1084	-1152	88
630	-3762	8890	5452	-7837	304	177	-1180	79	209	46	-103	546	1103	-1109	88
648	-4040	8370	5623	-7368	669	664	-4040	69	233	51	-113	492	1129	-1031	88
663	-4486	8380	6006	-7405	314	310	-1810	65	242	51	-118	420	1158	-935	88
687	-4662	8084	6114	-7061	485	611	-1930	56	241	60	-130	376	1172	-886	88
723	-5392	7892	6678	-6882	161	296	-2560	44	234	68	-131	246	1207	-725	88
747	-5363	7749	6609	-6720	128	562	-860	43	232	77	-134	229	1210	-708	88
771	-5606	7587	6837	-6532	392	477	-940	18	228	89	-131	191	1217	-679	88
798	-5732	7487	6910	-6447	135	467	-1580	2	226	102	-132	142	1224	-624	88
816	-6043	7275	7148	-6227	108	405	-1130	-8	225	108	-134	78	1229	-563	88
846	-6193	6819	7213	-5755	278	880	-1070	-16	221	115	-132	18	1232	-516	88
864	-6637	6753	7614	-5676	416	408	-530	-23	221	114	-131	-32	1232	-477	88
888	-6642	6670	7582	-5619	127	488	-1200	-28	219	119	-129	-63	1230	-446	88
900	-6699	6518	7587	-5495	2	598	-1520	-31	219	122	-127	-95	1228	-407	88
930	-7073	6157	7862	-5139	37	532	-1330	-42	219	127	-126	-178	1220	-341	88
942	-7114	6094	7903	-5055	37	532	-1330	-45	220	130	-128	-192	1218	-354	88
972	-7222	6005	7980	-5015	-17	402	-1050	-56	228	137	-124	-218	1213	-324	88
999	-7171	5889	7940	-4922	-111	543	-310	-66	231	139	-119	-236	1210	-317	88
1035	-7433	5625	8105	-4639	-83	486	-630	-79	213	151	-110	-303	1194	-265	88
1053	-7292	5659	8009	-4645	-139	640	550	-86	204	154	-105	-296	1196	-285	88
1077	-7517	5477	8145	-4484	-104	538	-1700	-94	192	160	-96	-343	1185	-233	88
1101	-7559	5443	8175	-4448	-160	500	-930	-96	189	162	-93	-357	1180	-225	88
1119	-7755	5098	8296	-4085	140	608	-120	-105	181	170	-87	-403	1165	-195	88
1140	-7733	5136	8272	-4111	140	608	-120	-111	170	177	-80	-403	1165	-195	88
1158	-7015	4887	7504	-4015	-921	1165	-530	-119	163	181	-71	-421	1094	-141	88
1194	-7650	4703	7968	-3873	-31	561	-850	-131	153	189	-67	-446	1085	0	88
1212	-7546	4595	7858	-3759	-345	733	-860	-137	146	193	-64	-474	1073	0	88
1233	-7607	4457	7901	-3617	-369	725	-1810	-145	140	196	-58	-504	1060	0	88
1272	-7591	4353	7870	-3479	-396	822	-930	-154	125	205	-51	-526	1049	0	88
1290	-7710	4421	8009	-3523	-271	574	-100	-161	118	205	-47	-529	1047	0	88
1308	-7786	4545	8103	-3621	-153	351	470	-168	110	209	-44	-522	1051	0	88
1332	-7766	4509	8083	-3578	-177	410	-230	-172	103	210	-40	-529	1047	0	88
1356	-7556	4508	7883	-3585	-553	655	-550	-174	97	212	-38	-536	1044	0	88
1374	-7542	4519	7883	-3592	-553	655	-550	-178	94	212	-36	-536	1044	0	88
1401	-7656	4572	8014	-3623	-297	477	670	-181	92	211	-35	-527	1048	0	88
1422	-7538	4511	7900	-3564	-392	691	-300	-184	92	212	-38	-528	1048	0	88
1440	-7590	4534	7966	-3583	-322	574	-110	-190	91	213	-36	-529	1048	0	88
1470	-7600	4683	7997	-3726	-252	439	660	-194	84	216	-30	-513	1055	0	88
1494	-6840	4578	7218	-3764	-411	587	-560	-198	82	219	-27	-439	958	0	88
1536	-6079	4770	6470	-4082	-478	436	-90	-204	73	226	-23	-328	871	0	88
1572	4488	3808	-4277	-4038	-356	569	-390	-204	68	213	-21	204	122	0	88
1593	4413	4004	-4155	-4219	-226	369	960	-189	67	192	-23	232	132	0	88
1611	4537	4274	-4231	-4515	-337	539	-80	-162	72	168	-26	282	166	0	88
1635	4451	4427	-4150	-4648	-184	475	170	-137	67	152	-27	309	180	0	88
1653	4493	4826	-4126	-5051	-266	354	-1080	-131	67	144	-29	355	219	0	88
1677	4545	4949	-4151	-5147	-299	477	-230	-110	67	126	-38	381	235	0	88
1707	4692	5493	-4088	-5585	-158	293	990	-89	68	102	-40	466	268	-141	88
1734	4543	5671	-4023	-5843	195	228	1290	-71	70	87	-50	515	302	0	88
1752	4728	5945	-4153	-6136	82	423	-580	-61	71	77	-52	565	337	0	88
1773	4626	6302	-3997	-6474	-35	54	-740	-53	68	65	-55	586	359	0	88
1791	4693	6433	-4027	-6598	-8	124	-160	-50	67	60	-56	611	376	0	88
1809	4851	6482	-4049	-6535	292	277	1580	-48	68	57	-55	645	378	-139	88
1833	4817	6885	-4084	-7064	89	54	660	-30	70	45	-60	693	414	0	88
1851	5030	7150	-4108	-7197	254	192	1320	-18	72	30	-66	751	435	-153	88
1869	4917	7367	-4095	-7526	22	104	-1630	-7	73	21	-75	765	470	0	88
1887	5013	7576	-4052	-7628	126	0	960	1	74	15	-74	798	474	-134	88
1905	5074	7563	-4094	-7608	385	213	320	8	77	8	-77	826	486	-145	88
1929	5078	7890	-4131	-8039	513	331	-170	23	85	-9	-89	895	546	0	88
1959	5092	8291	-4090	-8456	148	-64	70	31	90	-18	-95	920	562	0	88
1983	5544	8546	-4343	-8590	41	243	1330	38	94	-25	-105	984	573	-163	88
2007	5419	8828	-4174	-8863	388	10	-220	45	101	-36	-114	1033	607	-158	88
2031	5608	8726	-4336	-8720	675	404	230	54	105	-42	-125	1068	607	-190	88
2058	5764	9138	-4405	-9128	517	214	970	59	112	-48	-136	1125	631	-207	88
2082	6121	9560	-4644	-9573	425	217	690	68	128	-57	-148	1215	653	-252	88
2100	6114	9825	-4619	-9830	219	39	-570	74	136	-60	-166	1236	677	-238	88
2124	6267	9739	-4739	-9738	536	267	840	77	149	-63	-175	1272	674	-266	88
2142	6487	10074	-4909	-10080	333	218	-440	86	162	-64	-193	1329	694	-287	88
2160	6493	10189	-4892	-10195	479	189	-50	87	166	-64	-195	1355	709	-290	88
2178	6592	10315	-4963	-10332	685	354	-270	97	187	-68	-213	1408	740	-294	88
2208	6674	10437	-5032	-10468	539	404	-210	107	206	-71	-231	1432	758	-292	88
2226	6740	10582	-5065	-10622	535	322	190	110	218	-72	-240	1461	768	-305	88
2244	6867	10645	-5153	-10660	879	549	170	118	235	-76	-261	1517	791	-324	88
2265	7064	10902	-5291	-10916	958	494	760	126	244	-78	-270	1579	800	-360	88
2289	7003	11141	-5208	-11155	625	387	-1240	133	272	-84	-305	1590	844	-331	88
2307	7311	11110	-5453	-11103	1108	741	390	135	281	-85	-313	1659	841	-381	88
2325	7367	11430	-5458	-11439	603	369	-150	143	321	-91	-356	1684	860	-383	88
2361	7295	11517	-5401	-11522	882	448	-680	164	361	-94	-394	1730	903	-383	88
2385	7536	11777	-5570	-11749	1007	723	1240	180	385	-98	-423	1809	947	-410	88
2421	7504	11879	-5557	-11831	1168	833	10	205	427	-101	-469	1854	990	-418	88
2433	7682	12067	-5687	-12021	973	661	620	212	447	-103	-490	1891	984	-453	88
2457	7760	12002	-5749	-11961	1196	721	390	221	480	-108	-519	1925	984	-479	88
2475	7780	12191	-5736	-12117	1338	815	-520	230	501	-111	-548	1970	1027	-480	88
2493	8109	12307	-6012	-12261	1077	826	890	238	524	-113	-566	2012	1012	-523	88
2517	8103	12316	-5960	-12314	1355	835	-390	252	576	-120	-613	2063	1045	-564	88
2553	8403	12316	-6193	-12316	1736	1112	-260	274	645	-119	-679	2176	1087	-632	88
2571	8641	12316	-6388	-12316	1484	1247	20	283	680	-122	-720	2206	1093	-661	88
2595	8483	12316	-6227	-12316	1570	859	-110	296	722	-124	-754	2231	1111	-678	88
2613	8745	12316	-6440	-12316	1394	945	340	305	740	-128	-779	2268	1105	-718	88
2631	8674	12316	-6401	-12227	2204	1757	-1140	311	766	-127	-808	2280	1148	-723	88
2661	8241	12316	-5947	-12316	1902	1298	-990	321	792	-124	-831	2248	1209	-748	88
2685	8467	12316	-6134	-12316	1390	1053	450	327	828	-121	-867	2261	1185	-800	88
2709	8230	12315	-5901	-12351	1504	1403	-170	331	850	-118	-888	2230	1241	-812	88
2739	7665	12315	-5303	-12315	1248	1103	-1090	333	871	-113	-878	2176	1334	-832	88
2751	7305	11731	-5062	-11351	2745	2261	-1340	323	892	-106	-878	2105	1335	-845	88
2775	7497	12196	-5180	-11830	1762	1762	-100	319	899	-97	-885	2106	1333	-882	88
2787	6807	12289	-4463	-11795	1858	1743	-940	307	907	-90	-895	2032	1443	-863	88
2805	6832	12274	-4512	-11802	1858	1743	-940	300	911	-76	-893	2032	1443	-863	88
2838	5790	12312	-3465	-11794	1661	1805	-690	293	925	-67	-895	1899	1614	-819	88
2868	5282	12321	-3015	-11685	1590	2055	-3290	287	932	-55	-893	1822	1701	-771	88
2898	3894	11829	4125	-10961	1685	2328	-2500	273	935	-47	-886	1587	1842	-757	88
2928	3409	11850	4582	-10898	1641	2262	-3000	255	929	-17	-873	1510	1906	-775	88
2946	3162	11828	4848	-10826	1633	2197	-1390	236	936	1	-873	1467	1940	-787	88
2970	2981	11902	5072	-10848	1373	2081	-1040	200	942	40	-864	1412	1980	-841	88
2982	-3193	10972	5308	-9851	2220	2797	-2700	185	944	56	-862	1318	1972	-831	88
3000	-3410	11435	5559	-10313	1102	2164	-1790	168	949	77	-862	1253	2013	-823	88
3045	-4462	10808	6474	-9521	1142	2053	-2500	88	944	157	-852	1016	2076	-796	88
3066	-4372	10150	6324	-8860	1401	2660	-1430	48	935	193	-830	948	2042	-810	88
3111	-3899	9013	5621	-7864	1401	2660	-1430	-21	905	260	-789	847	1824	-807	88
3141	-3568	8511	5199	-7489	1401	2660	-1430	-82	872	312	-733	797	1715	-807	88
3159	-3372	7953	4899	-6979	1401	2660	-1430	-105	854	332	-715	746	1606	-809	88
3195	-6745	6124	7629	-5008	-80	2356	-2790	-153	825	378	-668	2	1741	-428	88
3213	-6906	5950	7759	-4793	200	2367	-1650	-197	794	418	-634	-48	1740	-426	88
3243	-7514	5190	8178	-4044	8	2216	-2690	-244	763	459	-586	-250	1691	-380	88
3261	-7094	4632	7715	-3517	20	2910	-1130	-262	748	476	-565	-276	1627	-400	88
3279	-7348	4216	7812	-3175	211	2459	-3090	-297	719	507	-527	-356	1549	-353	88
3303	-6845	3879	7252	-2944	-342	2347	-780	-327	683	531	-483	-397	1415	-368	88
3327	-7287	3738	7605	2968	-266	2115	-2460	-354	648	554	-433	-483	1420	-325	88
3381	-6877	-3202	6936	3846	-192	1837	-130	-412	550	601	-291	-607	1137	-325	88
3405	-6893	-3548	6794	4166	-469	1726	-940	-429	490	619	-248	-689	1052	-264	88
3423	-6810	-3336	6740	3991	-469	1726	-940	-452	429	635	-199	-689	1052	-264	88
3435	-6385	-3879	6188	4429	-705	2203	-3450	-461	403	639	-181	-720	957	-204	88
3477	-5613	-4375	5154	4638	-920	1961	-3200	-495	305	653	-106	-717	722	0	88
3489	-5046	-4492	4559	4650	-1154	1567	-750	-504	279	653	-87	-684	580	0	88
3507	-4536	-4549	4075	4667	-1269	1862	-920	-516	241	652	-59	-654	522	0	88
3531	-3968	-4466	3530	4505	-1255	1524	-1990	-530	196	646	-30	-588	408	0	88
3558	-3334	-4356	2964	4318	-1042	1537	-400	-541	162	637	-3	-496	331	0	88
3576	3322	-4053	-3470	4058	-1389	1490	580	-546	140	626	9	-405	250	-170	88
3597	3617	-3893	-3592	3877	-1389	1490	580	-537	116	567	25	-353	218	-170	88
3633	3864	-3726	-3781	3651	-1058	1279	-440	-470	90	487	47	-258	144	-206	88
3663	4558	-3324	-4275	3226	-896	1130	650	-398	71	407	69	-101	54	-374	88
3693	4909	-3198	-4563	3089	-1039	1315	970	-365	57	372	77	-48	25	-414	88
3717	4608	-3261	-4056	3390	-1325	1633	2600	-327	47	315	83	-123	64	-587	88
3747	3221	-3367	3135	3775	-537	855	1430	-295	39	286	87	-249	123	-701	88
3768	-3338	-3469	3915	4045	-814	690	980	-276	37	268	90	-378	178	-768	88
3780	-4523	-4032	5012	4819	-503	803	400	-259	33	254	93	-567	247	-786	88
3801	-5879	-4436	6266	5456	-207	406	-90	-244	28	242	86	-757	309	-789	88
3849	-5923	-4441	6300	5493	-360	309	550	-215	25	221	82	-765	289	-817	88
3861	-5847	-4885	6086	5840	-243	407	-1550	-215	25	221	82	-786	223	-751	88
3897	-5885	-4912	6117	5867	-344	188	250	-195	25	205	84	-794	191	-776	88
3915	-5687	-5090	5889	5994	-509	483	-450	-192	26	203	88	-799	169	-767	88
3972	-5647	-5547	5688	6303	-339	162	160	-178	33	195	95	-813	58	-720	88
3996	-5491	-5606	5455	6293	-609	166	-1730	-172	18	191	101	-815	20	-666	88
4014	-5428	-5886	5357	6598	-240	257	120	-169	7	188	104	-814	-27	-676	88
4044	-4867	-5617	4795	6214	-759	216	-1310	-165	-10	183	111	-751	-73	-635	88
4062	4242	3226	-3835	-3155	-461	207	-2330	-159	-21	178	113	36	-47	-572	88
4089	4413	3111	-4037	-3059	-214	223	-1300	-140	-23	161	105	74	-94	-563	88
4107	4620	3275	-4253	-3264	-613	78	-760	-132	-26	156	99	94	-116	-536	88
4131	4800	3149	-4505	-3154	-368	196	-780	-106	-32	138	85	136	-159	-499	88
4161	5132	3008	-4841	-3067	-125	213	410	-86	-25	111	70	195	-227	-489	88
4179	5198	3060	-4901	-3133	-157	46	-30	-74	-22	97	62	215	-249	-491	88
4200	5330	3035	-5036	-3123	-119	57	-170	-69	-22	90	56	236	-271	-485	88
4218	5624	2995	-5322	-3113	-127	102	-280	-57	-22	71	44	276	-315	-474	88
4245	5643	2995	-5375	-3117	-20	-13	-150	-39	-20	61	35	297	-337	-471	88
4269	5873	2915	-5625	-3092	165	23	-100	-28	-19	48	31	340	-379	-455	88
4287	6076	3008	-5817	-3236	-58	-55	-300	-27	-18	44	30	362	-399	-444	88
4311	6279	2980	-6031	-3285	57	-85	-800	-9	-15	21	28	407	-440	-423	88
4350	6672	2987	-6430	-3355	134	-146	-480	4	-14	3	14	475	-501	-398	88
4368	7052	2929	-6801	-3325	23	-26	210	12	-16	-4	10	510	-550	-418	88
4389	7067	2965	-6836	-3364	123	-199	-10	25	-17	-14	3	531	-572	-414	88
4401	7295	2969	-7070	-3423	-50	-106	-200	33	-13	-20	1	554	-592	-406	88
4428	7454	-2956	-7261	-3336	331	-152	90	37	-10	-22	-2	594	-637	-407	88
4446	7577	-2986	-7387	-3339	331	-152	90	48	-3	-33	-8	614	-658	-407	88
4476	8020	-2956	-7830	-3454	324	-178	-530	57	-5	-48	-14	681	-719	-386	88
4500	8168	-2953	-7952	-3465	324	-178	-530	61	-7	-60	-18	702	-740	-387	88
4518	8548	-2978	-8319	-3487	159	-120	590	66	-8	-67	-20	737	-790	-396	88
4542	8710	-2990	-8456	-3487	216	-54	-390	69	-11	-81	-25	763	-808	-387	88
4608	9504	-3297	-9213	-3208	153	-218	750	92	-19	-115	-37	829	-990	-487	88
4620	9480	-3294	-9188	-3204	153	-218	750	99	-20	-122	-38	829	-990	-487	88
4650	9674	-3530	-9361	-2953	103	-336	1180	111	-22	-140	-39	824	-1071	-560	88
4680	9823	-3707	-9538	3001	223	-411	1020	129	-23	-156	-41	840	-1134	-586	88
4722	10183	-3994	-9950	3190	368	-236	-40	157	-24	-181	-33	878	-1219	-602	88
4740	10245	-4393	-10047	3619	478	-399	760	168	-26	-187	-31	849	-1312	-688	88
4779	10764	-4361	-10616	3444	246	-326	-700	189	-25	-202	-33	917	-1374	-650	88
4797	10686	-4417	-10567	3508	380	-551	610	210	-30	-219	-32	920	-1409	-660	88
4815	10811	-4658	-10749	3722	613	-582	780	224	-31	-227	-33	933	-1472	-674	88
4845	10933	-4714	-10909	3705	568	-443	-290	254	-28	-251	-29	956	-1493	-662	88
4869	11130	-4582	-11153	3442	535	-620	-370	281	-29	-271	-19	1011	-1530	-622	88
4911	11302	-4600	-11385	3311	660	-845	1620	328	-30	-313	-3	1067	-1601	-590	88
4950	11730	-4412	-11884	-2924	853	-969	-490	374	-26	-359	3	1193	-1659	-486	88
4968	11835	-4368	-12004	-3028	901	-851	-870	405	-27	-391	3	1232	-1668	-449	88
4980	11984	-4385	-12150	-3047	848	-822	-100	416	-25	-405	0	1253	-1690	-437	88
4998	11885	-4388	-12045	-3015	848	-822	-100	444	-24	-435	-9	1253	-1690	-437	88
5022	11481	-4060	-11708	-3410	1895	-1967	-1570	483	-24	-480	-23	1352	-1728	-350	88
5040	12166	-4007	-12297	-3538	962	-1167	-590	517	-25	-510	-32	1388	-1738	-316	88
5058	12238	-4251	-12295	-3251	1090	-933	450	547	-30	-535	-45	1390	-1775	-322	88
5076	12144	-4411	-12295	-3052	1113	-1160	1150	575	-32	-558	-56	1374	-1825	-343	88
5100	12279	-4449	-12295	-3000	759	-1090	470	613	-38	-601	-69	1376	-1861	-343	88
5142	12271	-4846	-12294	3146	1478	-1369	-340	669	-46	-664	-84	1419	-1978	-291	88
5160	12106	-4998	-12293	3285	1540	-1817	-1580	720	-59	-721	-84	1410	-2058	-286	88
5184	12244	-5917	-12292	4245	1304	-1427	1890	749	-72	-760	-75	1309	-2195	-356	88
5214	11853	-6298	-12291	4644	1226	-1560	830	790	-87	-800	-57	1224	-2243	-373	88
5235	11571	-6504	-12140	4901	1195	-1762	1510	806	-97	-835	-50	1166	-2273	-393	88
5247	11441	-6471	-12043	4827	1518	-1843	-690	811	-99	-845	-48	1186	-2263	-342	88
5265	11538	-6890	-12096	5295	1032	-1402	1910	821	-107	-873	-41	1110	-2302	-381	88
5283	11079	-6638	-11666	5014	1627	-2055	-1080	839	-116	-901	-35	1140	-2287	-319	88
5304	11196	-7064	-11776	5433	1303	-1547	690	840	-119	-922	-32	1082	-2315	-297	88
5322	11145	-6821	-11727	5112	1215	-1877	-630	837	-120	-926	-25	1101	-2306	-244	88
5364	11151	-6429	-11830	4473	1450	-2030	-2080	836	-123	-937	-14	1187	-2263	0	88
5388	11287	-6580	-11967	4610	1352	-1730	110	833	-120	-933	-11	1177	-2269	0	88
5412	11648	-6189	-12283	4034	830	-915	-1070	833	-117	-939	-7	1240	-2166	193	88
5424	9316	-5426	-10116	3393	3066	-4272	-1010	834	-113	-940	-4	1222	-2107	252	88
5454	10774	-5470	-11550	3186	1689	-2129	-2740	823	-102	-927	-3	1297	-2060	374	88
5472	11182	-5503	-11990	3128	1374	-1482	-820	819	-99	-917	-3	1323	-2044	448	88
5490	11374	-4928	-12280	-3455	1378	-1478	-1590	809	-96	-891	0	1427	-1973	646	88
5526	11191	-4823	-12189	-3643	1649	-1753	-470	806	-87	-888	-14	1452	-1955	785	88
5544	10217	-4305	-11311	-4163	2517	-2813	-2840	807	-86	-893	-30	1474	-1863	961	88
5568	10962	-4337	-12031	-4208	1581	-1725	-800	807	-82	-896	-45	1496	-1844	1041	88
5595	10983	-4812	-12207	-3760	1385	-1463	880	805	-83	-893	-67	1441	-1888	1162	88
5619	10696	-4947	-12033	-3617	1800	-1671	1050	804	-90	-896	-86	1432	-1895	1283	88
5661	10470	-5548	-11888	2900	1413	-1935	2680	794	-108	-897	-98	1298	-1990	1272	88
5673	10445	-5730	-11888	3077	1288	-1871	980	789	-121	-904	-92	1261	-2012	1298	88
5697	10146	-6292	-11650	3704	1652	-1865	2540	779	-140	-906	-77	1177	-2064	1291	88
5709	9991	-7004	-11617	4446	1207	-1655	1850	777	-152	-907	-72	1040	-2135	1296	88
5745	9451	-7733	-11199	5262	1076	-1906	2300	759	-189	-899	-40	860	-2214	1280	88
5766	8917	-8121	-10789	5684	1092	-2329	2050	747	-212	-891	-21	743	-2256	1314	88
5784	8525	-9086	-10491	6794	540	-1963	2740	730	-236	-880	-2	520	-2318	1251	88
5802	8581	-9016	-10530	6720	540	-1963	2740	714	-256	-869	19	520	-2318	1251	88
5826	7516	-9410	-9565	7309	996	-2313	1940	686	-303	-846	55	345	-2290	1252	88
5847	6649	-9888	-8742	8001	606	-2245	2610	671	-332	-835	78	128	-2252	1210	88
5865	6720	-9776	-8791	7898	606	-2245	2610	651	-364	-821	107	128	-2252	1210	88
5895	6814	-9629	-8866	7774	606	-2245	2610	625	-406	-799	142	128	-2252	1208	88
5925	6967	-9432	-9002	7588	606	-2245	2610	582	-463	-760	194	128	-2252	1210	88
5961	7098	-9286	-9119	7437	606	-2245	2610	544	-504	-725	236	127	-2251	1210	88
5991	-5649	-11752	3381	11303	-53	-2350	1590	486	-552	-674	286	-1165	-1742	994	88
6027	-6350	-10603	4243	10413	-424	-2338	1740	392	-610	-555	350	-1235	-1463	935	88
6051	-6714	-10599	4613	10626	-396	-1936	2770	319	-657	-464	391	-1343	-1364	871	88
6075	-7396	-9801	5379	9916	-366	-2894	2290	275	-682	-420	425	-1368	-1251	859	88
6111	-8331	-8664	6615	9144	-1009	-2201	1470	169	-725	-304	490	-1503	-859	744	88
6129	-8063	-8336	6403	8753	-1009	-2201	1470	133	-728	-268	508	-1450	-829	744	88
6147	-8202	-8254	6611	8775	-706	-1178	470	109	-731	-237	520	-1459	-680	730	88
6174	-8344	-6928	6969	7429	-1159	-1950	230	40	-732	-174	548	-1398	-514	726	88
6192	-8341	-5779	7244	6351	-1559	-2021	1390	5	-732	-149	560	-1326	-332	687	88
6219	-8094	-4907	7229	5483	-1648	-1764	2220	-37	-728	-114	578	-1232	-184	654	88
6249	-7764	-4215	7063	4762	-1499	-1417	320	-75	-724	-81	588	-1122	-66	649	88
6309	-8293	4057	7961	-3489	-3846	-3480	680	-150	-703	-4	602	-1122	199	602	88
6330	-8120	3050	7784	3441	-1337	-1295	1400	-168	-695	12	600	-1043	270	574	88
6354	-7103	4615	7078	-4191	-2166	-1493	1100	-197	-634	43	595	-798	398	545	88
6372	-6741	4532	6803	-4261	-1531	-980	1480	-221	-576	62	594	-709	433	507	88
6423	-5325	5030	5460	-5161	-1346	-863	-2060	-242	-440	84	489	-403	420	602	88
6447	-6477	5343	6647	-5179	-1365	-1277	-1330	-250	-411	92	421	-508	592	651	88
6468	-5493	5237	5712	-5197	-1150	-634	40	-259	-364	96	370	-364	547	675	88
6486	-5503	5131	5706	-5064	-1150	-634	40	-256	-334	98	332	-364	547	675	88
6504	-7680	5950	7898	-5644	-1220	-1193	-2870	-256	-308	95	304	-535	908	850	88
6528	-7537	6106	7746	-5859	-1317	-1166	-2070	-258	-285	94	272	-491	930	940	88
6546	-7445	5712	7599	-5496	-802	-528	-1590	-259	-268	94	258	-477	936	990	88
6570	-7494	5649	7573	-5522	-650	-564	-1140	-256	-233	90	222	-453	947	1104	88
6582	-7640	5350	7577	-5294	-436	-412	-2230	-242	-217	88	209	-467	940	1186	88
6609	-7672	5315	7504	-5384	-537	-425	-1220	-219	-183	82	189	-452	946	1269	88
6627	-7759	5199	7498	-5339	-402	-374	-400	-202	-160	77	172	-443	950	1338	88
6651	-7790	5332	7520	-5459	-233	-484	180	-187	-141	78	152	-407	966	1324	88
6675	-7440	5291	7191	-5410	-492	30	590	-177	-121	79	127	-380	977	1302	88
6693	-7474	5281	7240	-5377	-242	12	560	-176	-108	79	114	-362	984	1283	88
6714	-7440	5280	7194	-5390	-216	73	100	-169	-95	76	100	-347	990	1295	88
6732	-7407	5307	7145	-5420	-287	66	200	-159	-79	77	83	-335	993	1289	88
6756	-7336	5359	7113	-5425	-199	113	960	-154	-65	76	63	-311	1002	1254	88
6774	-7271	5250	7040	-5303	-152	306	10	-154	-55	78	49	-308	1003	1249	88
6792	-7224	5359	7041	-5378	-121	240	930	-152	-50	77	42	-288	1008	1213	88
6810	-7085	5571	6976	-5524	-146	172	1300	-151	-43	80	25	-252	1018	1155	88
6834	-6911	5808	6893	-5724	-153	122	750	-151	-38	80	18	-208	1028	1089	88
6855	-6711	5850	6759	-5683	-57	366	1570	-146	-35	80	3	-176	1034	1024	88
6891	-6692	5977	6776	-5772	-41	195	1340	-140	-20	80	-16	-153	1038	979	88
6909	-6420	6142	6588	-5923	-98	307	1390	-136	-8	80	-23	-106	1044	907	88
6930	-6409	6054	6561	-5833	-4	440	290	-130	0	80	-29	-103	1045	892	88
6948	-6200	6366	6436	-6147	-215	244	410	-128	11	82	-35	-58	1048	830	88
6966	-6121	6321	6385	-6077	-9	392	1150	-123	20	81	-41	-37	1049	788	88
6990	-6098	6329	6347	-6100	-58	367	260	-118	32	84	-49	-31	1049	776	88
7008	-6064	6470	6346	-6236	-129	203	460	-117	36	83	-53	-15	1050	757	88
7032	-5920	6431	6232	-6183	-4	418	250	-115	42	84	-56	6	1050	715	88
7050	-5797	6612	6152	-6360	-103	282	350	-111	51	85	-64	36	1050	677	88
7074	-5699	6658	6094	-6403	-92	298	270	-110	58	84	-66	54	1049	639	88
7092	-5709	6630	6080	-6379	-92	298	270	-107	66	88	-73	54	1049	639	88
7116	-5482	6666	5905	-6395	6	476	870	-106	72	91	-78	91	1046	586	88
7134	-5500	6701	5929	-6428	-58	392	-340	-103	78	91	-81	90	1047	563	88
7164	-5360	6645	5783	-6370	118	628	130	-99	80	93	-85	115	1045	556	88
7194	-5140	7053	5664	-6778	-95	229	1780	-96	86	94	-86	170	1037	483	88
7212	-5267	6753	5710	-6491	130	521	-1310	-95	89	95	-89	143	1040	517	88
7239	-5206	6766	5660	-6503	168	565	-560	-95	89	95	-89	154	1039	513	88
7257	-5076	7059	5590	-6819	-121	250	820	-93	94	94	-88	182	1034	483	88
7272	-5151	6820	5626	-6559	228	516	40	-91	96	97	-89	172	1036	477	88
7314	-4904	6851	5435	-6581	299	691	900	-88	101	94	-93	210	1029	433	88
7332	-4899	7140	5456	-6900	-50	263	0	-88	102	93	-92	220	1027	429	88
7350	-4863	6989	5399	-6752	168	502	-240	-87	105	93	-95	225	1026	438	88
7374	-4813	7202	5385	-6956	-34	209	640	-86	109	95	-101	241	1022	413	88
7392	-4930	7092	5512	-6814	151	238	340	-85	113	88	-106	229	1025	402	88
7422	-4691	7163	5319	-6879	16	366	770	-82	118	89	-110	255	1019	358	88
7440	-4686	6635	5260	-6325	262	636	650	-82	117	85	-113	214	967	340	88
7458	-4649	6903	5275	-6594	27	253	910	-81	122	84	-116	231	964	308	88
7488	-4627	6879	5289	-6554	-14	284	-400	-88	124	81	-120	225	964	294	88
7506	-4813	6647	5450	-6267	306	438	400	-84	127	81	-123	200	969	276	88
7524	4226	6738	-3622	-6958	47	196	350	-83	128	84	-129	619	540	265	88
7548	4293	6889	-3613	-7067	442	349	-540	-72	131	71	-134	675	567	220	88
7584	4508	7473	-3661	-7622	300	229	-460	-69	132	57	-140	753	613	181	88
7602	4682	7628	-3773	-7756	148	354	840	-44	135	35	-146	788	618	143	88
7626	4816	8001	-3742	-8020	279	204	1110	-27	140	20	-154	852	634	0	88
7644	4799	8020	-3729	-8019	497	408	-190	-12	140	10	-159	874	655	0	88
7662	4967	8557	-3849	-8590	120	73	350	8	141	0	-164	937	671	0	88
7677	4950	8494	-3840	-8507	513	357	-100	19	141	-7	-166	961	689	0	88
7701	5072	8614	-3941	-8636	524	319	1460	36	149	-21	-178	1001	684	0	88
7734	5270	8940	-4106	-9000	411	225	1000	55	158	-33	-189	1066	694	0	88
7800	6089	9767	-4615	-9784	435	226	660	75	185	-53	-214	1264	717	-194	88
7824	6244	9792	-4724	-9798	566	309	860	78	198	-58	-228	1300	715	-224	88
7842	6537	10042	-4935	-10053	591	311	750	82	206	-61	-235	1367	717	-272	88
7866	6596	10104	-4984	-10108	658	362	80	91	220	-65	-253	1395	728	-279	88
7884	6838	10309	-5170	-10319	660	564	-410	100	227	-70	-260	1451	749	-302	88
7905	6728	10445	-5056	-10449	872	401	-120	110	235	-74	-267	1476	766	-304	88
7923	6841	10623	-5142	-10633	702	327	370	125	248	-82	-281	1508	771	-321	88
7956	7222	10914	-5471	-10937	761	456	1410	147	267	-85	-300	1604	780	-370	88
7968	7200	11004	-5446	-11026	819	508	-500	153	283	-86	-317	1625	808	-367	88
7986	7371	11256	-5564	-11303	485	339	250	158	299	-89	-330	1656	812	-385	88
8010	7557	11420	-5689	-11470	707	335	700	161	316	-90	-344	1719	820	-420	88
8028	7802	11530	-5858	-11582	813	387	470	167	351	-97	-378	1782	826	-460	88
8049	7870	11526	-5923	-11547	969	506	20	175	369	-97	-404	1811	835	-475	88
8085	7934	11736	-5972	-11755	837	509	-1170	194	416	-100	-455	1858	876	-480	88
8121	8086	11780	-6086	-11771	1068	532	-490	207	464	-103	-508	1920	885	-518	88
8145	8591	11984	-6487	-11974	1128	728	370	220	497	-107	-540	2021	883	-599	88
8181	8639	12102	-6531	-12069	1188	812	130	245	544	-112	-592	2071	918	-616	88
8220	8817	12285	-6646	-12285	1158	928	600	265	596	-118	-569	2147	968	-658	88
8238	8832	12286	-6645	-12286	1262	1097	-190	276	629	-114	-587	2189	1021	-671	88
8256	8621	12286	-6469	-12286	1344	808	-710	283	660	-100	-629	2204	1059	-667	88
8274	8480	12286	-6341	-12286	1615	1196	-1400	287	671	-94	-657	2208	1119	-652	88
8298	7360	12286	-5250	-12286	1284	1052	-3540	286	731	-77	-743	2134	1368	-499	88
8316	6785	12286	-4705	-12286	1347	1580	-3850	285	747	-70	-776	2074	1510	-411	88
8334	5807	12286	-3823	-12286	1269	1057	-3430	283	772	-49	-825	1983	1628	-320	88
8364	4294	12285	3324	-12285	1189	1557	-4180	263	801	-16	-870	1764	1863	-135	88
8400	-4234	12284	5667	-11740	974	1593	-2900	204	833	78	-932	1345	2186	177	88
8418	-6422	11894	7461	-10854	765	1603	-3400	184	851	125	-933	980	2372	423	88
8442	-8609	10446	9160	-9279	660	2124	-7330	137	844	182	-924	532	2511	711	88
8466	-10233	9228	10398	-8050	401	2141	-4240	67	828	254	-878	151	2562	932	88
8496	-11906	7271	11526	-6236	83	2513	-7350	-33	785	337	-782	-335	2544	1229	88
8520	-12280	6556	11992	-5639	55	2209	-4980	-139	744	408	-696	-545	2508	1348	88
8544	-12280	5047	12280	-4264	-20	2126	-4760	-250	712	477	-623	-870	2414	1527	88
8562	-12281	4601	12281	-3949	-189	1943	-2490	-337	683	545	-552	-993	2367	1580	88
8583	-12281	3090	12281	3195	-133	1874	-4140	-424	659	622	-492	-1262	2235	1725	88
8601	-12280	-3170	12280	3604	-288	2014	-1800	-476	633	658	-450	-1350	2183	1754	88
8637	-12280	-3534	12098	4062	-996	2662	-290	-581	498	755	-340	-1476	2100	1715	88
8673	-12280	-3735	12280	4445	-808	2150	1010	-659	369	801	-245	-1597	2010	1668	88
8697	-12279	-3555	11411	4354	-1370	3070	1980	-705	303	834	-198	-1542	1976	1524	88
8715	-12279	-3320	11912	4160	-1151	1902	-880	-722	281	846	-180	-1576	1950	1499	88
8733	-12278	-3359	11647	4304	-1249	2442	-140	-767	224	864	-140	-1588	1940	1438	88
8751	-12278	-3188	11828	4202	-1126	2023	-40	-792	201	877	-118	-1597	1932	1372	88
8793	-12276	3018	11914	3909	-1116	1822	-160	-849	163	889	-74	-1578	1948	1225	88
8820	-11330	3778	11123	3233	-1580	2687	2380	-871	161	887	-57	-1412	1998	966	88
8844	-10340	4001	10259	2907	-1437	2532	1880	-868	166	882	-53	-1255	1887	835	88
8883	-9467	3743	9366	2903	-1437	2532	1880	-855	182	858	-44	-1155	1736	836	88
8913	-8917	3527	8776	2929	-1437	2532	1880	-838	207	842	-47	-1089	1637	835	88
8931	-8950	3476	8799	2941	-1437	2532	1880	-829	222	835	-50	-1089	1637	835	88
8967	-6376	6971	7741	-5717	-764	2236	2470	-805	251	818	-55	-422	1796	-355	88
8985	-5318	7087	6857	-5850	-762	2483	3520	-785	268	808	-62	-279	1702	-571	88
9015	-5387	6276	6682	-5166	-463	2321	-2450	-762	289	798	-77	-325	1571	-544	88
9045	-4941	6271	6263	-5203	-920	2333	580	-741	312	788	-96	-291	1517	-598	88
9069	-4725	6042	6044	-4940	-663	2139	-560	-727	317	782	-107	-267	1429	-705	88
9087	-4104	5805	5419	-4756	-854	2189	750	-714	321	773	-116	-225	1314	-766	88
9120	-3807	5305	4983	-4353	-1004	2149	-2170	-698	322	763	-123	-239	1190	-756	88
9150	-4019	5707	5304	-4638	-687	1750	1360	-682	322	754	-125	-200	1227	-842	88
9168	-3300	5165	4525	-4191	-848	2301	-1010	-678	320	749	-127	-180	1109	-867	88
9180	-3065	5067	4311	-4088	-707	2243	740	-668	321	741	-129	-150	1053	-924	88
9198	-2939	4851	4123	-3924	-741	2152	-1190	-662	320	733	-133	-153	991	-910	88
9222	3593	4455	3320	-3584	-938	2685	770	-626	317	721	-136	-109	876	-969	88
9246	3668	4334	3101	-3527	-716	1998	-20	-590	316	715	-139	-76	758	-1006	88
9264	3878	4001	-3208	-3282	-728	1961	-1110	-510	310	709	-140	-51	640	-1028	88
9288	4310	3791	-3703	-3134	-1180	2447	-350	-461	305	679	-138	-36	580	-1040	88
9300	3915	3811	-3386	-3200	-767	1536	-900	-430	301	645	-135	-30	520	-1008	88
9321	4206	3224	-3822	3026	-899	1890	-3190	-371	288	576	-128	-34	398	-923	88
9351	3872	3215	-3539	2968	-705	1307	-2710	-318	258	503	-103	-39	338	-848	88
9375	4298	-3103	-4288	3091	-1058	1121	-2570	-282	232	462	-74	-29	156	-581	88
9399	4191	-2961	-4125	2970	-1058	1121	-2570	-252	192	415	-39	-29	156	-581	88
9411	4599	-3395	-4732	3158	-1083	1215	-3930	-244	177	399	-27	-8	38	-410	88
9441	4682	-3525	-4938	3085	-907	916	-1810	-218	136	357	20	14	-57	-267	88
9465	-3237	3460	3037	-3746	-742	465	-3040	-196	110	312	46	-94	325	0	88
9483	-3264	3515	3084	-3765	-742	465	-3040	-188	94	299	51	-94	325	0	88
9507	-4975	4826	5083	-4636	-637	290	-1070	-184	79	285	46	-176	716	0	88
9537	-4948	4930	5114	-4700	-665	320	-1630	-176	61	262	50	-166	718	0	88
9591	-5126	4889	5166	-4772	-423	277	-1160	-166	45	229	41	-152	720	245	88
9618	-5005	4992	5103	-4852	-381	395	-440	-159	37	209	36	-122	725	259	88
9642	-4915	5114	5046	-4973	-413	376	910	-158	35	203	32	-99	728	273	88
9675	-4832	5329	5056	-5153	-232	277	-40	-150	31	180	25	-50	734	250	88
9717	-4466	5456	4785	-5252	-258	580	1130	-140	32	163	13	7	734	220	88
9789	-4153	5849	4601	-5620	-164	394	-570	-123	33	131	-8	105	726	185	88
9807	-4182	5903	4662	-5629	-3	278	770	-119	34	127	-14	119	724	157	88
9840	-3882	6032	4381	-5808	-225	377	-490	-108	39	116	-23	163	713	165	88
9858	-3949	6137	4468	-5900	-88	119	230	-104	40	110	-26	179	709	156	88
9882	-3810	6033	4349	-5788	19	410	450	-98	43	103	-29	194	705	137	88
9900	3504	-3083	-3518	2996	-119	225	-340	-91	46	97	-32	24	-15	0	88
9918	3826	-3042	-3827	2903	-87	246	1020	-87	47	93	-33	74	-50	0	88
9942	3952	-2988	-3942	-2976	-87	246	1020	-76	41	80	-28	99	-66	0	88
9972	4159	2942	-4133	-3139	-37	78	-40	-65	40	66	-35	151	-96	0	88
9990	4437	-3068	-4413	-2956	113	546	920	-61	41	61	-34	175	-115	0	88
10002	4689	3039	-4644	-3329	-164	149	20	-55	37	55	-33	225	-148	0	88
10032	4851	3059	-4811	-3392	68	29	30	-43	35	42	-32	272	-186	0	88
10062	5135	3081	-5123	-3467	95	58	-30	-29	31	37	-31	319	-224	0	88
10086	5445	3159	-5445	-3591	83	77	-230	-20	28	35	-33	370	-255	0	88
10110	5430	3176	-5426	-3620	359	-72	-60	-12	25	23	-30	395	-272	0	88
10125	5877	3324	-5842	-3827	16	-21	210	-6	22	16	-32	444	-306	0	88
10143	6029	3401	-5974	-3934	-44	-60	-10	-1	19	7	-30	469	-322	0	88
10173	6096	3352	-6041	-3892	167	-46	260	8	15	-5	-29	492	-343	0	88
10191	6491	3380	-6403	-3977	7	28	550	13	14	-18	-31	535	-385	0	88
10209	6553	3432	-6472	-4051	64	-124	350	20	12	-24	-31	558	-405	0	88
10221	6639	3427	-6564	-4066	219	-162	30	23	11	-27	-31	582	-423	0	88
10245	7220	3379	-7146	-4119	70	-20	390	29	12	-34	-32	644	-492	0	88
10263	7360	3405	-7269	-4164	70	-20	390	36	11	-45	-34	668	-510	0	88
10290	7588	3420	-7520	-4242	72	-208	190	43	12	-49	-35	705	-560	0	88
10308	7734	3341	-7674	-4196	190	-73	60	51	14	-57	-35	728	-579	0	88
10368	8301	3358	-8243	-4318	185	-102	730	74	18	-79	-43	816	-661	0	88
10392	8330	3376	-8291	-4350	292	-245	180	86	18	-88	-47	838	-683	0	88
10410	8673	3376	-8620	-4405	370	-143	70	86	20	-91	-49	889	-715	0	88
10428	9007	3503	-8932	-4596	212	-173	190	99	21	-105	-51	941	-747	0	88
10458	9261	3616	-9178	-4761	329	-128	-730	115	23	-118	-54	1004	-764	0	88
10488	9523	3623	-9447	-4828	264	-210	-550	131	27	-133	-59	1043	-811	0	88
10506	9566	3382	-9536	-4593	342	-361	2540	138	26	-139	-62	1032	-873	0	88
10530	9993	3382	-9977	-4684	368	-416	1090	146	27	-147	-65	1096	-937	0	88
10548	9927	3371	-9924	-4663	368	-416	1090	165	30	-162	-71	1096	-937	0	88
10563	10055	3374	-10042	-4692	368	-416	1090	175	32	-175	-74	1118	-956	0	88
10581	9780	3366	-9796	-4672	1092	-807	1920	189	34	-187	-75	1147	-969	0	88
10611	10578	3467	-10572	-4890	365	-448	90	212	36	-208	-84	1216	-1028	0	88
10629	10546	3459	-10547	-4880	365	-448	90	221	38	-215	-87	1216	-1028	0	88
10647	10737	3386	-10751	-4837	664	-341	-480	243	39	-236	-93	1266	-1061	0	88
10665	10810	3355	-10833	-4825	586	-518	940	255	41	-249	-98	1274	-1099	0	88
10701	11184	3481	-11208	-5022	622	-507	-1080	288	41	-278	-106	1356	-1141	0	88
10713	11067	3520	-11091	-5064	960	-779	-210	307	44	-299	-109	1382	-1157	0	88
10737	11421	3642	-11435	-5235	749	-704	440	331	45	-317	-116	1436	-1186	0	88
10791	11573	3620	-11611	-5255	871	-757	1460	412	52	-392	-134	1503	-1247	0	88
10812	11795	3389	-11895	-5080	968	-748	90	427	50	-404	-136	1522	-1317	0	88
10842	12092	3585	-12137	-5335	767	-565	-410	480	57	-460	-145	1593	-1327	0	88
10860	11956	3523	-12028	-5266	1043	-797	330	512	58	-491	-152	1606	-1358	0	88
10884	11929	3534	-12056	-5303	1366	-1077	40	551	59	-519	-159	1650	-1399	0	88
10920	12116	3306	-12279	-5136	1756	-1456	140	596	58	-575	-170	1704	-1520	0	88
10944	12269	3009	-12269	-4834	1457	-991	1060	636	53	-634	-180	1699	-1572	0	88
10962	12269	3249	-12269	-5111	1063	-1091	-330	673	50	-674	-182	1730	-1582	0	88
11016	12271	-3103	-12271	-4585	1320	-1249	770	724	35	-755	-190	1740	-1745	0	88
11034	12271	-3468	-12271	-4199	1518	-1295	1420	741	25	-779	-192	1714	-1812	0	88
11067	11877	-3887	-12232	-3670	2260	-2341	2950	797	-5	-823	-190	1640	-1919	0	88
11079	12208	-4337	-12268	-3228	1574	-1612	1730	816	-19	-839	-187	1581	-1968	0	88
11133	11258	-5548	-11941	3913	1679	-2151	1150	862	-81	-893	-153	1339	-2140	0	88
11151	11086	-6242	-11833	4640	1213	-2036	4050	862	-103	-911	-133	1196	-2223	0	88
11175	10667	-7069	-11420	5679	1266	-1988	2840	859	-134	-918	-108	1027	-2306	-172	88
11199	10328	-7549	-11123	6249	1237	-2087	2910	843	-167	-911	-75	905	-2357	-226	88
11217	9941	-8043	-10822	6776	1127	-2214	1860	835	-181	-908	-56	784	-2400	-239	88
11241	9877	-8212	-10767	6973	889	-2179	1810	808	-221	-891	-15	711	-2422	-254	88
11268	9636	-8686	-10621	7465	893	-2002	0	782	-256	-872	22	605	-2451	-236	88
11292	9290	-9396	-10355	8265	659	-1693	1310	764	-280	-859	48	443	-2486	-262	88
11304	7916	-8890	-9029	7861	1404	-3550	1770	748	-303	-842	77	374	-2436	-246	88
11322	8052	-9658	-9238	8659	824	-2418	1760	735	-322	-832	97	244	-2453	-240	88
11346	7965	-10237	-9252	9275	557	-1695	250	718	-355	-816	125	127	-2461	-212	88
11364	6470	-9694	-7788	8868	1285	-3701	2240	707	-370	-805	143	51	-2403	-201	88
11382	7422	-9780	-8730	8823	251	-2357	-150	677	-412	-782	186	54	-2404	-141	88
11403	7185	-10077	-8648	9060	604	-2219	710	660	-432	-766	202	15	-2405	0	88
11421	6893	-10109	-8393	9106	635	-2499	850	651	-444	-755	220	-30	-2404	0	88
11445	5366	-9331	-6863	8467	709	-4820	3290	632	-463	-737	244	-139	-2339	0	88
11475	6359	-10393	-7895	9490	516	-2102	-760	613	-479	-721	264	-173	-2337	0	88
11499	6009	-10613	-7560	9794	103	-2073	2870	575	-513	-690	302	-307	-2323	0	88
11529	5337	-10711	-7068	9835	140	-2055	960	551	-535	-667	325	-402	-2249	197	88
11565	4887	-10814	-6744	9891	-31	-2263	940	524	-562	-644	356	-493	-2229	319	88
11577	4822	-10799	-6742	9811	82	-2366	-320	511	-574	-632	371	-494	-2230	383	88
11601	4914	-10894	-6860	9875	-56	-2080	470	488	-592	-611	394	-520	-2224	418	88
11622	4568	-10875	-6552	9911	-43	-2358	1150	472	-614	-595	409	-573	-2210	442	88
11646	4116	-11089	-6204	10119	54	-2408	120	454	-627	-576	429	-654	-2188	505	88
11664	4324	-11081	-6437	10080	-342	-2124	10	445	-640	-566	435	-663	-2185	550	88
11688	4402	-11038	-6507	10014	-342	-2124	10	423	-652	-546	454	-663	-2185	549	88
11706	4453	-10971	-6558	9950	-342	-2124	10	409	-671	-531	472	-663	-2185	547	88
11727	4495	-10924	-6597	9909	-342	-2124	10	397	-685	-520	483	-663	-2185	550	88
11757	4590	-10819	-6674	9810	-342	-2124	10	370	-715	-498	511	-663	-2185	550	88
11787	-4933	-11729	-3289	11126	337	-2272	800	350	-721	-480	524	-1184	-1851	811	88
11811	-4864	-11746	-3349	11143	-277	-1896	660	343	-724	-474	528	-1229	-1820	829	88
11835	-5564	-10866	3357	10384	-362	-2588	1100	284	-738	-450	544	-1258	-1652	864	88
11877	-5673	-10413	3544	9995	-504	-2013	-440	218	-758	-391	560	-1270	-1488	938	88
11910	-6310	-9215	4356	9037	-920	-2077	1110	159	-777	-310	574	-1295	-1213	917	88
11940	-6761	-8357	4900	8304	-1028	-2323	1270	127	-780	-256	580	-1288	-1037	899	88
11967	-6583	-7897	4803	7834	-1079	-1763	730	88	-768	-206	583	-1236	-906	915	88
11979	-6870	-7148	5266	7181	-1049	-1749	1180	67	-761	-187	586	-1203	-741	890	88
12003	-6708	-6714	5143	6658	-1328	-1891	-270	35	-749	-152	591	-1162	-691	916	88
12039	-6953	-5416	5625	5373	-2022	-2651	30	-10	-731	-114	596	-1118	-515	903	88
12060	-6867	-5663	5585	5664	-1153	-1633	1040	-30	-721	-95	600	-1084	-441	888	88
12084	-6587	-5346	5359	5283	-1423	-1418	100	-50	-708	-70	601	-1039	-390	894	88
12123	-6483	-3931	5470	3795	-1731	-1997	270	-85	-689	-37	602	-900	-225	927	88
12147	-6148	-3576	5247	3400	-1361	-1312	-230	-98	-676	-26	603	-795	-128	940	88
12183	-5741	3518	5101	-3711	-1642	-1547	90	-119	-640	-6	571	-621	18	926	88
12207	-5526	3580	4983	-3811	-1453	-1348	60	-135	-576	-3	518	-557	61	932	88
12228	-5133	4322	4749	-4591	-1484	-1511	990	-142	-540	-1	479	-416	128	945	88
12252	-4358	4547	4129	-4883	-1389	-1079	-50	-162	-474	8	416	-273	151	920	88
12270	-4037	4714	3891	-5054	-1331	-1157	670	-170	-443	9	378	-202	147	904	88
12291	-3621	4544	3518	-4906	-1103	-873	560	-181	-400	13	331	-141	125	891	88
12333	-6073	5455	6234	-5241	-747	-554	480	-181	-333	19	262	-321	648	858	88
12351	-5845	5918	6103	-5742	-1010	-794	1130	-177	-307	19	245	-252	675	826	88
12375	-5598	6109	5872	-5948	-794	-714	1090	-172	-270	29	204	-168	699	823	88
12402	-5075	6238	5451	-6138	-807	-361	1360	-165	-215	31	170	-73	713	749	88
12423	-5823	6875	6305	-6628	-468	-409	20	-161	-187	35	145	-64	914	751	88
12441	-5613	6832	6097	-6613	-456	-169	240	-157	-164	39	127	-33	917	742	88
12456	-4931	7413	5598	-7188	-676	-243	1600	-156	-158	42	120	92	911	626	88
12492	-5043	7208	5652	-6995	-232	-84	-860	-156	-158	42	120	92	911	653	88
12513	-4627	7229	5292	-7027	-211	53	1090	-143	-101	45	69	168	900	581	88
12531	-4556	7439	5222	-7260	-453	-304	650	-131	-74	46	42	198	893	561	88
12549	-4181	7361	4897	-7166	-149	97	250	-127	-66	46	33	258	878	496	88
12567	-4018	7461	4754	-7264	-307	33	1290	-121	-52	49	18	283	870	466	88
12591	-3654	7495	4462	-7279	-192	191	1390	-116	-38	48	4	341	850	384	88
12609	-3594	7534	4402	-7329	-189	102	650	-110	-26	48	-6	360	842	363	88
12639	-3436	7485	4266	-7257	-60	203	1710	-100	-9	48	-22	389	829	308	88
12657	-3425	7472	4235	-7269	-53	182	150	-92	1	46	-28	397	825	301	88
12681	-3188	7514	4029	-7311	-63	182	430	-84	16	45	-42	436	805	249	88
12699	-3026	7369	3885	-7130	324	429	540	-80	19	47	-46	467	788	190	88
12732	-3074	7522	3902	-7330	10	110	0	-65	36	43	-58	470	785	200	88
12762	-3090	7355	3909	-7136	376	232	30	-55	50	39	-71	484	778	167	88
12786	2910	7381	3731	-7183	203	300	-90	-47	61	36	-77	503	765	133	88
12804	-2903	7356	3734	-7165	203	300	-90	-43	68	35	-82	503	765	133	88
12822	2981	7447	3755	-7160	99	245	120	-39	74	35	-86	507	762	0	88
12840	3005	7325	3722	-7049	343	370	1030	-37	79	33	-86	517	755	0	88
12864	2904	7289	3800	-7033	310	328	-1030	-35	91	34	-91	505	764	0	88
12882	-3065	7312	3823	-7183	104	172	-1020	-23	99	35	-94	493	773	135	88
12906	-3187	7217	3898	-7109	180	205	-1120	-17	109	37	-96	480	780	148	88
12930	-3364	7069	4063	-6943	415	261	-230	-15	118	34	-100	462	790	151	88
12960	-3527	7097	4179	-6992	111	176	-460	-12	124	34	-107	430	809	203	88
12984	-3789	7000	4410	-6876	139	141	-750	-14	129	34	-113	392	828	232	88
13002	-3726	6763	4359	-6597	404	549	570	-15	131	33	-116	389	829	212	88
13023	-3930	6825	4565	-6629	369	282	-50	-19	132	35	-120	367	838	210	88
13041	-3872	6878	4512	-6694	151	274	70	-18	136	37	-122	365	840	206	88
13053	-4121	6912	4768	-6658	126	50	-230	-19	135	39	-127	333	853	182	88
13095	-4165	6379	4758	-6105	260	302	60	-29	136	41	-130	275	810	184	88
13131	4019	6064	-3526	-6245	250	226	-1030	-28	136	43	-136	557	446	182	88
13161	4492	6509	-3730	-6543	159	591	1390	-24	136	35	-139	638	488	0	88
13191	4410	6876	-3604	-6904	367	282	1000	-6	137	18	-144	694	514	0	88
13209	4444	7138	-3584	-7166	481	359	400	2	138	9	-144	739	554	0	88
13227	4399	7138	-3545	-7155	481	359	400	15	138	-2	-147	739	554	0	88
13251	4595	7613	-3665	-7663	194	121	1390	25	140	-12	-150	800	572	0	88
13287	4704	7954	-3714	-8011	124	80	1460	35	144	-21	-156	852	603	0	88
13305	4724	8047	-3720	-8095	504	371	-250	47	146	-28	-159	898	641	0	88
13326	4919	8542	-3816	-8621	131	134	830	51	152	-37	-164	953	667	0	88
13344	4857	8560	-3750	-8627	548	181	130	51	152	-37	-164	979	683	0	88
13362	5082	8864	-3916	-8961	427	215	320	61	160	-46	-172	1039	703	0	88
13398	5185	9187	-3969	-9297	311	208	-730	73	170	-55	-183	1088	738	0	88
13410	5166	9254	-3927	-9341	527	255	-70	75	175	-57	-191	1111	758	0	88
13428	5218	9318	-3964	-9397	701	314	430	80	179	-60	-198	1141	767	0	88
13452	5482	9510	-4186	-9617	748	491	340	87	185	-65	-205	1203	781	0	88
13470	5516	9967	-4156	-10089	181	123	-590	90	192	-69	-214	1221	809	0	88
13494	5608	9957	-4227	-10072	788	377	320	95	202	-73	-224	1282	826	0	88
13512	5707	10333	-4275	-10465	331	170	-180	97	203	-74	-227	1303	848	0	88
13536	5873	10423	-4311	-10437	776	343	550	111	222	-82	-248	1366	861	-140	88
13554	5919	10657	-4343	-10677	629	174	210	121	230	-83	-258	1394	872	-149	88
13575	6468	10866	-4796	-10885	454	408	960	131	240	-87	-271	1474	858	-223	88
13599	6275	10878	-4655	-10885	831	285	0	154	264	-91	-295	1499	875	-228	88
13611	6540	11019	-4865	-11020	670	291	1080	162	274	-96	-309	1540	864	-266	88
13665	7182	11212	-5408	-11204	939	533	-10	192	323	-106	-362	1684	849	-386	88
13689	7572	11334	-5719	-11321	954	660	530	200	348	-110	-389	1755	840	-446	88
13707	7506	11599	-5636	-11622	693	448	-810	207	372	-113	-407	1771	875	-429	88
13725	7855	11482	-5927	-11466	1285	821	370	215	387	-117	-425	1848	856	-501	88
13749	8121	11712	-6121	-11701	1253	642	270	228	417	-124	-455	1918	847	-562	88
13779	8534	11799	-6476	-11789	1316	666	600	242	446	-127	-485	1995	818	-641	88
13803	8907	11827	-6775	-11803	1214	971	330	249	496	-131	-541	2055	830	-680	88
13821	8851	11917	-6692	-11866	1386	714	60	253	527	-133	-576	2084	838	-701	88
13845	9078	11834	-6895	-11774	1464	842	600	259	561	-133	-612	2122	825	-739	88
13878	9252	11877	-7027	-11844	1240	767	310	270	613	-141	-659	2155	823	-767	88
13896	9386	12001	-7097	-11898	1810	1111	460	283	635	-143	-688	2235	867	-816	88
13917	9532	12271	-7160	-12300	1393	1002	-880	287	676	-143	-726	2281	915	-835	88
13947	9385	12275	-6955	-12275	1259	838	-520	298	659	-139	-773	2313	993	-834	88
13971	9027	12277	-6564	-12277	1364	1109	-1260	298	664	-138	-783	2297	1101	-804	88
14001	8460	12276	-6030	-12276	1586	998	-1210	303	732	-131	-848	2258	1179	-788	88
14025	7720	12276	-5341	-12194	1641	979	-1680	306	760	-127	-877	2151	1249	-784	88
14043	7717	12276	-5362	-12159	1641	979	-1680	307	774	-121	-887	2151	1249	-784	88
14079	7058	12276	-4728	-11960	1823	1311	-2210	298	818	-103	-905	2074	1374	-763	88
14097	6891	12276	-4581	-12010	1663	1391	-1360	294	831	-88	-899	2045	1417	-756	88
14121	6144	12276	-3886	-11868	1829	1656	-2680	290	853	-78	-895	1956	1537	-708	88
14139	5703	12276	-3420	-12049	1418	1453	-2420	280	862	-74	-898	1893	1613	-668	88
14160	4819	12275	3207	-11673	1718	1850	-2790	270	881	-63	-904	1775	1743	-611	88
14181	4565	12275	3493	-11937	1170	1423	-1560	257	894	-50	-912	1733	1785	-601	88
14217	3720	12208	4172	-11293	1392	2026	-2030	201	934	32	-942	1574	1927	-525	88
14241	-4089	11753	5947	-10644	1233	2079	-3650	176	952	73	-951	1260	2145	-363	88
14259	-4498	11592	6296	-10378	1254	2112	-2360	148	952	110	-961	1179	2191	-339	88
14271	-4410	11616	6194	-10424	1254	2112	-2360	123	945	139	-948	1179	2191	-339	88
14307	-5991	11259	7527	-10122	755	1756	-3620	67	939	205	-884	886	2325	-182	88
14325	-7873	10524	9128	-9275	572	1368	-3270	42	935	228	-871	554	2425	0	88
14349	-8308	8930	9347	-7694	585	2715	-2940	-13	940	286	-824	292	2410	0	88
14373	-8975	8687	9951	-7364	583	2357	-2690	-13	940	286	-824	181	2421	0	88
14397	-10393	7978	10967	-6797	316	1634	-3640	-109	866	377	-711	-140	2424	255	88
14409	-9900	6848	10353	-5711	190	3167	-2920	-132	851	397	-688	-233	2356	273	88
14445	-11438	5583	11471	-4479	-177	2271	-2890	-234	783	491	-588	-648	2278	428	88
14481	-11652	5467	11650	-4412	-95	1774	-1950	-344	711	576	-491	-753	2245	457	88
14517	-11401	5654	11460	-4634	-95	1774	-1950	-415	659	630	-427	-753	2245	452	88
14535	-11210	5815	11316	-4829	-95	1774	-1950	-470	613	670	-372	-753	2245	457	88
14565	-11031	5965	11202	-4989	-95	1774	-1950	-521	571	702	-326	-753	2245	456	88
14586	-10906	6107	11123	-5118	-95	1774	-1950	-556	531	725	-289	-753	2245	452	88
14604	-12265	-4624	11867	5608	-968	2154	-1900	-578	506	739	-267	-1579	1763	637	88
14628	-11889	-5050	11131	6036	-858	2338	-350	-630	436	763	-215	-1573	1604	571	88
14646	-11988	-5231	11164	6257	-989	1896	-2080	-665	382	784	-184	-1645	1530	589	88
14664	-11876	-5066	11087	6165	-989	1896	-2080	-696	334	807	-159	-1645	1530	589	88
14688	-10734	-5230	10059	6354	-1232	2670	150	-715	303	823	-144	-1571	1433	464	88
14721	-10147	-4727	9688	6005	-1210	1979	1590	-750	230	843	-100	-1497	1335	261	88
14742	-9770	-4459	9419	5817	-1073	1998	1420	-757	198	850	-84	-1434	1315	163	88
14787	-8235	-3360	8386	4889	-983	1842	1540	-760	167	846	-70	-1160	1249	-245	88
14811	-7760	-3247	7995	4805	-1069	2098	1320	-751	148	837	-61	-1105	1218	-323	88
14823	-7030	3262	7585	4211	-819	1914	2770	-742	146	826	-60	-936	1204	-578	88
14841	-6451	3320	7130	4180	-874	2379	2340	-732	136	811	-54	-871	1177	-680	88
14871	-6891	3784	7724	3782	-593	1470	1350	-707	141	767	-50	-845	1196	-771	88
14895	-5558	3925	6664	3591	-1087	2425	3470	-684	162	737	-50	-703	1145	-973	88
14913	-5120	3937	6322	3548	-612	2154	1580	-672	175	723	-48	-609	1061	-1124	88
14931	-4844	3901	6048	3490	-779	2049	370	-659	187	711	-45	-581	1008	-1157	88
14955	-4138	3807	5400	3464	-973	2186	1380	-631	207	686	-43	-503	914	-1253	88
14985	-3958	3760	5214	3418	-617	1538	1140	-608	219	667	-36	-444	809	-1334	88
14997	-3195	3270	4358	3726	-967	2016	-270	-597	224	659	-32	-417	685	-1321	88
15015	-2962	3126	4082	3798	-967	2016	-110	-583	228	652	-29	-395	628	-1332	88
15063	3383	-3154	3259	4052	-894	1851	-1140	-542	211	641	-18	-346	442	-1257	88
15075	3468	-3092	3044	3875	-1033	1449	-1840	-519	200	638	-7	-324	382	-1208	88
15093	3581	-3351	-3027	4060	-708	1565	-1650	-492	185	635	5	-302	322	-1168	88
15117	4157	-3359	-3794	3832	-1262	1576	-1640	-434	159	606	30	-243	209	-1075	88
15141	4626	-3398	-4413	3595	-1468	1496	-3410	-391	134	555	50	-171	103	-902	88
15177	4931	-3091	-5038	-3016	-1297	912	-4770	-322	101	485	82	-19	3	-503	88
15201	4987	3004	-5103	-3380	-1122	751	-3320	-293	76	446	93	47	-1	-402	88
15237	4710	3018	-5153	-3606	-1060	344	-3060	-228	37	375	78	76	-52	0	88
15267	4664	3041	-5076	-3489	-773	351	-1480	-193	17	333	54	102	-67	0	88
15297	4561	3307	-5028	-3901	-636	-100	-2000	-155	-2	273	61	160	-88	171	88
15315	4979	3203	-5450	-3872	-511	399	-20	-146	-6	257	61	216	-110	228	88
15339	4897	3523	-5273	-4190	-328	-216	-320	-117	-15	199	55	270	-136	242	88
15363	5151	3550	-5471	-4240	-539	46	-650	-98	-16	164	47	299	-145	261	88
15381	5116	3468	-5419	-4157	-97	54	-370	-86	-14	140	42	326	-157	273	88
15405	5502	3623	-5775	-4389	-22	33	380	-69	-12	119	37	409	-192	288	88
15435	5759	3696	-6000	-4503	30	59	20	-52	-11	96	33	463	-219	285	88
15453	5967	3826	-6185	-4683	133	-45	-770	-43	-8	80	25	521	-240	303	88
15477	5913	3812	-6102	-4640	133	-45	-770	-28	-4	56	13	521	-240	303	88
15495	6288	3776	-6366	-4561	164	46	3110	-17	-1	34	4	564	-288	226	88
15525	6535	3904	-6592	-4742	120	-68	-70	-4	1	16	-3	616	-318	220	88
15543	6735	3935	-6753	-4766	27	-17	400	3	1	3	-12	640	-337	209	88
15552	6830	3945	-6822	-4777	150	-87	570	7	1	-5	-13	663	-357	188	88
15582	7109	3968	-7076	-4824	247	-19	90	18	1	-23	-23	715	-388	191	88
15606	7415	4052	-7340	-4928	186	-97	290	28	0	-36	-27	761	-428	160	88
15624	7881	4033	-7663	-4823	160	59	1290	31	0	-43	-31	802	-477	0	88
15639	7976	4028	-7759	-4845	206	-45	810	36	0	-51	-32	821	-504	0	88
15675	8218	4131	-7983	-4987	148	-133	770	57	2	-74	-41	871	-537	0	88
15696	8340	4027	-8108	-4898	329	-65	440	61	4	-82	-46	892	-562	0	88
15714	8610	4117	-8370	-5039	259	-231	1020	68	3	-90	-48	936	-605	0	88
15741	8823	3975	-8616	-4950	398	-318	450	79	5	-102	-53	967	-667	0	88
15777	9394	3715	-9232	-4799	205	-104	790	98	6	-119	-55	1007	-765	0	88
15798	9463	3620	-9321	-4724	328	-159	800	106	9	-127	-60	1021	-796	0	88
15846	9983	3511	-9908	-4762	341	-202	530	138	18	-147	-63	1097	-894	0	88
15873	10097	3583	-10010	-4865	318	-210	-450	154	23	-164	-69	1128	-903	0	88
15915	10450	3515	-10390	-4896	358	-183	1050	193	33	-196	-74	1191	-969	0	88
15939	10440	3549	-10418	-4975	646	-612	1040	214	37	-212	-78	1231	-1015	0	88
15990	10903	3603	-10911	-5134	790	-544	240	264	46	-250	-90	1335	-1078	0	88
16014	11190	3651	-11180	-5230	587	-289	-590	279	50	-264	-93	1369	-1085	0	88
16026	11351	3906	-11309	-5530	727	-435	-930	300	54	-284	-97	1441	-1090	0	88
16047	11433	4008	-11390	-5650	751	-442	-640	322	57	-300	-102	1475	-1094	0	88
16083	11575	4249	-11513	-5946	1022	-605	-690	379	67	-352	-115	1572	-1114	0	88
16104	11618	4301	-11561	-6030	953	-735	150	407	72	-377	-119	1593	-1135	0	88
16122	11768	4387	-11819	-6271	729	-558	-820	434	76	-398	-126	1633	-1131	147	88
16134	11626	4471	-11713	-6367	1145	-759	-630	455	78	-414	-133	1670	-1130	179	88
16152	11858	4563	-11921	-6497	890	-597	-490	475	82	-438	-143	1703	-1135	203	88
16173	12027	4660	-12102	-6657	928	-699	-530	502	87	-465	-153	1757	-1162	234	88
16203	12088	4730	-12193	-6758	1120	-826	210	544	90	-503	-169	1812	-1190	269	88
16215	12291	4874	-12262	-6954	1197	-831	-580	566	92	-531	-179	1875	-1203	302	88
16251	12138	4997	-12227	-7084	1673	-1171	790	614	94	-588	-196	1934	-1222	350	88
16281	12263	5380	-12263	-7533	1253	-1236	-810	632	91	-652	-210	2003	-1225	418	88
16317	12264	5217	-12264	-7355	1320	-1152	970	672	84	-725	-224	2033	-1290	423	88
16335	12263	4828	-12263	-6997	1516	-1193	1320	686	80	-738	-227	2039	-1390	406	88
16365	12262	4610	-12262	-6805	1282	-1112	1750	768	63	-809	-231	2070	-1503	377	88
16389	12260	4316	-12260	-6493	1311	-1194	1270	820	53	-836	-232	2032	-1554	377	88
16401	12260	3372	-12260	-5513	1060	-1273	2500	845	51	-853	-228	1904	-1709	279	88
16428	12259	-3262	-12259	-4583	1375	-1527	3790	887	32	-879	-218	1785	-1833	209	88
16452	11706	-4173	-12294	-3408	1740	-2287	3560	927	-1	-896	-207	1608	-1990	0	88
16470	11928	-4634	-12256	-2941	1185	-1687	2190	942	-28	-900	-193	1538	-2044	0	88
16494	11535	-5643	-12255	3935	1163	-1733	3510	933	-66	-899	-166	1359	-2168	0	88
16512	11258	-6437	-12195	4779	1178	-1553	3150	927	-95	-919	-142	1224	-2246	0	88
16530	10626	-6474	-11450	5009	1274	-2612	3190	923	-117	-941	-127	1129	-2296	-150	88
16560	10156	-7867	-11068	6569	1080	-2238	1750	878	-162	-925	-80	853	-2412	-258	88
16590	10218	-7754	-11102	6447	1017	-2267	1750	864	-185	-917	-54	853	-2412	-263	88
16626	8819	-8947	-9835	7881	1016	-2558	1070	793	-257	-879	25	481	-2451	-312	88
16653	8346	-9523	-9422	8552	870	-2533	2160	756	-295	-853	70	310	-2479	-342	88
16677	8186	-9854	-9342	8885	652	-2321	200	726	-328	-829	104	214	-2489	-309	88
16695	8117	-10142	-9292	9229	435	-1995	1580	705	-355	-812	130	133	-2494	-319	88
16719	7499	-10220	-8717	9391	633	-2625	2400	672	-391	-783	169	33	-2498	-335	88
16737	7242	-10424	-8519	9629	707	-2593	1480	654	-418	-766	196	-33	-2498	-324	88
16767	6907	-10845	-8285	10072	109	-2288	960	616	-459	-732	244	-198	-2490	-282	88
16791	6516	-11034	-7989	10283	85	-2346	300	591	-494	-708	278	-290	-2481	-230	88
16821	5272	-10794	-6782	10165	444	-3407	2490	562	-526	-682	321	-416	-2402	-203	88
16839	5964	-11238	-7506	10541	142	-1923	-30	538	-551	-663	344	-423	-2401	-155	88
16875	5359	-11624	-7080	10893	-42	-1798	1150	503	-585	-632	385	-573	-2369	0	88
16893	4384	-10915	-6060	10302	-196	-3219	2470	491	-601	-621	399	-637	-2291	0	88
16917	4814	-11275	-6512	10639	-73	-2185	-300	467	-623	-598	423	-636	-2291	0	88
16941	4682	-11416	-6405	10817	-272	-1917	440	442	-650	-571	455	-708	-2270	0	88
16962	4211	-10832	-6004	10112	-488	-2711	680	422	-667	-552	484	-718	-2204	158	88
16980	3978	-11225	-5801	10593	-230	-2195	1820	402	-683	-534	500	-792	-2178	155	88
16998	3976	-11120	-5833	10453	-383	-2303	-10	384	-702	-518	515	-801	-2175	201	88
17016	3622	-11550	-5555	10937	-329	-1806	1290	378	-704	-510	519	-894	-2139	243	88
17040	3036	-10551	-4862	9972	-648	-2699	1310	353	-722	-486	550	-898	-2006	262	88
17064	2972	-9932	-4676	9384	-648	-2699	1310	335	-723	-470	557	-849	-1896	263	88
17094	2904	-9303	-4501	8788	-648	-2699	1310	320	-726	-452	565	-800	-1787	263	88
17121	2930	-8985	-4465	8480	-648	-2699	1310	295	-728	-428	571	-775	-1732	264	88
17133	-2967	-8372	-4240	7910	-648	-2699	1310	287	-727	-423	573	-726	-1622	263	88
17151	2903	-8064	-4198	7609	-648	-2699	1310	249	-725	-401	578	-701	-1567	261	88
17211	-5195	-8056	3716	7835	-816	-1706	1650	173	-724	-325	575	-1023	-1124	632	88
17241	-5519	-7189	4154	7082	-1162	-1977	2040	130	-721	-262	577	-1020	-958	601	88
17283	-5531	-6641	4112	6400	-931	-2048	80	105	-718	-226	583	-941	-866	743	88
17301	-5498	-6522	4115	6319	-1215	-1671	1360	77	-711	-187	585	-962	-796	727	88
17328	-5501	-6361	4078	6073	-875	-1676	-890	61	-699	-164	585	-915	-758	783	88
17352	-5359	-6070	3898	5662	-894	-1799	-1640	41	-684	-132	585	-863	-727	845	88
17376	-5184	-5510	3840	5109	-985	-1449	40	41	-684	-132	585	-789	-627	870	88
17406	-5074	-4471	3818	3916	-1137	-1820	-530	19	-652	-101	580	-662	-496	953	88
17433	-4775	-4039	3533	3359	-1082	-1536	-80	11	-636	-86	575	-564	-426	1047	88
17484	-4452	-3005	3335	-3607	-939	-1397	-490	-3	-595	-70	545	-381	-267	1166	88
17502	-4273	3025	3213	-3920	-1270	-1531	-720	-11	-528	-64	491	-333	-231	1190	88
17520	-4308	3130	3275	-4029	-971	-1607	-770	-19	-484	-59	445	-287	-191	1223	88
17541	-4079	3266	3052	-4236	-1054	-1369	-1540	-22	-458	-55	420	-236	-159	1280	88
17565	-3860	3334	-2909	-4399	-763	-1035	-760	-22	-352	-49	340	-139	-86	1305	88
17577	-3913	4067	3031	-5169	-1184	-1854	-240	-24	-345	-50	335	-91	-51	1318	88
17595	-3585	3627	-3094	-4772	-701	-931	-1030	-30	-275	-48	271	-38	-22	1353	88
17622	-3249	4022	-3279	-5142	-653	-866	10	-39	-244	-50	231	55	21	1335	88
17658	-3174	3945	-3282	-5022	-619	-932	1030	-50	-219	-50	205	59	10	1288	88
17694	-4130	-3102	3342	-3514	-531	-535	1190	-55	-207	-49	179	-199	-4	1233	88
17745	-4547	-3174	3868	-3152	-418	-321	2190	-68	-196	-36	143	-268	72	1122	88
17775	-6472	-3167	5873	3067	-470	-526	2350	-74	-185	-30	133	-531	307	1036	88
17799	-6334	3137	5926	-3140	-521	-382	1730	-79	-178	-29	126	-473	386	940	88
17823	-6265	3155	5913	-3128	-304	-127	520	-85	-174	-30	121	-451	412	920	88
18045	3124	6341	2995	-6561	114	101	220	-41	-49	7	8	420	502	554	88
18075	3231	6898	3007	-7075	7	47	30	-36	-48	5	2	485	565	518	88
18087	3114	7012	3096	-7214	116	-30	-680	-27	-38	5	-3	501	590	540	88
18114	3070	7257	3142	-7510	29	-1	-340	-17	-15	6	-13	530	644	570	88
18150	3056	7458	3167	-7743	68	107	-680	-2	7	4	-22	567	693	571	88
18168	3003	7563	3220	-7866	68	107	-610	4	21	3	-31	581	720	586	88
18186	2925	7726	3302	-8045	56	-13	-220	10	34	3	-38	596	746	595	88
18216	-2999	7890	3421	-8220	154	120	-600	17	49	4	-49	616	807	633	88
18246	-3177	8129	3612	-8470	179	71	-1010	20	67	3	-63	633	869	674	88
18279	-3439	8682	3939	-8998	169	33	-480	20	82	4	-79	668	991	735	88
18297	-3435	8654	3943	-8959	169	33	-480	19	90	3	-90	668	991	735	88
18318	-3435	8919	4035	-9176	462	-21	1400	16	98	3	-98	717	1031	705	88
18342	-3319	9002	3961	-9250	342	186	-20	13	108	2	-112	733	1057	705	88
18381	-3109	9553	3899	-9748	177	132	360	11	121	3	-133	806	1116	661	88
18402	-2990	9863	3865	-10024	127	148	180	11	134	3	-151	853	1156	635	88
18426	2986	10008	3776	-10133	439	430	580	10	139	2	-156	910	1188	595	88
18444	3215	10314	3634	-10425	192	199	1190	12	157	2	-177	958	1188	544	88
18492	3440	10693	3523	-10744	471	486	170	24	191	1	-217	1060	1260	486	88
18504	3590	10893	3421	-10929	401	411	810	28	203	3	-232	1099	1268	454	88
18534	3488	11079	3539	-11096	576	450	-300	34	222	5	-251	1130	1321	458	88
18564	3436	11120	3597	-11148	749	706	-1140	41	259	8	-277	1156	1377	462	88
18582	3609	11333	3475	-11372	567	528	900	49	289	10	-301	1199	1380	422	88
18594	3609	11439	3485	-11471	566	596	-170	52	297	12	-310	1214	1407	421	88
18612	3381	11652	3731	-11663	640	498	-500	61	329	10	-340	1231	1471	436	88
18630	3366	11628	3735	-11558	780	703	-160	68	347	15	-377	1245	1499	434	88
18654	3248	11705	3869	-11594	881	930	-440	72	379	19	-411	1258	1565	445	88
18678	-3063	11838	4367	-11729	927	723	-450	76	435	22	-452	1238	1657	494	88
18702	2903	11963	4272	-11847	668	813	0	66	459	26	-477	1256	1681	486	88
18744	-3424	11973	4824	-11807	919	941	-1230	56	533	34	-541	1234	1808	532	88
18768	-3560	11945	4986	-11758	974	1033	-780	49	563	37	-567	1225	1850	544	88
18798	-3543	12262	5121	-12018	978	1084	-240	36	589	38	-611	1268	1930	524	88
18822	-3339	12263	5065	-12263	754	785	-70	27	619	40	-634	1331	1960	467	88
18846	-3471	12264	5231	-12164	1278	1469	-370	23	652	40	-664	1332	2032	466	88
18870	-3138	12264	5043	-12264	1104	1202	1390	11	699	40	-706	1395	2026	406	88
18882	-2926	12264	4963	-12264	962	893	1410	10	722	41	-720	1467	2049	335	88
18909	-2912	12264	4984	-12264	1823	1919	40	7	746	41	-740	1487	2109	305	88
18927	3028	12264	4928	-12264	1451	1275	1130	8	782	37	-774	1521	2083	252	88
18945	3247	12264	4750	-12264	1363	1453	580	9	802	34	-793	1538	2071	213	88
18975	3571	12264	4544	-12076	1895	1970	1280	30	849	24	-841	1581	2039	0	88
18999	3866	12263	4237	-12263	1429	1322	1080	48	863	19	-856	1644	1989	0	88
19023	3980	12263	4050	-12263	1850	1607	1090	67	893	14	-872	1675	1964	0	88
19053	4537	12262	3625	-11993	2068	1888	1940	87	917	11	-914	1742	1903	-230	88
19071	4493	12262	3696	-12296	1438	1393	-480	97	944	4	-941	1737	1908	-246	88
19083	4829	12261	3422	-12171	1700	1482	1590	101	953	2	-951	1786	1863	-334	88
19107	4204	12260	3992	-11760	2102	1708	-1960	117	1001	1	-968	1715	1928	-383	88
19143	3872	12259	4297	-11902	1665	1463	-1300	131	1014	3	-973	1668	1970	-383	88
19167	4163	12259	4052	-11926	1447	1655	630	134	1015	5	-968	1686	1954	-435	88
19188	3879	11262	4186	-10492	3168	2943	-1930	140	1015	11	-960	1625	1926	-509	88
19218	3585	12060	4525	-11257	1472	1463	-1270	145	1002	31	-939	1541	1917	-617	88
19251	3167	11903	4913	-10972	1592	1843	-1120	138	981	52	-917	1460	1980	-650	88
19263	-3425	11759	5666	-10690	1715	1844	-1380	138	977	60	-910	1347	2059	-661	88
19293	-3963	11713	6188	-10554	1430	1917	-2540	113	960	90	-881	1230	2131	-681	88
19335	-4721	11568	6901	-10312	1299	1846	-1410	80	949	127	-854	1086	2208	-677	88
19359	-5638	11237	7750	-9854	1450	1790	-1900	52	942	157	-834	926	2279	-681	88
19377	-5555	10978	7684	-9545	1244	2398	-1290	31	937	179	-823	872	2301	-716	88
19407	-6361	10012	8363	-8420	1493	2812	-850	-2	923	215	-796	653	2309	-761	88
19431	-6788	10135	8770	-8484	1244	2283	-1670	-26	909	243	-780	578	2330	-778	88
19455	-6960	10273	8942	-8617	687	1970	-1520	-56	895	275	-755	510	2346	-791	88
19479	-6853	10333	8821	-8705	687	1970	-1520	-86	878	310	-730	510	2346	-793	88
19503	-6755	10408	8714	-8800	687	1970	-1520	-114	856	340	-704	510	2346	-788	88
19527	-6663	10458	8616	-8883	687	1970	-1520	-140	842	368	-680	510	2346	-790	88
19548	-6613	10483	8564	-8925	687	1970	-1520	-154	835	383	-668	510	2346	-791	88
19578	-9810	7865	11302	-5816	157	2171	-1830	-190	811	416	-638	-255	2386	-783	88
19602	-10387	6943	11700	-4832	507	1949	-480	-228	784	454	-602	-431	2299	-801	88
19620	-9828	6126	11028	-4087	140	3057	-2040	-249	771	480	-582	-496	2225	-803	88
19638	-10237	5402	11236	-3356	55	2599	-1060	-280	747	521	-551	-653	2120	-808	88
19674	-10536	4488	11328	3316	362	2399	-970	-335	706	578	-487	-807	2001	-819	88
19686	-10292	3411	10884	4300	64	2520	-1260	-340	703	582	-482	-915	1820	-814	88
19704	-10206	3476	10780	4137	64	2520	-1260	-365	685	611	-435	-915	1820	-814	88
19728	-10243	-3241	10551	4847	-75	2411	-1880	-406	644	660	-349	-1058	1670	-781	88
19770	-9563	-4765	9402	6168	-623	2430	-4040	-459	503	709	-245	-1234	1306	-643	88
19788	-9441	-5205	9139	6533	-536	2135	-2890	-478	457	721	-207	-1277	1177	-592	88
19806	-8700	-5955	8146	7034	-1083	1967	-4020	-504	387	733	-152	-1324	926	-469	88
19818	-8160	-6390	7555	7422	-1028	2421	-1910	-515	349	737	-124	-1319	824	-459	88
19884	-6178	-6975	5313	7381	-1372	1814	-2180	-570	195	740	30	-1201	359	-246	88
19902	-5117	-7259	4144	7389	-1660	1624	-1660	-579	162	737	60	-1122	146	-177	88
19983	-4501	-7594	3407	7445	-1215	977	-1290	-606	26	700	179	-1082	-112	0	88
20019	3290	-8210	-4138	7866	-3828	2744	-730	-613	-32	617	223	-1125	-304	0	88
20043	-3120	-7879	-3484	7538	-1276	851	-390	-606	-56	573	239	-964	-394	0	88
20067	3600	-7541	-4144	7128	-2149	1484	10	-598	-88	509	262	-887	-417	0	88
20109	3736	-6567	-3981	6208	-1243	800	1850	-512	-107	420	299	-681	-412	-220	88
20133	4241	-5554	-4046	5374	-1363	1104	3800	-446	-102	363	316	-522	-322	-560	88
20157	4049	-5233	-3655	5176	-970	1045	5940	-410	-94	328	331	-482	-269	-739	88
20169	3476	-6235	-3196	6268	-924	949	3310	-396	-87	312	336	-660	-362	-845	88
20202	-3177	-7225	3481	7485	-638	943	4120	-349	-69	265	349	-854	-418	-1104	88
20220	-3409	-7164	3924	7704	-459	1134	6920	-332	-62	245	334	-877	-365	-1309	88
20244	-3791	-6968	4431	7747	-204	673	2940	-311	-56	225	304	-886	-342	-1477	88
20262	-3992	-6901	4777	7913	94	666	2370	-308	-56	222	291	-898	-310	-1647	88
20280	-4043	-6707	4899	7954	-300	531	2270	-277	-44	202	225	-902	-294	-1726	88
20316	-4108	-6691	5000	8141	-267	472	140	-249	-39	188	180	-900	-299	-1831	88
20334	-4190	-6621	5096	8156	-273	356	1200	-236	-40	183	166	-901	-296	-1866	88
20355	-4208	-6650	5101	8251	-203	361	720	-220	-40	180	154	-898	-305	-1910	88
20400	-4120	-6634	4947	8224	-349	238	330	-194	-47	170	148	-884	-341	-1904	88
20430	-3917	-6665	4663	8178	-577	222	-1000	-182	-50	168	145	-869	-380	-1862	88
20451	-3890	-6761	4589	8231	-350	88	-300	-182	-50	168	145	-854	-412	-1833	88
20472	-3748	-6846	4321	8251	-409	204	-1570	-153	-62	159	146	-835	-449	-1780	88
20490	-3737	-6824	4336	8259	-414	209	900	-148	-63	157	148	-834	-449	-1807	88
20592	-3055	-6966	3291	7943	-454	-74	-1850	-107	-86	136	170	-719	-617	-1526	88
20616	2907	-6985	3056	7864	-363	-183	-700	-101	-90	132	172	-684	-656	-1453	88
20646	3286	-6974	-3255	7654	-387	-221	-1980	-82	-99	121	180	-616	-720	-1336	88
20664	3549	-6934	-3544	7488	-559	-186	-1970	-72	-100	105	186	-580	-748	-1270	88
20682	3679	-7022	-3706	7503	-294	-104	-1610	-63	-104	88	189	-544	-776	-1212	88
20718	4051	-6915	-4194	7181	-313	-168	-2070	-42	-111	70	195	-463	-826	-1068	88
20730	4196	-6772	-4378	6960	-343	-357	-280	-36	-116	65	195	-422	-848	-998	88
20754	4165	-6766	-4349	6960	-343	-357	-280	-27	-118	57	195	-422	-848	-998	88
20772	4525	-6633	-4843	6599	-150	-448	-2110	-15	-124	45	195	-323	-891	-820	88
20820	4898	-6322	-5249	6164	-576	-507	-2070	6	-132	32	198	-259	-911	-751	88
20838	4864	-6464	-5271	6277	-82	-384	-1720	12	-133	25	195	-234	-917	-695	88
20862	4988	-6338	-5370	6140	-307	-404	10	19	-136	17	195	-220	-921	-688	88
20901	5449	-5774	-5845	5388	-258	-247	-2390	30	-140	1	188	-74	-883	-516	88
20913	5464	-5502	-5882	5039	-244	-632	-2150	35	-138	-6	183	-29	-886	-445	88
20937	5316	-5123	-5693	4675	-251	-782	-1870	39	-137	-10	179	-2	-826	-415	88
20967	5710	-5071	-6060	4567	-228	-352	540	45	-134	-20	172	59	-824	-368	88
20991	5795	-4803	-6154	4237	-257	-554	-1470	52	-132	-28	164	109	-817	-316	88
21015	5904	-4908	-6262	4339	-64	-244	-480	57	-129	-36	157	129	-815	-294	88
21027	5810	-4467	-6120	3892	-2	-324	-510	58	-129	-38	156	174	-744	-250	88
21051	5924	-4140	-6174	3558	-222	-554	-50	61	-126	-46	146	212	-734	-242	88
21072	6222	-3832	-6440	3176	-172	-350	-150	61	-126	-49	144	292	-703	-182	88
21090	6348	4115	-6210	-4751	-120	-709	-1300	65	-121	-54	135	551	-431	-150	88
21108	6741	4017	-6584	-4687	-34	-480	1880	65	-117	-57	128	597	-469	-147	88
21138	7149	4149	-7100	-5015	-58	-463	-1890	75	-96	-63	98	692	-492	0	88
21168	7473	4147	-7417	-5074	-207	-537	-440	84	-76	-71	78	735	-535	0	88
21198	7585	3995	-7542	-4913	221	-208	-1400	92	-64	-76	60	772	-535	0	88
21222	7808	4135	-7748	-5100	267	-427	-40	97	-56	-80	52	826	-564	0	88
21240	8109	4182	-8037	-5215	-94	-361	530	101	-49	-83	51	847	-587	0	88
21294	8740	4342	-8628	-5505	375	-200	-370	123	-14	-102	22	1005	-618	0	88
21360	9101	4470	-9058	-5803	232	-215	-350	152	15	-134	-20	1095	-643	153	88
21372	9176	4372	-9130	-5694	485	-251	730	154	16	-137	-24	1113	-672	133	88
21402	9515	4656	-9477	-6084	503	-395	-610	170	25	-152	-41	1208	-690	192	88
21426	9822	4661	-9769	-6108	566	-289	610	182	30	-165	-56	1260	-720	196	88
21444	10041	4667	-9978	-6135	388	-227	280	192	35	-175	-66	1282	-742	190	88
21465	10112	4928	-10087	-6487	681	-366	-1310	204	40	-182	-72	1358	-729	262	88
21489	10403	5141	-10357	-6765	583	-312	-1170	219	44	-200	-83	1424	-732	306	88
21513	10441	5245	-10385	-6872	570	-461	-30	239	50	-220	-97	1452	-743	316	88
21570	11193	5368	-11116	-7119	498	-413	450	273	59	-256	-118	1579	-827	333	88
21594	11194	5408	-11152	-7181	865	-504	-680	314	67	-292	-138	1638	-844	360	88
21636	11213	5586	-11184	-7389	998	-643	-1240	364	73	-340	-158	1700	-853	399	88
21657	11524	5763	-11471	-7629	925	-534	-40	378	75	-357	-165	1764	-860	440	88
21678	11533	5904	-11472	-7798	905	-857	340	390	77	-371	-168	1788	-879	445	88
21696	11532	5930	-11485	-7806	905	-857	340	437	83	-411	-188	1815	-892	445	88
21726	10807	6012	-10898	-7934	3137	-1950	-3700	473	88	-444	-198	1937	-916	521	88
21756	12096	6262	-12061	-8303	838	-714	30	510	93	-481	-212	1966	-926	539	88
21780	11995	6170	-12002	-8208	1417	-1041	670	546	98	-516	-229	2009	-975	546	88
21798	12144	6195	-12154	-8273	1294	-801	-280	581	103	-551	-239	2041	-978	573	88
21822	11999	6352	-12018	-8451	1448	-967	-550	625	108	-595	-250	2078	-970	609	88
21846	12253	6387	-12253	-8552	1321	-961	-800	669	107	-631	-267	2147	-1035	634	88
21867	12253	6452	-12253	-8647	1606	-1178	0	669	107	-631	-267	2176	-1044	662	88
21888	12253	6221	-12253	-8440	1359	-992	160	723	110	-693	-288	2202	-1127	653	88
21918	12253	6209	-12253	-8437	1837	-1149	-220	780	110	-745	-307	2255	-1156	698	88
21948	12252	6204	-12252	-8485	1703	-1379	60	817	110	-789	-316	2267	-1197	748	88
21960	12252	5956	-12252	-8208	1761	-1414	1330	833	108	-804	-323	2244	-1240	739	88
21984	12250	5733	-12250	-7973	1765	-1452	1240	865	106	-833	-328	2221	-1280	734	88
22008	12250	5728	-12250	-8023	1675	-1465	750	896	98	-869	-320	2217	-1287	792	88
22038	11967	5088	-12248	-7314	2151	-1773	810	938	81	-897	-322	2150	-1396	766	88
22065	12078	4651	-12247	-6888	1727	-1808	1450	949	66	-916	-312	2084	-1494	743	88
22101	11706	3512	-12245	-5754	1894	-2250	1630	977	59	-935	-296	1934	-1683	675	88
22122	11966	2995	-12244	-5281	1369	-1834	1710	978	42	-952	-275	1863	-1761	668	88
22152	11497	-4082	-12243	-3906	1686	-2201	4150	974	24	-965	-253	1673	-1943	566	88
22170	11590	-4368	-12242	-3626	1266	-2063	1960	973	7	-976	-238	1614	-1993	546	88
22191	11431	-4981	-12242	-2980	1225	-2041	3040	964	-19	-982	-215	1509	-2073	535	88
22215	11317	-4963	-12241	-2980	1599	-1988	-100	956	-70	-996	-181	1508	-2073	588	88
22233	11228	-5268	-12216	3206	1289	-2096	2720	949	-105	-1001	-157	1420	-2135	549	88
22269	10043	-6275	-11139	4479	1409	-2808	2090	924	-168	-1007	-117	1130	-2234	479	88
22305	9521	-7601	-10764	5995	702	-2580	1740	893	-239	-989	-55	814	-2368	373	88
