0	4703	-5028	-5165	4543	0	0	-150	0	0	-1	-1	25	-813	0	88
9	4488	4385	3307	3219	0	0	-520	0	0	-1	-1	199	-1	-2963	88
36	5129	4919	-3039	-3211	0	0	-520	2	2	-3	-1	399	-3	-2963	88
42	6422	5978	-4140	-4460	0	0	-50	4	2	-3	-1	799	-12	-2972	88
78	7704	7042	-5237	-5720	-30	-10	710	7	5	-4	2	1199	-18	-2970	88
114	7667	7074	-5205	-5757	53	3	-540	26	12	-7	5	1199	-4	-2949	88
132	7639	7100	-5183	-5790	12	-2	-460	42	17	-10	2	1200	7	-2929	88
156	7614	7123	-5162	-5817	63	41	-460	58	24	-13	-3	1200	17	-2913	88
174	7591	7144	-5138	-5838	170	-131	-330	74	32	-13	-5	1200	26	-2906	88
207	7515	7206	-5073	-5909	-29	13	-830	102	42	-16	-13	1199	54	-2864	88
225	7458	7256	-5016	-5960	93	18	-870	112	51	-21	-17	1198	76	-2843	88
243	7362	7325	-4935	-6040	391	85	-2070	121	59	-22	-22	1196	110	-2792	88
273	7241	7402	-4833	-6132	232	17	-540	144	71	-26	-29	1191	151	-2729	88
291	7222	7411	-4821	-6147	218	186	-560	155	73	-26	-34	1191	157	-2714	88
312	7053	7514	-4674	-6264	120	-32	-830	177	79	-30	-41	1182	212	-2635	88
330	6956	7566	-4589	-6322	371	34	-1560	193	86	-38	-47	1176	243	-2593	88
354	6953	7572	-4580	-6322	361	-4	70	212	94	-40	-54	1176	244	-2600	88
372	6915	7591	-4551	-6349	322	209	-830	225	98	-38	-62	1174	256	-2577	88
414	6704	7685	-4376	-6464	57	21	-1280	252	111	-41	-72	1159	318	-2476	88
450	6663	7703	-4341	-6486	506	286	-510	262	125	-38	-81	1156	330	-2458	88
477	6506	7756	-4216	-6558	337	314	-1700	252	136	-37	-89	1142	372	-2380	88
501	6419	7790	-4142	-6596	336	79	-1200	233	148	-35	-92	1135	396	-2345	88
519	6320	7826	-4052	-6633	410	51	-870	221	157	-34	-94	1125	423	-2313	88
543	6113	7885	-3880	-6707	454	409	-1760	209	166	-33	-99	1104	477	-2225	88
573	6045	7903	-3823	-6729	386	247	-1110	191	182	-29	-106	1097	494	-2197	88
591	5826	7937	-3659	-6794	323	95	-2400	183	189	-28	-111	1073	544	-2086	88
621	5461	8006	-3331	-6856	267	200	-2180	172	197	-23	-118	1025	629	-1985	88
639	5274	8027	-3168	-6876	669	183	-2070	169	201	-21	-120	999	670	-1930	88
663	4830	8048	3009	-6899	1104	282	-2000	161	212	-20	-129	932	760	-1795	88
684	4667	8041	3138	-6902	351	397	-2220	156	216	-20	-132	907	790	-1734	88
702	4502	8038	3289	-6887	577	56	-1130	151	226	-21	-138	879	821	-1704	88
723	4292	8019	3457	-6877	255	216	-350	148	232	-21	-141	844	857	-1632	88
750	3944	7977	3749	-6830	342	446	-390	146	241	-16	-143	782	914	-1540	88
786	3763	7947	3907	-6790	644	297	-1430	138	254	5	-148	747	942	-1505	88
804	3322	7847	4268	-6689	580	302	-1490	132	257	13	-152	662	1004	-1387	88
825	-3022	7669	4698	-6519	609	392	-2580	132	261	17	-153	550	1069	-1231	88
843	-3216	7595	4844	-6453	219	424	-2160	119	266	32	-151	509	1090	-1170	88
879	-3606	7404	5084	-6336	724	391	-3360	97	272	50	-146	429	1123	-965	88
915	-4643	6565	5875	-5455	396	480	-1900	77	274	68	-146	127	1135	-795	88
939	-4842	6415	6016	-5312	236	601	-1970	60	269	79	-145	73	1139	-740	88
957	-5053	6239	6176	-5127	496	376	-1350	55	266	82	-146	11	1141	-707	88
987	-5243	6074	6293	-4985	20	559	-2510	28	255	98	-142	-40	1140	-631	88
1017	-5627	5377	6489	-4318	459	828	-1180	11	251	105	-139	-205	1059	-536	88
1035	-5719	5271	6545	-4220	35	505	-1120	3	246	110	-137	-235	1053	-507	88
1071	-6192	4592	6837	-3550	355	580	-860	-17	233	120	-128	-415	993	-413	88
1089	-6225	4536	6862	-3488	-133	631	-140	-28	226	125	-123	-430	987	-417	88
1113	-6581	3808	7027	3006	-72	669	-1100	-38	217	135	-113	-595	893	-328	88
1131	-6730	3367	7063	3418	226	612	-1740	-45	210	141	-106	-684	824	-280	88
1155	-6773	3186	7071	3598	-52	513	-220	-56	199	147	-91	-719	791	-281	88
1179	-6842	-2911	7058	3865	-172	614	-1540	-64	188	158	-77	-772	739	-241	88
1191	-6885	-3509	6981	4434	64	522	-380	-73	170	167	-64	-868	614	-239	88
1209	3015	3067	2928	-2947	-195	516	-1670	-76	157	177	-53	25	13	-194	88
1227	3044	3230	-2980	-3239	82	442	-1130	-82	147	181	-43	76	46	0	88
1257	3117	3458	-3009	-3469	-293	504	-3010	-76	129	165	-31	123	83	0	88
1290	3185	3690	-3033	-3701	-274	331	-1420	-71	108	142	-24	171	121	0	88
1329	3310	4029	-3093	-4045	-149	263	1990	-58	86	117	-21	244	173	0	88
1347	3367	4259	-3104	-4273	-128	135	-340	-57	78	105	-20	289	213	0	88
1371	3385	4375	-3099	-4386	-32	152	-920	-50	70	89	-21	310	236	0	88
1389	3412	4491	-3104	-4500	108	250	-410	-42	61	75	-22	332	256	0	88
1407	3447	4604	-3116	-4614	20	229	-40	-36	54	64	-24	355	275	0	88
1425	3490	4717	-3138	-4729	32	81	220	-32	52	59	-23	380	292	0	88
1443	3572	4943	-3176	-4958	-114	146	230	-29	47	53	-25	429	327	0	88
1473	3727	5277	-3268	-5303	11	-61	250	-23	41	45	-30	508	372	0	88
1485	3727	5277	-3268	-5303	11	-61	250	-22	38	45	-30	508	372	0	88
1509	3816	5502	-3313	-5533	129	154	340	-18	31	28	-36	558	405	0	88
1527	3850	5616	-3326	-5647	142	-10	-120	-18	32	20	-38	581	424	0	88
1545	3952	5839	-3385	-5877	147	-30	0	-16	30	15	-38	634	454	0	88
1569	4142	6048	-3536	-6112	62	-42	870	-15	29	6	-42	700	464	0	88
1599	4226	6151	-3601	-6226	12	39	810	-11	28	-7	-47	731	472	0	88
1623	4385	6359	-3723	-6453	129	100	430	-1	31	-14	-57	792	488	0	88
1650	4406	6477	-3720	-6568	237	-43	-610	4	32	-17	-57	814	510	0	88
1662	4601	6730	-3788	-6751	12	43	280	10	35	-23	-59	873	528	-138	88
1692	4714	6953	-3852	-6976	249	173	-140	20	41	-30	-63	926	556	-150	88
1722	4907	7286	-3971	-7314	106	-39	210	28	45	-36	-66	1010	593	-169	88
1746	4958	7397	-3999	-7428	276	210	-10	34	53	-36	-75	1036	608	-171	88
1770	5163	7724	-4129	-7760	421	74	710	40	57	-39	-82	1120	642	-195	88
1800	5163	7724	-4129	-7760	421	74	710	48	71	-43	-94	1120	642	-195	88
1836	5374	8049	-4265	-8092	238	56	310	53	83	-47	-105	1206	674	-219	88
1860	5379	8285	-4241	-8337	189	-167	-1550	57	92	-48	-116	1245	726	-187	88
1893	5663	8604	-4438	-8659	478	130	1070	64	109	-54	-131	1340	742	-238	88
1929	5898	8923	-4595	-8985	265	28	950	71	119	-57	-138	1429	769	-269	88
1965	5968	9152	-4624	-9219	529	243	590	94	142	-63	-164	1476	807	-263	88
1992	6085	9376	-4694	-9448	386	180	-90	109	154	-68	-180	1531	834	-271	88
2034	6379	9684	-4901	-9760	518	289	510	125	185	-70	-216	1626	847	-325	88
2052	6499	9905	-4972	-9983	530	447	-120	132	197	-73	-228	1680	873	-337	88
2082	6880	10060	-5281	-10148	767	379	1880	138	225	-78	-259	1766	834	-421	88
2112	6984	10289	-5337	-10379	534	494	1010	144	255	-81	-289	1819	866	-428	88
2130	7191	10487	-5485	-10580	1076	459	270	146	285	-83	-327	1883	870	-467	88
2151	7317	10579	-5581	-10674	874	538	530	151	308	-83	-359	1918	866	-492	88
2187	7474	10919	-5662	-10979	1036	710	790	164	355	-86	-410	1996	912	-510	88
2208	7535	10980	-5697	-10980	757	457	-40	175	397	-87	-457	2024	926	-518	88
2226	7580	10981	-5713	-10981	985	937	-260	186	434	-90	-510	2048	944	-529	88
2244	7608	10982	-5714	-10982	1325	736	-350	203	465	-95	-546	2071	966	-534	88
2286	7943	10983	-5928	-10983	1565	889	420	244	547	-98	-647	2190	996	-607	88
2310	7967	10984	-5922	-10984	1306	1075	-440	250	581	-95	-671	2212	1019	-616	88
2358	7956	10984	-5824	-10984	1795	1158	-160	272	655	-94	-732	2268	1111	-627	88
2370	7858	10984	-5668	-10984	1424	1284	-1410	271	675	-92	-750	2293	1194	-623	88
2400	7686	10984	-5479	-10984	1442	1248	510	277	704	-88	-779	2269	1239	-627	88
2418	7510	10984	-5295	-10984	1375	1045	-1120	276	728	-84	-793	2245	1285	-614	88
2442	7193	10984	-4967	-10984	1341	1017	-1500	278	742	-81	-807	2199	1362	-596	88
2454	6930	10984	-4702	-10984	2084	1877	-2130	279	756	-76	-816	2159	1423	-574	88
2472	6827	10984	-4591	-10984	1477	1422	-920	276	774	-73	-826	2143	1448	-576	88
2490	6471	10984	-4222	-10984	1655	1570	-1490	272	785	-64	-837	2086	1529	-565	88
2526	6298	10984	-4002	-10984	1692	2005	10	262	812	-49	-853	2054	1572	-622	88
2556	5869	10983	-3561	-10983	1765	1673	-1140	257	827	-38	-861	1981	1663	-614	88
2574	5606	10983	-3300	-10983	1353	1529	-1650	256	830	-36	-863	1935	1716	-596	88
2604	5324	10982	-2997	-10982	1833	1789	-1400	241	853	-30	-880	1883	1774	-616	88
2622	5324	10982	-2997	-10982	1833	1789	-1400	238	859	-27	-883	1883	1774	-616	88
2640	5064	10982	3071	-10982	1709	1777	-260	231	871	-26	-892	1795	1777	-693	88
2664	4924	10982	3226	-10982	1831	2212	-1160	230	877	-27	-900	1768	1804	-710	88
2676	4805	10981	3360	-10981	1732	2010	-850	209	894	-21	-911	1744	1828	-732	88
2697	4713	10981	3502	-10981	1891	2073	-880	198	909	0	-929	1722	1849	-807	88
2739	4516	10980	3708	-10980	1606	1862	-1190	176	930	39	-948	1682	1885	-817	88
2775	3941	10979	4338	-10979	1740	2323	-1100	152	952	72	-971	1561	1987	-901	88
2799	3663	10980	4617	-10980	1446	1973	-1530	146	950	98	-967	1502	2031	-905	88
2841	3241	10979	5076	-10979	1399	2065	-1200	110	958	143	-970	1407	2098	-973	88
2883	-3284	10979	5753	-10980	1307	2199	500	82	954	173	-960	1210	2148	-998	88
2919	-3282	10979	5755	-10978	1307	2199	500	38	951	206	-951	1210	2148	-1003	88
2943	-3283	10979	5754	-10979	1307	2199	500	9	947	226	-947	1210	2148	-1000	88
2964	-3283	10979	5754	-10979	1307	2199	500	-8	948	239	-937	1210	2148	-1000	88
2997	-5877	10979	8161	-9476	590	2279	-1740	-43	951	259	-939	566	2400	-961	88
3051	-6100	10618	8334	-8788	825	2256	130	-92	954	304	-924	422	2307	-1074	88
3075	-6368	9949	8489	-8087	1095	2886	-1290	-114	950	327	-899	270	2209	-1100	88
3093	-6367	9958	8526	-8051	814	1797	340	-139	944	347	-890	264	2210	-1164	88
3117	-6437	9655	8557	-7730	1740	3327	-1010	-173	935	374	-862	203	2156	-1196	88
3129	-6488	9103	8534	-7157	866	2459	-610	-181	931	385	-855	105	2042	-1258	88
3171	-6673	8140	8565	-6174	761	2333	-910	-223	905	434	-792	-78	1862	-1317	88
3201	-6640	7601	8463	-5626	829	2719	-510	-237	893	449	-765	-159	1735	-1385	88
3213	-6830	7107	8530	-5157	520	2801	-3090	-250	879	463	-743	-263	1662	-1336	88
3243	-6671	6655	8327	-4703	905	3209	-970	-267	851	484	-701	-309	1531	-1423	88
3273	-6716	5921	8225	-4003	647	2568	-1470	-287	819	507	-656	-426	1376	-1422	88
3303	-6589	5344	8003	-3459	375	2537	-430	-305	789	524	-620	-492	1224	-1460	88
3339	-6435	4230	7610	3342	356	2534	-400	-328	756	543	-560	-625	947	-1437	88
3369	-6166	3612	7225	3884	365	2643	-1900	-345	720	557	-472	-668	759	-1458	88
3387	-5837	-2920	6705	4465	76	3032	-1940	-356	700	565	-416	-708	535	-1395	88
3405	-5596	-3158	6420	4650	105	2469	-460	-359	683	569	-389	-699	436	-1409	88
3441	-5026	-3823	5616	5056	-178	2409	-3130	-388	543	600	-274	-673	182	-1255	88
3459	-4679	-4037	5168	5128	-348	2567	-3840	-407	492	613	-244	-630	70	-1168	88
3480	-3920	-4202	4252	5004	-3047	8363	-12630	-429	429	625	-200	-491	-107	-981	88
3507	-4203	-5926	4114	6587	-820	2180	-3290	-454	358	640	-144	-785	-435	-841	88
3537	-3463	-6062	3276	6500	-733	1462	-1390	-476	285	648	-84	-655	-604	-743	88
3594	4518	-6217	-4907	6060	-1506	1596	-460	-484	169	573	40	-242	-1048	-526	88
3630	4763	-6063	-5128	5864	-1348	1505	-630	-408	113	479	108	-173	-1060	-522	88
3669	5038	-5851	-5279	5712	-833	1015	1130	-374	81	403	158	-105	-1066	-672	88
3693	5460	-6384	-5746	6211	-897	1068	1710	-336	63	347	197	-118	-1266	-791	88
3717	5563	-6304	-5802	6154	-730	856	850	-311	55	317	219	-93	-1268	-847	88
3741	5615	-6262	-5811	6145	-587	851	1190	-284	45	280	242	-83	-1269	-907	88
3762	5593	-6272	-5764	6190	-400	677	1260	-260	39	254	255	-93	-1267	-953	88
3798	5530	-6309	-5618	6343	-307	510	2100	-218	30	206	284	-127	-1265	-1106	88
3816	5478	-6341	-5553	6404	-88	105	1040	-200	23	183	288	-145	-1263	-1137	88
3936	5373	-6407	-5404	6553	-54	26	540	-76	-15	68	179	-185	-1259	-1232	88
3954	5358	-6416	-5386	6570	-4	-63	230	-63	-22	60	167	-190	-1258	-1239	88
3984	5490	-6333	-5538	6426	-270	-152	-470	-46	-31	52	156	-147	-1264	-1183	88
4008	5550	-6297	-5608	6361	-88	-105	-550	-30	-41	41	149	-127	-1267	-1154	88
4032	5474	-6347	-5525	6441	117	-309	790	-18	-45	29	150	-152	-1264	-1180	88
4050	5593	-6270	-5669	6300	48	-99	-1960	-13	-48	18	152	-111	-1269	-1116	88
4086	5573	-6284	-5643	6327	-79	-74	-320	-2	-52	1	146	-118	-1268	-1130	88
4104	5581	-6279	-5653	6318	-182	-187	270	5	-54	-8	142	-115	-1269	-1125	88
4122	5582	-6279	-5654	6318	-61	-51	30	7	-58	-12	139	-115	-1269	-1125	88
4152	5525	-6320	-5598	6375	114	-152	-40	19	-56	-21	119	-133	-1267	-1136	88
4200	5459	-6365	-5532	6440	197	-254	-410	30	-58	-32	102	-154	-1265	-1149	88
4218	5513	-6333	-5603	6372	99	-205	-1460	35	-59	-35	96	-135	-1268	-1111	88
4248	5483	-6353	-5568	6406	1	-84	490	42	-58	-39	91	-145	-1267	-1125	88
4284	5546	-6314	-5649	6330	-4	-357	-1000	49	-55	-45	83	-123	-1270	-1084	88
4314	5489	-6355	-5588	6392	-34	-51	1290	54	-56	-50	79	-142	-1268	-1103	88
4356	5594	-6285	-5722	6257	-138	-346	-150	55	-61	-52	76	-104	-1271	-1032	88
4377	5561	-6309	-5684	6296	-51	-176	550	58	-60	-56	77	-115	-1271	-1047	88
4407	5664	-6238	-5819	6158	90	-53	-680	59	-63	-60	76	-77	-1274	-973	88
4425	5681	-6230	-5837	6143	-162	-397	0	59	-66	-60	76	-72	-1275	-967	88
4449	5700	-6214	-5860	6116	-86	-323	-240	61	-66	-62	74	-65	-1275	-956	88
4488	5747	-6179	-5923	6049	-72	-526	1170	63	-70	-64	75	-47	-1276	-919	88
4512	5811	-6130	-6003	5960	28	-379	-1170	67	-73	-66	77	-23	-1276	-876	88
4548	5785	-6152	-5973	5995	-36	-236	1280	68	-76	-67	79	-33	-1276	-890	88
4572	5865	-6088	-6070	5887	-167	-330	-240	66	-80	-68	77	-3	-1277	-843	88
4590	5944	-6026	-6163	5783	-59	-270	-1320	67	-81	-71	77	25	-1278	-799	88
4611	5931	-6038	-6150	5800	-109	-441	-340	63	-81	-71	80	20	-1278	-804	88
4629	5935	-6032	-6155	5791	-66	-274	-10	65	-81	-72	79	22	-1277	-800	88
4653	5949	-6025	-6168	5781	-106	-311	60	68	-83	-76	77	26	-1278	-799	88
4701	6009	-5971	-6243	5689	-240	-340	-720	73	-82	-76	78	50	-1277	-757	88
4731	5989	-5992	-6231	5707	57	-298	-380	72	-85	-82	78	44	-1278	-749	88
4749	6064	-5925	-6318	5601	-51	-358	-1100	73	-84	-82	78	72	-1277	-708	88
4785	6000	-5986	-6250	5689	11	-239	10	77	-87	-81	78	48	-1278	-734	88
4815	6001	-5984	-6255	5682	4	-378	1420	78	-85	-83	81	50	-1278	-727	88
4833	6131	-5862	-6403	5496	-89	-319	-2100	83	-87	-85	81	100	-1275	-660	88
4851	6128	-5867	-6408	5492	112	-364	-260	80	-88	-87	80	100	-1275	-647	88
4869	6082	-5912	-6352	5564	-27	-357	800	80	-88	-87	79	81	-1277	-677	88
4890	6188	-5808	-6479	5398	92	-379	-600	83	-88	-89	80	124	-1273	-609	88
4917	6233	-5765	-6530	5333	-137	-271	-1000	86	-88	-89	79	141	-1272	-585	88
4941	6203	-5795	-6504	5369	79	-781	70	91	-88	-91	79	131	-1273	-589	88
4974	6262	-5735	-6577	5272	145	-334	10	96	-87	-96	79	155	-1270	-547	88
4998	6295	-5703	-6608	5230	-32	-301	-430	97	-88	-97	79	167	-1269	-539	88
5022	6360	-5633	-6699	5107	-50	-538	-1060	103	-89	-101	77	197	-1265	-474	88
5052	6340	-5653	-6675	5138	10	-321	490	106	-88	-105	78	189	-1266	-486	88
5082	6368	-5625	-6711	5090	115	-481	860	112	-94	-110	78	201	-1265	-464	88
5112	6482	-5496	-6822	4921	-177	-470	-200	112	-93	-113	79	245	-1257	-428	88
5130	6389	-5599	-6730	5058	259	-363	1130	112	-94	-110	77	209	-1263	-459	88
5154	6512	-5459	-6858	4866	-306	-460	-450	112	-96	-112	77	259	-1254	-407	88
5190	6491	-5482	-6839	4894	7	-617	1560	111	-97	-113	80	251	-1256	-410	88
5208	6561	-5394	-6916	4769	-104	-553	-1190	111	-99	-115	79	281	-1249	-370	88
5232	6597	-5351	-6958	4706	8	-559	-450	110	-98	-114	77	297	-1246	-347	88
5262	6617	-5325	-6975	4675	-25	-463	150	113	-99	-120	75	305	-1244	-343	88
5280	6568	-5385	-6936	4743	233	-311	210	114	-100	-122	75	287	-1248	-346	88
5304	6644	-5289	-6993	4639	-32	-440	1380	115	-99	-123	73	315	-1241	-348	88
5322	6677	-5244	-7045	4558	58	-516	-810	116	-98	-128	71	333	-1237	-301	88
5346	6670	-5255	-7035	4575	93	-491	420	118	-99	-129	72	329	-1238	-308	88
5376	6626	-5312	-7000	4639	167	-419	310	123	-96	-135	67	312	-1242	-312	88
5406	6696	-5218	-7078	4507	48	-687	-510	125	-96	-136	64	344	-1234	-268	88
5433	6602	-5344	-6987	4669	148	-377	520	126	-96	-138	64	304	-1245	-304	88
5451	6643	-5286	-7030	4591	58	-604	650	128	-93	-144	61	322	-1240	-281	88
5472	6643	-5286	-7030	4591	58	-604	650	129	-91	-147	62	322	-1240	-281	88
5490	7030	3267	-6892	-3900	-36	-617	-410	132	-94	-147	61	807	-700	-249	88
5517	7253	3308	-7126	-4000	178	-571	-930	135	-85	-149	57	858	-733	-225	88
5565	7708	3314	-7590	-4098	29	-519	1080	145	-70	-151	45	945	-818	-223	88
5589	7821	3271	-7700	-4065	255	-281	760	152	-59	-153	37	957	-849	-246	88
5613	8158	3415	-8054	-4314	115	-236	820	156	-48	-153	28	1049	-880	-180	88
5631	8272	3425	-8168	-4346	115	-236	820	165	-43	-156	19	1072	-899	-179	88
5664	8501	3491	-8403	-4470	282	-391	160	175	-33	-163	8	1128	-927	-155	88
5682	8614	3491	-8519	-4493	257	-300	110	184	-24	-164	2	1149	-949	-154	88
5700	8684	3504	-8677	-4626	404	-395	-540	188	-18	-167	-5	1181	-957	0	88
5721	8926	3714	-8882	-4872	543	-367	-990	193	-11	-172	-11	1258	-956	0	88
5763	9276	3885	-9205	-5103	325	-244	120	217	8	-193	-30	1349	-984	0	88
5793	9510	4093	-9402	-5346	336	-424	-450	229	15	-206	-41	1424	-982	0	88
5844	9973	4330	-9826	-5661	537	-502	-640	264	33	-234	-63	1547	-1017	0	88
5859	10087	4406	-9928	-5755	513	-529	-390	276	36	-247	-70	1580	-1022	0	88
5895	10266	4459	-10189	-5947	459	-343	-580	316	44	-272	-86	1638	-1042	154	88
5913	10369	4552	-10292	-6074	895	-622	-810	336	48	-295	-96	1674	-1041	182	88
5931	10578	4738	-10500	-6328	596	-431	-160	357	54	-311	-105	1747	-1038	236	88
5949	10803	4785	-10728	-6428	496	-487	100	380	57	-332	-113	1798	-1070	250	88
5997	10970	5032	-10970	-6775	853	-589	-1030	467	71	-413	-136	1901	-1072	328	88
6015	10970	5137	-10970	-6915	1099	-737	-670	493	75	-434	-143	1938	-1067	361	88
6045	10970	5172	-10970	-6997	1046	-762	250	536	80	-485	-159	1987	-1102	365	88
6075	10970	5542	-10970	-7486	1097	-810	510	611	93	-562	-194	2106	-1070	492	88
6093	10970	5533	-10970	-7506	1506	-1007	370	634	97	-589	-211	2128	-1093	498	88
6114	10970	5719	-10970	-7732	1325	-889	-1090	645	99	-600	-218	2175	-1066	551	88
6144	10970	5921	-10970	-8037	1336	-973	-940	703	105	-660	-252	2270	-1077	630	88
6168	10969	5945	-10969	-8096	1633	-1301	170	730	109	-694	-272	2297	-1091	654	88
6198	10969	6029	-10969	-8267	2393	-2063	-3340	757	113	-719	-291	2355	-1109	729	88
6216	10969	5763	-10969	-8003	1589	-1145	1940	778	111	-748	-305	2321	-1178	695	88
6252	10968	5471	-10968	-7752	1323	-1059	1410	804	118	-782	-328	2285	-1247	721	88
6276	10967	5773	-10967	-8108	1662	-1187	-700	820	118	-803	-335	2328	-1163	849	88
6294	10967	5773	-10967	-8108	1662	-1187	-700	834	119	-819	-334	2328	-1163	849	88
6306	10966	5414	-10966	-7752	2064	-1816	3030	846	116	-836	-334	2281	-1254	808	88
6336	10966	5182	-10966	-7536	2881	-2322	1660	863	113	-844	-333	2209	-1259	881	88
6375	10965	4773	-10965	-7171	2189	-1889	2410	877	99	-869	-332	2154	-1352	907	88
6399	10964	4839	-10964	-7266	1618	-1459	-350	915	80	-898	-314	2166	-1333	960	88
6423	10964	4184	-10964	-6613	1774	-2044	2170	921	70	-908	-306	2066	-1483	902	88
6453	10963	3537	-10963	-5989	1485	-1584	1950	935	58	-919	-288	1961	-1619	893	88
6471	10963	3348	-10963	-5810	1859	-2048	1540	942	54	-927	-278	1930	-1657	898	88
6507	10962	3273	-10962	-5761	1788	-2208	570	948	27	-935	-248	1919	-1669	934	88
6519	10962	-2943	-10962	-5359	1559	-1888	-310	953	22	-941	-240	1846	-1750	938	88
6579	10960	-3683	-10960	-4657	1585	-2068	-550	959	-35	-952	-198	1709	-1883	979	88
6591	10960	-3683	-10960	-4657	1585	-2068	-550	965	-53	-952	-181	1709	-1883	979	88
6627	10960	-4473	-10960	-3857	1287	-2027	1660	956	-91	-951	-164	1548	-2017	963	88
6681	10959	-5484	-10959	2984	1446	-2231	1360	960	-141	-964	-122	1287	-2124	1011	88
6705	10959	-5813	-10959	3339	939	-1913	1890	975	-184	-971	-96	1208	-2169	989	88
6729	10737	-5906	-10958	3467	1511	-2675	1220	988	-217	-976	-69	1143	-2137	1011	88
6747	10252	-6386	-10958	4038	1089	-2634	410	997	-247	-987	-42	977	-2152	980	88
6768	9808	-6736	-10957	4491	963	-2533	3490	982	-271	-978	-21	836	-2146	929	88
6786	9144	-7346	-10655	5250	666	-2706	2850	958	-305	-971	9	612	-2157	853	88
6828	7722	-8071	-9249	6336	554	-2801	4280	885	-374	-940	78	218	-2052	681	88
6852	7572	-7929	-9068	6232	554	-2801	4280	842	-417	-911	118	210	-1992	680	88
6876	7278	-7640	-8712	6016	554	-2801	4280	795	-453	-880	155	198	-1872	684	88
6900	7132	-7494	-8534	5909	554	-2801	4280	721	-498	-827	198	192	-1812	684	88
6930	6835	-7207	-8175	5696	554	-2801	4280	647	-541	-771	248	179	-1692	686	88
6948	6690	-7062	-7996	5590	554	-2801	4280	598	-568	-739	284	173	-1633	684	88
6966	3075	-8567	-4362	8024	-200	-2387	2320	561	-594	-705	312	-778	-1289	256	88
7008	-4038	-8076	3025	8000	-1095	-3411	5170	434	-644	-617	379	-981	-935	0	88
7038	-4369	-7579	3462	7598	-973	-2320	3900	347	-671	-543	418	-970	-762	0	88
7074	-4738	-7021	3950	7147	-892	-1731	3400	242	-702	-426	465	-957	-568	0	88
7086	-4986	-6341	4428	6661	-1305	-1868	4260	209	-710	-387	477	-920	-372	-153	88
7140	-5023	-5392	4704	5833	-1090	-1466	1800	91	-724	-262	528	-795	-155	-236	88
7164	-4897	-4813	4702	5275	-1507	-1772	2240	72	-724	-242	538	-687	-50	-254	88
7176	-4897	-4813	4702	5275	-1507	-1772	2240	25	-723	-194	556	-687	-50	-254	88
7194	-4667	-4291	4576	4742	-1470	-1433	680	2	-723	-176	564	-568	21	-260	88
7215	-4464	-4128	4415	4565	-1470	-1433	680	-42	-715	-141	578	-508	19	-285	88
7233	-4192	-3570	4243	3978	-1591	-1461	400	-65	-711	-114	586	-372	92	-274	88
7263	-3789	-3167	3939	3547	-1577	-1175	1170	-93	-704	-82	591	-241	105	-317	88
7287	-3341	-2915	3535	3223	-1722	-1231	1040	-119	-695	-47	596	-120	76	-322	88
7305	-3100	2975	3321	3106	-1644	-1212	1440	-131	-686	-30	597	-64	50	-346	88
7329	2929	3008	3092	3028	-2026	-1091	640	-151	-625	0	601	-15	14	-344	88
7344	3231	3000	-3011	2982	-1556	-1070	910	-151	-612	5	602	39	-44	-354	88
7362	3225	2979	-3013	2998	-1530	-1109	360	-133	-545	23	604	35	-47	-346	88
7389	-4733	3816	5117	-3203	-1536	-999	-530	-112	-486	29	602	-240	546	-281	88
7416	-5355	4143	5766	-3445	-1541	-981	-2480	-93	-425	38	563	-300	737	-195	88
7455	-5978	4466	6352	-3758	-1142	-1211	-3280	-90	-348	41	445	-349	929	0	88
7479	-6058	4383	6232	-3883	-902	-958	-2320	-80	-305	42	408	-342	929	318	88
7545	-6937	4355	6856	-3994	-410	-788	-1850	-61	-172	27	281	-463	1093	773	88
7557	-6937	4355	6856	-3994	-410	-788	-1850	-59	-155	22	263	-463	1093	773	88
7575	-6887	4445	6786	-4133	-493	-864	-1850	-63	-127	16	238	-433	1105	838	88
7620	-6605	4854	6605	-4545	-725	-780	1220	-76	-81	9	193	-324	1142	795	88
7656	-6235	5300	6375	-4970	-424	-346	840	-92	-74	2	154	-199	1170	695	88
7680	-6117	5429	6303	-5089	-373	-437	1550	-97	-79	-2	141	-161	1176	657	88
7692	-5758	5782	6078	-5410	-598	-78	1690	-101	-79	0	128	-54	1185	537	88
7722	-5660	5873	6009	-5500	-415	-322	870	-108	-75	9	107	-25	1187	514	88
7752	-5433	6067	5860	-5677	-346	-62	730	-106	-65	15	82	38	1186	440	88
7776	-5155	6286	5672	-5879	-396	352	1940	-102	-58	17	68	113	1182	352	88
7794	-5073	6348	5610	-5941	-407	-5	550	-101	-50	21	56	136	1180	334	88
7815	-4957	6432	5533	-6014	-167	161	1650	-95	-42	27	38	166	1176	293	88
7833	-4845	6511	5460	-6082	-42	123	1470	-93	-40	30	25	194	1172	250	88
7857	-4764	6562	5398	-6134	-166	269	100	-89	-26	35	14	215	1168	232	88
7887	-4620	6656	5302	-6214	-112	253	30	-86	-14	40	2	250	1161	178	88
7911	-4542	6704	5247	-6256	-101	142	1340	-80	-3	41	-9	269	1156	151	88
7923	-4560	6695	5257	-6252	-113	224	-450	-77	4	41	-15	266	1158	162	88
7947	-4509	6726	5226	-6274	109	112	730	-76	10	46	-22	277	1155	138	88
7983	-4358	6830	5173	-6308	-66	243	630	-79	25	49	-37	306	1148	0	88
8007	-4302	6861	5122	-6348	-24	291	430	-77	38	50	-43	321	1144	0	88
8031	-4315	6856	5135	-6341	355	634	-110	-69	48	50	-53	318	1146	0	88
8049	-4315	6856	5135	-6341	355	634	-110	-66	55	49	-56	318	1146	0	88
8064	-4248	6889	5073	-6386	-3	208	-40	-62	59	49	-60	336	1141	0	88
8082	-4243	6893	5069	-6390	-31	294	-150	-56	65	48	-66	337	1140	0	88
8100	-4255	6887	5079	-6383	325	315	50	-52	73	49	-72	334	1141	0	88
8127	-4217	6904	5044	-6406	-6	324	330	-47	82	49	-79	344	1138	0	88
8160	-4237	6895	5062	-6393	258	338	690	-45	88	48	-81	339	1140	0	88
8184	-4255	6887	5079	-6383	83	512	-260	-43	96	52	-87	334	1141	0	88
8202	-4252	6892	5077	-6388	304	307	420	-43	104	55	-93	336	1142	0	88
8223	-4262	6885	5086	-6379	-49	241	-410	-41	107	56	-95	333	1142	0	88
8241	-4334	6849	5152	-6331	360	346	-510	-41	112	58	-95	314	1148	0	88
8265	-4320	6857	5140	-6341	-25	421	-80	-41	112	58	-98	317	1147	0	88
8301	-4361	6837	5177	-6314	181	425	-810	-38	122	59	-101	307	1150	0	88
8337	-4379	6827	5193	-6301	302	460	-90	-39	125	62	-103	302	1151	0	88
8355	-4379	6828	5194	-6302	8	219	-130	-41	125	61	-104	302	1152	0	88
8373	-4420	6806	5232	-6273	265	590	310	-41	125	60	-107	291	1155	0	88
8400	-4409	6812	5221	-6280	-58	329	140	-46	127	65	-113	294	1154	0	88
8418	-4456	6787	5264	-6248	302	307	30	-47	127	66	-111	281	1157	0	88
8448	-4454	6789	5263	-6251	212	476	20	-51	130	71	-113	282	1157	0	88
8484	-4513	6754	5316	-6206	297	457	-850	-54	133	71	-114	266	1161	0	88
8502	-4487	6772	5293	-6227	238	465	-360	-54	135	71	-116	273	1160	0	88
8520	-4569	6725	5367	-6167	150	337	-880	-54	137	71	-117	251	1165	0	88
8544	-4580	6717	5376	-6158	35	368	-350	-52	141	71	-116	248	1165	0	88
8568	-4657	6674	5446	-6101	103	175	60	-46	142	69	-119	227	1170	0	88
8586	-4713	6636	5496	-6054	292	735	-450	-41	146	70	-121	210	1172	0	88
8604	-4811	6578	5584	-5980	425	347	-360	-40	148	66	-121	184	1178	0	88
8622	-4752	6611	5531	-6023	26	328	610	-38	147	67	-121	199	1174	0	88
8646	-4756	6613	5535	-6024	26	328	610	-38	150	70	-121	199	1175	0	88
8664	-4862	6292	5579	-5701	608	1049	-30	-38	148	71	-121	131	1124	0	88
8682	-5022	6177	5720	-5560	317	470	-770	-36	149	73	-121	84	1128	0	88
8712	-5076	6135	5766	-5510	307	563	-180	-37	148	74	-120	68	1129	0	88
8736	-5170	6061	5847	-5422	162	440	-990	-38	148	74	-117	39	1131	0	88
8748	-5170	6061	5847	-5422	162	440	-990	-39	147	74	-117	39	1131	0	88
8766	-5219	6023	5890	-5376	111	535	-420	-39	144	75	-117	24	1131	0	88
8811	-5432	5836	6069	-5158	270	137	-820	-43	144	77	-117	-43	1130	0	88
8838	-5453	5814	6086	-5133	468	359	770	-45	142	76	-117	-50	1129	0	88
8856	-5520	5754	6143	-5062	-38	355	-1130	-47	141	78	-120	-72	1128	0	88
8874	-5545	5729	6163	-5034	-115	453	-580	-52	141	80	-118	-80	1128	0	88
8898	-5682	5590	6275	-4876	21	323	-940	-53	145	80	-116	-126	1123	0	88
8916	-5621	5654	6226	-4948	-57	230	820	-57	144	82	-113	-105	1125	0	88
8934	-5759	5503	6337	-4779	393	611	-230	-57	139	86	-111	-154	1118	0	88
8952	-5718	5550	6304	-4831	-151	448	260	-62	137	90	-104	-139	1121	0	88
8976	-5803	5456	6372	-4725	182	603	540	-64	133	95	-100	-169	1116	0	88
8994	-5900	5347	6449	-4604	84	206	-730	-63	132	95	-94	-203	1110	0	88
9012	-5861	5392	6418	-4653	-141	550	490	-65	129	96	-92	-189	1112	0	88
9030	-6007	5223	6533	-4466	109	538	610	-68	126	98	-90	-242	1102	0	88
9054	-6035	5186	6555	-4424	-155	401	1020	-70	124	102	-84	-253	1100	0	88
9072	3485	4243	-3228	-4281	280	512	-1490	-71	118	105	-81	309	187	0	88
9108	3656	4570	-3337	-4623	-8	489	2360	-61	111	92	-77	390	228	0	88
9126	3653	4695	-3308	-4740	86	358	-1990	-53	108	85	-78	408	256	0	88
9138	3726	4800	-3362	-4854	-116	370	880	-51	107	81	-78	437	266	0	88
9180	3775	5034	-3365	-5084	-28	237	-1520	-37	101	59	-78	481	309	0	88
9198	3891	5256	-3439	-5316	60	168	-680	-36	98	53	-79	536	336	0	88
9216	3967	5361	-3495	-5430	-35	230	800	-33	97	45	-80	566	345	0	88
9237	4030	5592	-3513	-5660	183	47	250	-21	97	42	-81	612	384	0	88
9255	4076	5704	-3538	-5775	23	296	-70	-15	94	38	-82	637	400	0	88
9273	4159	5806	-3602	-5888	363	214	770	-1	94	28	-82	668	408	0	88
9309	4264	6150	-3641	-6233	335	164	80	12	96	12	-85	739	464	0	88
9327	4393	6365	-3729	-6461	370	178	740	19	96	6	-87	795	488	0	88
9345	4348	6499	-3656	-6578	173	144	-1730	30	97	1	-92	806	526	0	88
9363	4467	6594	-3759	-6691	134	30	1370	36	97	-6	-95	843	524	0	88
9381	4458	6719	-3725	-6807	330	256	-800	40	101	-10	-97	859	554	0	88
9405	4563	6939	-3788	-7035	469	307	190	41	104	-15	-101	912	583	0	88
9417	4628	7051	-3832	-7153	98	23	300	45	105	-20	-105	941	595	0	88
9441	4703	7279	-3863	-7383	45	86	900	48	112	-27	-110	989	632	0	88
9459	4781	7383	-3921	-7497	631	263	620	50	117	-29	-115	1019	641	0	88
9489	4834	7616	-3928	-7727	485	246	-320	56	122	-32	-122	1063	682	0	88
9519	4963	7954	-3993	-8071	473	319	20	58	129	-36	-130	1138	733	0	88
9549	5070	8052	-4082	-8184	371	139	830	62	140	-38	-141	1172	734	0	88
9591	5162	8399	-4106	-8529	338	217	310	69	148	-47	-156	1241	794	0	88
9627	5317	8734	-4198	-8876	513	217	150	80	156	-53	-166	1320	839	0	88
9651	5318	8979	-4150	-9107	501	277	-220	91	164	-63	-179	1357	894	0	88
9675	5627	9217	-4321	-9279	440	143	1120	107	175	-66	-196	1432	886	-165	88
9711	5830	9549	-4443	-9611	548	304	520	133	190	-71	-220	1517	922	-197	88
9735	6014	9645	-4587	-9709	652	467	1340	144	200	-73	-229	1561	908	-238	88
9759	6510	9792	-4992	-9863	1201	554	2180	150	215	-79	-246	1663	845	-360	88
9783	6639	9885	-5090	-9959	646	316	600	167	239	-84	-273	1699	842	-385	88
9801	6758	9984	-5175	-10055	623	338	280	174	247	-88	-286	1732	841	-415	88
9825	6908	10194	-5277	-10273	546	319	230	184	272	-94	-316	1790	859	-429	88
9855	7328	10463	-5599	-10549	1019	630	-170	193	293	-96	-340	1900	838	-519	88
9867	7437	10558	-5681	-10648	620	359	350	205	317	-102	-367	1932	839	-537	88
9888	7937	10650	-6103	-10753	1487	712	2920	209	341	-108	-393	2028	763	-656	88
9918	8122	10847	-6234	-10954	1060	701	1310	222	383	-113	-440	2088	772	-688	88
9966	8617	10967	-6605	-10967	1208	736	-410	254	459	-121	-529	2222	756	-796	88
9984	8617	10968	-6605	-10968	1208	736	-410	274	503	-131	-570	2222	756	-796	88
9996	8685	10969	-6653	-10969	1208	736	-410	274	503	-131	-570	2251	766	-796	88
10038	9305	10970	-7163	-10970	1909	1003	1070	319	589	-142	-662	2372	680	-957	88
10050	9379	10970	-7218	-10970	1909	1003	1070	322	608	-145	-681	2401	688	-957	88
10092	9523	10970	-7263	-10970	1634	1067	-150	351	679	-148	-754	2478	743	-1003	88
10110	9399	10970	-7114	-10970	1317	877	-1080	359	700	-146	-773	2466	785	-1014	88
10134	9069	10970	-6760	-10970	1727	1025	-1550	369	726	-142	-796	2432	885	-985	88
10176	8389	10971	-6051	-10971	1594	1323	-2250	386	774	-134	-820	2353	1078	-915	88
10197	8389	10970	-6051	-10970	1594	1323	-2250	396	787	-126	-840	2353	1078	-915	88
10209	7967	10970	-5632	-10970	1222	1138	-2510	399	800	-112	-849	2299	1186	-851	88
10227	7383	10970	-5042	-10970	1287	1482	-1410	386	811	-99	-852	2219	1332	-788	88
10251	6693	10970	-4358	-10970	1471	1634	-2110	368	832	-85	-871	2116	1491	-711	88
10263	6438	10970	-4103	-10970	1228	1303	-1460	355	837	-83	-876	2075	1547	-692	88
10293	5718	10969	-3400	-10969	1268	1635	-1990	312	856	-56	-895	1955	1696	-618	88
10317	4907	10969	3179	-10969	1325	1855	-2260	287	867	-35	-899	1810	1849	-538	88
10347	3603	10969	4406	-10969	821	1231	-1270	275	868	-24	-895	1558	2067	-410	88
10374	3192	10969	4772	-10969	1397	2575	-1760	251	875	30	-892	1436	2080	-419	88
10413	3009	10969	4957	-10969	946	1602	-1040	198	893	82	-898	1396	2107	-426	88
10449	-3170	10968	5316	-10968	1029	1851	-800	160	918	116	-908	1275	2113	-480	88
10461	-3491	10968	5649	-10968	1182	1960	-2060	138	913	129	-919	1200	2157	-513	88
10494	-3694	10968	5847	-10968	1379	2413	-1510	87	927	157	-918	1153	2183	-518	88
10524	-4313	10968	6455	-10691	1119	1723	-1570	50	929	182	-899	1003	2255	-546	88
10548	-4525	10967	6645	-10328	980	1950	20	26	938	199	-889	912	2228	-604	88
10578	-4814	10967	6896	-9921	1189	2137	-920	-15	943	232	-889	803	2206	-645	88
10596	-4815	10967	6896	-9921	1189	2137	-920	-23	944	239	-880	803	2206	-644	88
10614	-4815	10967	6895	-9921	1189	2137	-920	-51	939	266	-859	803	2206	-643	88
10650	-4814	10967	6897	-9920	1189	2137	-920	-86	927	304	-828	803	2206	-647	88
10674	-4815	10967	6895	-9921	1189	2137	-920	-109	927	329	-803	803	2206	-643	88
10692	-4814	10967	6897	-9920	1189	2137	-920	-119	921	340	-791	803	2206	-647	88
10728	-7272	9504	9034	-7824	730	2582	-1600	-158	926	386	-763	86	2286	-609	88
10749	-7832	8464	9353	-6786	356	2543	-1390	-177	918	410	-751	-164	2161	-532	88
10767	-7790	8217	9288	-6530	486	2765	-640	-203	901	441	-724	-198	2098	-579	88
10797	-7999	7391	9320	-5730	491	2449	-930	-245	871	487	-681	-356	1954	-550	88
10815	-8259	6751	9417	-5122	249	2850	-4160	-262	857	506	-660	-493	1862	-482	88
10839	-8351	6285	9388	-4700	91	2518	-2480	-308	818	549	-610	-574	1776	-432	88
10890	-8451	4383	9079	-2925	-392	2769	-770	-372	744	612	-521	-869	1373	-379	88
10908	-8612	3985	9140	3253	-136	1892	-2220	-407	699	645	-464	-954	1316	-339	88
10944	-8390	3219	8734	3899	-449	2619	-1650	-451	645	680	-370	-1021	1104	-293	88
10962	-8080	-3320	8235	4493	-606	2329	-2450	-473	611	696	-321	-1065	882	-235	88
10980	-7661	-3919	7654	4932	-1096	2908	-2270	-492	547	712	-272	-1068	670	-175	88
10992	-7450	-4371	7245	5195	-846	2428	-4170	-501	518	720	-246	-1077	532	0	88
11028	-7171	-4572	6921	5329	-1132	1920	-2550	-533	400	739	-148	-1054	434	0	88
11052	-6187	-5227	5705	5653	-1296	3070	-4520	-549	337	743	-99	-950	104	138	88
11076	-5842	-5186	5443	5641	-1402	2085	-600	-567	271	745	-42	-894	47	0	88
11094	-5227	-5270	4681	5458	-1652	1731	-2030	-580	236	746	-6	-768	-84	202	88
11118	-4629	-5114	4088	5176	-1464	1374	-810	-593	193	742	38	-630	-163	225	88
11139	-4321	-5021	3778	5009	-1815	1716	-1950	-601	163	737	63	-555	-200	250	88
11157	-3931	-4660	3448	4585	-1311	1526	-1220	-609	120	731	100	-427	-193	260	88
11181	-3703	-4499	3222	4358	-1215	1068	-1880	-616	82	724	131	-355	-200	304	88
11211	-3666	-5058	3087	4893	-1066	736	-640	-618	47	714	162	-434	-331	279	88
11241	-3253	-4620	-3062	4379	-2254	1799	-1820	-619	3	702	192	-288	-312	306	88
11259	-2982	-5109	-3450	4770	-2146	1630	-1190	-617	-20	683	211	-307	-471	329	88
11295	3350	-6451	-4257	5932	-1325	785	-670	-609	-42	623	226	-406	-870	322	88
11319	4320	-6764	-5300	6044	-1661	1132	880	-538	-74	541	248	-271	-1123	305	88
11340	4478	-6661	-5414	5946	-1517	1035	900	-485	-88	488	261	-230	-1131	261	88
11376	4672	-6499	-5427	5933	-1144	930	2620	-407	-96	418	282	-198	-1134	0	88
11394	4628	-6526	-5388	5967	-1314	1172	3340	-369	-91	376	293	-210	-1132	0	88
11412	4612	-6510	-5265	6078	-1062	826	3130	-343	-87	336	303	-230	-1127	-177	88
11433	4565	-6524	-5163	6167	-699	782	2380	-321	-82	306	303	-251	-1122	-274	88
11451	4376	-6593	-4857	6419	-584	749	3580	-314	-78	295	301	-321	-1104	-492	88
11463	4376	-6593	-4857	6419	-584	749	3580	-293	-73	263	300	-321	-1104	-492	88
11487	4268	-7368	-4737	7363	-418	621	2280	-252	-61	219	251	-487	-1259	-773	88
11523	4155	-7390	-4548	7499	-415	399	120	-210	-54	177	209	-526	-1244	-908	88
11541	4155	-7390	-4548	7499	-415	399	120	-196	-53	164	195	-526	-1244	-908	88
11565	4053	-7410	-4397	7598	80	114	1100	-167	-49	141	168	-557	-1230	-995	88
11595	4146	-7381	-4499	7538	-155	-10	-700	-129	-51	110	142	-533	-1241	-973	88
11619	4145	-7377	-4487	7547	-278	103	540	-105	-52	92	131	-535	-1240	-991	88
11643	4253	-7341	-4610	7467	-327	-84	-1060	-85	-57	79	124	-505	-1252	-956	88
11673	4214	-7356	-4563	7501	-260	-97	210	-62	-62	59	118	-517	-1248	-974	88
11697	4408	-7291	-4794	7346	-274	-188	-770	-46	-68	52	116	-462	-1270	-894	88
11715	4292	-7332	-4655	7443	-50	-47	1670	-35	-67	42	117	-495	-1257	-945	88
11805	4471	-7274	-4876	7293	-137	-490	3010	-4	-89	4	118	-444	-1277	-858	88
11850	4506	-7265	-4926	7259	-153	-322	560	3	-99	-4	115	-433	-1282	-831	88
11862	4544	-7249	-4967	7229	-149	-115	-230	7	-98	-8	114	-422	-1285	-820	88
11886	4743	-7164	-5196	7058	-182	-220	-1490	10	-102	-10	119	-364	-1303	-747	88
11910	4727	-7173	-5187	7064	-78	-368	-850	15	-102	-13	121	-367	-1302	-738	88
11934	4726	-7173	-5187	7064	-78	-368	-850	20	-107	-17	124	-367	-1302	-737	88
11961	4926	-7083	-5422	6881	-148	-298	-820	24	-109	-21	124	-307	-1319	-653	88
11979	4960	-7066	-5465	6844	-29	-365	-570	28	-112	-28	126	-296	-1321	-632	88
12027	5022	-7033	-5536	6783	-90	-281	-810	34	-120	-35	128	-277	-1325	-607	88
12069	5104	-6987	-5626	6705	-27	-242	-320	38	-125	-41	132	-251	-1330	-580	88
12105	5264	-6895	-5817	6532	-168	-574	-340	42	-126	-44	134	-199	-1339	-501	88
12123	5290	-6879	-5849	6502	-85	-287	-250	44	-127	-45	135	-190	-1340	-487	88
12141	5335	-6853	-5894	6463	-149	-303	-280	46	-131	-47	140	-177	-1343	-479	88
12165	5391	-6818	-5958	6403	-144	-523	790	46	-131	-47	140	-159	-1345	-455	88
12183	5508	-6740	-6094	6270	-141	-396	-1820	53	-128	-51	138	-119	-1350	-402	88
12267	5798	-6526	-6431	5909	7	-243	-1020	63	-126	-62	130	-17	-1355	-256	88
12288	5839	-6494	-6472	5865	-112	-424	-750	68	-123	-67	126	-4	-1356	-247	88
12324	5911	-6430	-6547	5773	-202	-508	-470	71	-127	-73	123	21	-1355	-222	88
12360	5986	-6368	-6631	5677	-54	-317	-430	72	-126	-80	117	48	-1355	-188	88
12390	6026	-6332	-6675	5622	-126	-701	-390	75	-127	-86	116	63	-1354	-170	88
12408	6114	-6251	-6762	5513	-78	-498	-810	75	-127	-89	113	94	-1353	-148	88
12426	6045	-6314	-6688	5605	49	-325	950	80	-128	-92	112	69	-1354	-175	88
12450	6132	-6233	-6785	5482	-75	-380	-1030	78	-127	-94	110	102	-1352	-133	88
12474	6107	-6257	-6756	5520	-23	-518	710	81	-125	-96	109	92	-1353	-148	88
12507	6205	-6161	-6923	5309	-274	-643	-1300	82	-128	-98	106	141	-1348	0	88
12537	6232	-6139	-6862	5381	-158	-561	460	81	-125	-102	105	133	-1350	-144	88
12579	6227	-6143	-6942	5287	-16	-345	-240	84	-128	-104	102	147	-1348	0	88
12615	6299	-6071	-7000	5205	-124	-709	720	84	-128	-106	104	172	-1346	0	88
12639	6332	-6033	-7027	5162	-93	-382	70	87	-128	-107	106	184	-1344	0	88
12663	6449	-5905	-7121	5019	-102	-582	-1020	90	-128	-107	104	225	-1338	0	88
12681	6400	-5960	-7081	5080	-56	-427	-160	91	-127	-108	103	207	-1340	0	88
12702	6571	-5766	-7217	4864	-144	-431	-1740	94	-129	-111	101	268	-1330	0	88
12726	6512	-5833	-7170	4939	161	-440	630	103	-127	-116	98	247	-1333	0	88
12765	6732	-5566	-7341	4643	-134	-653	-1600	107	-127	-124	94	328	-1316	0	88
12795	6638	-5686	-7269	4775	9	-472	160	108	-122	-126	92	293	-1324	0	88
12813	6701	-5609	-7317	4689	24	-464	220	110	-122	-128	90	316	-1319	0	88
12831	6716	-5590	-7329	4669	64	-549	80	111	-122	-129	88	322	-1318	0	88
12849	6764	-5527	-7366	4600	2	-506	10	114	-121	-132	87	340	-1313	0	88
12873	6842	-5426	-7426	4490	29	-491	-540	116	-117	-137	86	370	-1305	0	88
12897	6865	-5395	-7442	4456	74	-596	470	123	-117	-142	83	379	-1303	0	88
12915	6865	-5395	-7442	4456	74	-596	470	125	-116	-145	84	379	-1303	0	88
12939	7040	3765	-6948	-4543	809	-1129	2670	128	-115	-145	81	909	-589	0	88
13059	7952	4086	-7815	-5027	249	-319	360	155	-61	-163	27	1129	-690	0	88
13113	8483	4216	-8410	-5350	233	-488	-930	171	-40	-175	1	1264	-760	137	88
13155	8761	4168	-8623	-5267	644	-525	1380	184	-21	-189	-19	1294	-824	0	88
13215	9385	4465	-9308	-5798	402	-432	-2380	213	2	-210	-44	1476	-874	186	88
13233	9511	4404	-9436	-5750	531	-591	980	226	10	-220	-57	1488	-912	163	88
13269	9623	4434	-9549	-5806	501	-281	-30	252	24	-240	-72	1515	-926	171	88
13311	9951	4573	-9878	-6029	691	-459	-230	284	38	-271	-93	1601	-957	209	88
13335	10279	4707	-10208	-6247	626	-400	-10	301	41	-282	-104	1687	-989	248	88
13359	10494	4845	-10420	-6445	686	-480	-1290	332	47	-312	-116	1752	-998	284	88
13371	10600	4902	-10527	-6532	674	-472	-230	338	49	-317	-120	1783	-1005	300	88
13401	10693	5025	-10620	-6694	1069	-852	-810	384	55	-358	-136	1823	-995	341	88
13425	10956	4987	-10987	-6725	750	-448	1110	422	59	-390	-151	1884	-1071	335	88
13443	10956	5035	-10956	-6802	1203	-835	-130	452	61	-373	-159	1913	-1080	351	88
13479	10957	5044	-10957	-6868	906	-675	550	536	79	-332	-159	1959	-1121	368	88
13515	10956	5846	-10956	-7805	1854	-1024	-3090	594	109	-400	-167	2135	-975	580	88
13527	10956	6028	-10956	-8024	1031	-660	-1110	617	125	-446	-177	2180	-947	630	88
13563	10955	7053	-10955	-9173	1108	-584	-2240	672	155	-522	-205	2361	-716	898	88
13593	10955	7690	-10955	-9879	1324	-691	-1800	703	170	-572	-237	2464	-563	1066	88
13611	10954	7954	-10954	-10175	1722	-748	-1620	713	179	-601	-262	2508	-501	1139	88
13632	10954	8346	-10954	-10625	1147	-552	-1350	726	190	-625	-287	2584	-419	1248	88
13656	10954	8589	-10954	-10894	1628	-807	600	763	221	-678	-367	2598	-329	1360	88
13686	10953	8716	-10953	-10953	1635	-672	-890	788	244	-710	-441	2603	-281	1418	88
13758	10954	8581	-10954	-10982	2076	-1005	1480	833	286	-737	-559	2599	-314	1523	88
13770	10954	8572	-10954	-10954	2040	-997	240	834	288	-748	-508	2599	-314	1552	88
13806	10953	7873	-10953	-10306	2568	-1400	-640	853	302	-777	-295	2460	-432	1569	88
13836	10879	8225	-10963	-10677	2228	-1090	-2980	863	311	-799	-320	2478	-305	1699	88
13860	10588	8541	-10715	-10949	2418	-1018	-810	867	322	-776	-359	2491	-178	1890	88
13887	10588	8541	-10715	-10947	2418	-1018	-810	883	343	-768	-454	2491	-178	1890	88
13953	9699	9364	-9890	-10944	2456	-744	-1300	870	374	-778	-609	2491	177	2313	88
14004	9706	9285	-9976	-10942	2346	-644	2390	853	395	-791	-701	2492	159	2420	88
14022	10082	8879	-10407	-10942	2582	-1172	4300	849	406	-796	-719	2497	-2	2363	88
14046	10128	8812	-10475	-10941	2280	-831	920	843	398	-808	-737	2497	-25	2376	88
14091	10559	8240	-10940	-10940	2166	-891	3070	835	371	-836	-774	2486	-234	2311	88
14115	10939	7482	-10939	-10333	2336	-1237	3250	836	356	-850	-778	2448	-493	2173	88
14133	10939	6873	-10939	-9739	2223	-1416	5300	852	320	-881	-768	2401	-685	2058	88
14157	10938	6188	-10938	-9073	1611	-1367	2440	864	289	-896	-754	2334	-884	1957	88
14181	10938	4556	-10938	-7384	1645	-1700	3540	874	240	-913	-723	2082	-1266	1709	88
14199	10938	4556	-10938	-7384	1645	-1700	3540	878	206	-926	-688	2082	-1266	1709	88
14217	10937	3238	-10937	-5957	1530	-1815	4650	891	170	-935	-657	1825	-1522	1498	88
14238	10936	-3524	-10936	-4879	1235	-1955	3210	900	146	-937	-634	1602	-1673	1348	88
14328	10507	-4913	-10934	-3304	1068	-2082	3270	901	-95	-947	-372	1260	-1871	1132	88
14358	10508	-4912	-10934	-3303	1068	-2082	3270	880	-190	-940	-284	1260	-1871	1130	88
14403	7111	-9194	-8738	7647	714	-2587	3720	845	-313	-922	-190	-84	-2188	489	88
14424	6487	-9395	-8097	8014	320	-3098	4460	827	-361	-912	-152	-240	-2116	411	88
14442	5959	-9732	-7574	8499	32	-2106	3800	818	-394	-905	-128	-399	-2092	321	88
14466	4513	-9941	-5954	9206	-441	-2975	6140	770	-495	-854	-18	-738	-1869	0	88
14478	3857	-9953	-5287	9348	-311	-2236	4130	760	-512	-842	4	-863	-1747	0	88
14508	3172	-9914	-4580	9449	-660	-2778	4800	663	-610	-750	143	-987	-1609	0	88
14538	-4115	-9523	3053	9659	-874	-1907	5900	562	-672	-670	238	-1254	-1246	-409	88
14556	-5687	-8392	5097	9161	-1360	-2102	4260	455	-711	-575	308	-1423	-702	-777	88
14574	-6057	-7900	5639	8851	-1541	-1878	4750	379	-737	-506	353	-1433	-524	-891	88
14595	-6592	-6776	6545	8059	-2149	-1966	5850	288	-759	-438	399	-1392	-176	-1123	88
14613	-6695	-6250	6797	7633	-1572	-1482	3420	193	-774	-374	443	-1341	-40	-1194	88
14634	-6518	-5595	6788	7029	-1818	-1374	3270	118	-779	-307	476	-1219	70	-1263	88
14658	-6616	-4780	7103	6342	-10243	-6460	12940	1	-782	-201	517	-1126	269	-1352	88
14682	-6498	-4311	7104	5910	-1965	-1073	2680	-82	-773	-121	542	-1039	350	-1400	88
14706	-6342	-3371	7198	5070	-1850	-794	1630	-150	-763	-52	559	-883	529	-1511	88
14727	-5855	2926	6830	4538	-1871	-799	2410	-190	-754	-10	567	-722	547	-1561	88
14751	-5564	3328	6636	4128	-2351	-912	2520	-248	-725	47	576	-612	581	-1599	88
14769	-4882	4010	6124	3405	-1782	-515	1080	-298	-658	99	581	-391	603	-1679	88
14781	-4530	4241	5830	3140	-2957	-798	2950	-322	-619	128	582	-294	587	-1713	88
14823	-3478	4597	4872	-3153	-2219	-191	830	-375	-488	205	575	-51	467	-1788	88
14835	-3730	5291	5291	-3730	-1699	-234	1840	-380	-462	219	561	0	668	-1826	88
14871	-3795	6880	5618	-5280	-2357	-176	-1650	-402	-394	265	464	233	1035	-1729	88
14895	-3611	6968	5424	-5427	-1867	-216	-660	-409	-354	280	414	285	1020	-1688	88
14913	-3551	6976	5310	-5512	-1398	-248	-1820	-412	-306	294	343	308	1011	-1593	88
14943	-3442	6966	5045	-5702	-1794	-169	-2040	-380	-240	286	301	355	991	-1335	88
14973	-3580	6867	5050	-5717	-1172	-298	-1820	-353	-203	281	239	336	997	-1137	88
14991	-3571	6853	4994	-5759	-1744	-619	-2250	-337	-181	275	214	344	993	-1060	88
15003	-3536	6856	4924	-5810	-1402	-68	-1640	-324	-177	268	204	357	988	-1000	88
15021	-3842	7465	5263	-6433	-1036	-626	-2690	-305	-163	259	180	407	1183	-837	88
15051	-3932	7396	5263	-6442	-1020	-361	-2640	-274	-137	246	151	394	1186	-704	88
15069	-4033	7334	5307	-6418	-821	-348	-2300	-251	-122	233	136	375	1192	-625	88
15087	-4125	7270	5319	-6421	-639	-386	-1490	-224	-99	214	103	361	1196	-507	88
15129	-4333	7140	5423	-6353	-669	-291	-1370	-179	-83	191	64	317	1208	-366	88
15147	-4441	7068	5460	-6333	-699	-106	-1920	-165	-67	179	52	297	1214	-265	88
15171	-4514	7014	5469	-6332	-274	-124	-1670	-150	-51	169	38	286	1217	-171	88
15195	-4720	6871	5550	-6275	-485	-124	-1820	-135	-37	157	24	244	1226	0	88
15219	-4760	6846	5586	-6243	-150	-85	-860	-120	-27	139	17	233	1228	0	88
15237	-4778	6836	5603	-6230	-282	45	-880	-112	-21	130	19	228	1229	0	88
15261	-4821	6811	5641	-6198	-199	19	-900	-102	-15	116	17	216	1231	0	88
15279	-4847	6794	5664	-6176	-48	-2	200	-99	-13	112	13	209	1232	0	88
15303	-4838	6799	5656	-6183	-12	5	100	-92	-7	103	9	211	1232	0	88
15333	-4845	6795	5663	-6178	-181	336	-530	-78	9	87	-2	209	1232	0	88
15351	-4749	6859	5577	-6257	-30	-103	770	-73	17	84	-9	237	1228	0	88
15381	-4846	6796	5664	-6178	-77	324	-730	-67	27	80	-14	209	1233	0	88
15429	-4812	6819	5634	-6207	9	70	-240	-54	59	73	-28	219	1231	0	88
15447	-4869	6786	5686	-6164	90	26	-480	-52	61	73	-32	203	1235	0	88
15477	-4890	6774	5704	-6149	-72	171	530	-50	67	72	-37	198	1236	0	88
15516	-4979	6714	5783	-6075	184	421	-1600	-49	72	72	-42	172	1240	0	88
15540	-5006	6698	5807	-6054	-3	480	-1490	-48	74	72	-44	164	1241	0	88
15564	-4990	6709	5794	-6068	32	51	-260	-50	75	75	-47	169	1241	0	88
15588	-5131	6598	5820	-6046	-47	210	-430	-49	81	75	-51	144	1244	163	88
15624	-5158	6580	5843	-6025	20	48	-650	-53	88	76	-59	136	1245	164	88
15642	-5171	6568	5850	-6015	-51	325	-310	-55	93	76	-59	132	1245	170	88
15666	-5116	6611	5815	-6052	50	118	570	-57	93	79	-61	147	1244	149	88
15678	-5073	6645	5786	-6083	-140	375	310	-59	93	80	-60	159	1243	135	88
15714	-5206	6546	5879	-5990	136	384	-1190	-61	93	78	-64	123	1247	174	88
15744	-5040	6679	5838	-6029	34	-20	880	-63	95	80	-68	155	1243	0	88
15762	-5016	6696	5817	-6050	-136	616	80	-60	95	80	-72	162	1243	0	88
15780	-5139	6599	5843	-6029	-4	344	-400	-63	97	82	-75	140	1246	138	88
15810	-5054	6673	5851	-6021	0	189	-110	-62	101	81	-74	152	1245	0	88
15852	-5063	6667	5859	-6014	137	457	50	-62	105	85	-77	149	1245	0	88
15888	-5070	6663	5866	-6009	-77	292	-110	-60	108	87	-75	147	1246	0	88
15912	-5187	6567	5887	-5987	-77	267	180	-62	114	90	-77	125	1248	135	88
15936	-5219	6545	5908	-5968	-15	248	-410	-64	112	91	-76	117	1249	146	88
15963	-5326	6463	5982	-5892	-50	421	-1070	-63	114	91	-75	88	1251	179	88
15996	-5330	6463	5985	-5892	13	389	-30	-64	117	93	-80	88	1252	181	88
16032	-5351	6447	6004	-5872	-126	402	740	-66	118	97	-81	82	1252	179	88
16068	-5395	6416	6047	-5829	83	147	-300	-68	117	101	-82	68	1254	173	88
16086	-5436	6380	6081	-5788	126	538	-250	-70	117	100	-81	55	1254	175	88
16122	-5471	6351	6101	-5765	-94	373	-1710	-75	115	102	-81	46	1254	190	88
16146	-5523	6313	6145	-5720	69	475	-290	-78	115	107	-83	31	1255	192	88
16164	-5466	6360	6106	-5765	-93	225	380	-80	116	113	-85	47	1255	176	88
16188	-5538	6300	6164	-5697	-114	370	-410	-81	119	113	-87	25	1255	182	88
16212	-5610	6243	6222	-5634	51	667	30	-77	118	114	-88	3	1256	188	88
16230	-5678	6182	6268	-5577	78	125	-580	-77	122	114	-87	-15	1256	208	88
16251	-5746	6119	6322	-5508	-23	376	-540	-75	121	110	-88	-37	1255	214	88
16278	-5778	6096	6359	-5469	167	595	-150	-73	124	111	-87	-48	1255	198	88
16296	-5858	6020	6408	-5401	35	210	-820	-73	125	111	-86	-71	1254	227	88
16314	-5781	6093	6356	-5471	-132	405	860	-72	126	108	-87	-48	1255	207	88
16344	-5897	5984	6444	-5355	-219	502	-640	-73	127	107	-88	-85	1253	221	88
16365	-5946	5937	6494	-5290	301	268	400	-71	126	105	-87	-103	1252	204	88
16383	-6019	5865	6539	-5227	-100	695	-2600	-74	127	107	-88	-124	1250	232	88
16407	-6099	5784	6600	-5139	-131	344	-420	-75	125	109	-85	-151	1247	239	88
16425	-6120	5763	6620	-5111	68	362	120	-76	125	109	-84	-158	1246	232	88
16449	-6215	5659	6687	-5005	63	484	-700	-79	126	110	-81	-190	1241	250	88
16479	-6299	5566	6752	-4904	52	379	-760	-82	124	116	-84	-219	1237	252	88
16503	-6280	5588	6731	-4935	-110	266	-1070	-87	120	119	-78	-211	1238	263	88
16545	-6341	5518	6783	-4852	-178	381	-980	-93	113	123	-72	-234	1234	256	88
16569	-6339	5522	6777	-4862	-81	391	-960	-98	108	127	-71	-232	1234	264	88
16587	-6474	5363	6872	-4698	106	479	-820	-99	105	130	-69	-279	1225	283	88
16635	-6235	5321	6649	-4672	9	331	-110	-102	100	133	-67	-245	1170	233	88
16653	-6131	5438	6571	-4797	-293	432	30	-103	99	135	-61	-209	1176	225	88
16683	3393	5033	-3130	-5189	-256	576	-1230	-106	97	137	-57	437	383	265	88
16710	3465	5263	-3154	-5415	-127	284	-210	-101	94	129	-58	484	421	258	88
16752	3525	5497	-3165	-5643	-210	328	-150	-73	94	103	-59	530	461	252	88
16782	3550	5722	-3155	-5872	132	394	380	-59	91	88	-63	569	507	269	88
16800	3613	5954	-3169	-6097	-115	183	-40	-53	96	76	-67	615	546	261	88
16818	3696	6074	-3213	-6208	66	307	700	-46	96	65	-71	645	557	234	88
16848	3762	6417	-3214	-6547	46	94	650	-35	95	52	-79	709	621	238	88
16875	3777	6642	-3194	-6774	125	318	-100	-25	95	46	-84	747	668	255	88
16899	3844	6762	-3226	-6885	268	212	610	-6	96	29	-92	775	682	233	88
16941	4017	7115	-3312	-7227	124	33	420	8	102	12	-101	856	727	198	88
16959	4017	7228	-3294	-7341	279	266	-410	16	105	6	-105	874	752	208	88
16977	4123	7460	-3344	-7566	255	255	70	22	108	0	-110	926	784	187	88
17007	4237	7692	-3401	-7791	159	271	550	30	113	-10	-119	980	813	164	88
17037	4341	7922	-3451	-8017	512	351	690	36	114	-16	-126	1032	845	147	88
17061	4514	8191	-3488	-8204	517	402	10	42	124	-25	-138	1088	870	0	88
17085	4550	8305	-3501	-8318	315	189	-30	47	131	-31	-151	1112	889	0	88
17103	4735	8640	-3623	-8671	310	164	-490	47	136	-30	-159	1196	928	0	88
17121	4806	8749	-3673	-8788	318	307	560	52	149	-36	-168	1226	939	0	88
17157	4926	8851	-3775	-8907	550	251	880	57	167	-39	-189	1263	939	0	88
17187	5031	9073	-3838	-9138	124	231	470	66	184	-45	-202	1316	969	0	88
17205	5092	9303	-3854	-9366	492	390	-930	69	190	-49	-208	1362	1008	0	88
17229	5193	9525	-3913	-9596	567	321	190	81	203	-56	-222	1414	1039	0	88
17253	5440	9727	-4124	-9835	595	186	910	90	216	-59	-237	1490	1037	0	88
17271	5522	9832	-4187	-9950	642	439	390	106	231	-62	-261	1521	1045	0	88
17289	5802	10069	-4345	-10136	823	524	920	116	236	-63	-271	1595	1043	-137	88
17325	6232	10372	-4667	-10441	943	618	1800	130	257	-72	-299	1710	1028	-233	88
17346	6282	10483	-4696	-10555	961	590	1800	140	296	-80	-345	1736	1043	-233	88
17382	6570	10681	-4908	-10750	780	544	300	153	349	-82	-406	1812	1032	-304	88
17406	6725	10900	-5009	-10972	1085	427	430	165	378	-84	-439	1871	1051	-327	88
17424	6740	10944	-5002	-10944	590	555	-370	173	402	-88	-455	1892	1075	-324	88
17436	6909	10945	-5136	-10945	1136	631	820	177	429	-90	-465	1934	1063	-359	88
17460	7188	10946	-5317	-10946	1092	880	-470	187	476	-91	-511	2026	1080	-426	88
17502	7134	10947	-5215	-10947	878	598	-900	203	541	-81	-593	2057	1150	-416	88
17526	6947	10948	-4984	-10948	1415	1206	-2050	209	596	-71	-649	2068	1251	-384	88
17556	6679	10947	-4677	-10947	1361	1055	-2130	207	640	-62	-703	2066	1367	-343	88
17574	6508	10947	-4489	-10947	972	999	-1120	206	683	-46	-740	2058	1432	-316	88
17604	5901	10947	-3836	-10947	1193	1088	-1790	201	713	-28	-789	2014	1640	-231	88
17643	5152	10947	-3123	-10947	977	1297	-1860	187	749	-1	-845	1885	1786	-137	88
17655	4227	10947	3527	-10947	1296	1522	-2720	183	754	8	-850	1717	1949	0	88
17673	4227	10947	3527	-10947	1296	1522	-2720	173	760	23	-867	1717	1949	0	88
17703	-3253	10947	5051	-10947	784	1500	-3200	150	784	69	-896	1379	2202	222	88
17724	-4400	10947	6058	-10947	980	1524	-2850	124	798	106	-901	1127	2341	380	88
17742	-5112	10947	6668	-10947	963	1685	-4220	111	810	131	-909	961	2414	481	88
17763	-5656	10947	7128	-10936	806	1881	-3550	67	825	184	-925	830	2462	558	88
17787	-6324	10947	7684	-10541	664	1709	-3650	31	827	226	-922	663	2512	653	88
17811	-8350	9908	9294	-9073	376	1897	-4360	-8	820	274	-893	113	2596	970	88
17835	-9089	9275	9844	-8420	305	1798	-4850	-53	816	323	-857	-105	2597	1101	88
17859	-10204	8143	10643	-7261	215	2176	-4740	-105	788	377	-814	-463	2557	1291	88
17877	-10947	7087	10947	-6205	-57	2055	-3310	-136	773	409	-789	-762	2484	1447	88
17913	-10948	5788	10948	-4941	-88	1717	-3220	-281	707	525	-643	-1094	2357	1633	88
17931	-10948	4552	10948	-3754	-455	2394	-3000	-345	686	578	-585	-1379	2203	1782	88
17949	-10948	4011	10948	-3235	-651	2006	-3110	-387	670	600	-544	-1495	2125	1832	88
17967	-10948	3449	10948	3090	-479	2097	-2870	-455	632	641	-482	-1611	2040	1897	88
17997	-10947	-2957	10947	3720	-695	1706	-1650	-551	566	706	-376	-1735	1934	1857	88
18036	-10947	-3384	10947	4157	-1037	2124	-800	-622	471	761	-285	-1818	1856	1833	88
18060	-10946	-3794	10946	4588	-1196	2021	-1310	-676	388	808	-223	-1896	1777	1786	88
18078	-10946	-3846	10946	4672	-831	1955	40	-695	365	822	-205	-1908	1764	1733	88
18114	-10945	-3722	10945	4648	-1357	2252	900	-757	268	856	-143	-1857	1731	1510	88
18138	-10945	-3328	10945	4396	-1511	2162	1460	-780	229	878	-124	-1797	1793	1301	88
18168	-10944	-3110	10944	4290	-1152	2157	1380	-804	185	896	-99	-1766	1823	1129	88
18204	-10944	3066	10944	4011	-1250	2117	2360	-820	153	897	-83	-1704	1882	984	88
18246	-10943	3065	10943	4010	-1250	2117	2360	-838	148	903	-67	-1704	1882	987	88
18273	-10943	3065	10943	4010	-1250	2117	2360	-850	156	915	-62	-1704	1882	986	88
18297	-10943	3066	10943	4011	-1250	2117	2360	-862	178	933	-61	-1704	1882	983	88
18315	-10942	5893	10942	-4025	-962	2036	1660	-869	190	944	-63	-1153	2262	0	88
18336	-10867	6287	10942	-4307	-942	2321	1760	-881	209	961	-74	-1031	2253	-272	88
18354	-10620	6282	10942	-4299	-745	2275	530	-881	224	976	-85	-994	2205	-350	88
18378	-10306	6390	10941	-4409	-1053	2375	1250	-885	239	973	-96	-927	2169	-430	88
18408	-9818	6372	10947	-4434	-806	2425	1140	-874	260	969	-108	-847	2072	-510	88
18432	-9182	6189	10347	-4290	-847	2255	-1240	-856	276	958	-123	-769	1910	-655	88
18468	-8819	6352	10071	-4442	-586	2347	2180	-824	297	933	-141	-688	1876	-762	88
18501	-8100	6277	9432	-4387	-869	2550	1000	-800	310	910	-148	-584	1722	-949	88
18519	-7852	6264	9207	-4389	-873	2449	650	-791	316	899	-152	-544	1672	-1000	88
18546	-7539	5986	8846	-4174	-1105	2495	-220	-769	323	878	-153	-529	1550	-1024	88
18570	-7166	5788	8445	-4038	-856	2237	600	-751	324	858	-148	-492	1435	-1058	88
18582	-7166	5788	8445	-4038	-856	2237	600	-748	322	854	-146	-492	1435	-1058	88
18612	-6850	5509	8073	-3834	-1579	3061	-1350	-728	317	835	-140	-474	1314	-1066	88
18642	-6312	5192	7474	-3626	-1030	2037	70	-714	315	818	-131	-422	1142	-1090	88
18693	-5533	4850	6640	-3426	-904	2263	280	-692	297	788	-109	-331	918	-1139	88
18729	-4962	4586	5999	-3299	-1279	1820	-1720	-678	282	770	-97	-261	751	-1129	88
18771	-4340	4382	5337	-3216	-989	1952	-720	-662	259	748	-82	-176	589	-1152	88
18807	-4139	4306	5106	-3197	-1283	2281	-1080	-650	236	730	-66	-148	534	-1133	88
18819	-3638	4251	4594	-3235	-1215	2065	340	-647	228	723	-59	-63	427	-1149	88
18849	-3085	4159	4003	-3269	-1001	1735	-40	-638	217	708	-46	28	302	-1134	88
18867	3347	3211	3157	3284	-1139	1594	-720	-628	211	698	-42	9	-27	-1117	88
18879	3450	3169	3058	3321	-991	2102	300	-611	208	693	-41	20	-56	-1142	88
18897	3542	3122	2946	3334	-860	1258	-630	-564	204	685	-41	32	-83	-1125	88
18915	3736	3038	-3062	3381	-905	1627	-200	-514	203	674	-24	55	-139	-1134	88
18933	3929	2956	-3296	3396	-2473	3879	-4330	-456	201	633	-5	83	-193	-1100	88
18993	4207	-2924	-3740	3247	-1391	1330	-1940	-314	153	477	58	151	-261	-853	88
19017	4433	2921	-4030	3077	-1150	1066	-3840	-278	142	453	76	213	-292	-735	88
19065	4862	3039	-4588	-3087	-765	818	-2330	-233	81	357	104	338	-344	-489	88
19083	4975	3051	-4705	-3128	-953	770	-520	-207	66	334	94	362	-363	-480	88
19107	5185	3169	-4970	-3368	-927	627	-2100	-187	51	305	78	433	-375	-353	88
19125	5397	3281	-5215	-3575	-678	357	-560	-174	44	281	66	499	-389	-266	88
19161	5719	3448	-5568	-3866	-642	196	300	-146	31	240	48	595	-412	-166	88
19203	5780	3499	-5717	-4041	-508	335	-1980	-110	16	189	28	632	-410	0	88
19233	6120	3698	-6024	-4295	-205	112	-200	-85	9	147	21	726	-430	0	88
19251	6227	3827	-6108	-4438	-120	114	-1950	-75	6	127	18	765	-422	0	88
19263	6339	3892	-6208	-4522	-120	38	-620	-70	3	114	14	796	-428	0	88
19284	6563	3994	-6416	-4662	81	82	-100	-57	0	98	9	853	-448	0	88
19314	6794	4071	-6636	-4782	-48	-37	-130	-37	-2	71	5	908	-474	0	88
19338	7026	4101	-6867	-4856	59	-88	560	-22	3	50	-1	957	-512	0	88
19368	7249	4214	-7072	-5007	127	-148	-570	-10	4	34	-8	1015	-529	0	88
19413	7595	4279	-7412	-5138	-41	-66	-100	30	17	-7	-24	1090	-580	0	88
19476	8046	4497	-7828	-5432	161	-147	350	69	33	-47	-39	1208	-616	0	88
19497	8268	4614	-8031	-5588	201	-92	1460	79	35	-59	-45	1267	-632	0	88
19527	8496	4679	-8251	-5694	303	-126	-740	102	41	-80	-51	1320	-661	0	88
19587	9010	4882	-8817	-6086	287	-202	-840	151	48	-124	-66	1462	-711	142	88
19614	9179	4921	-8899	-6059	559	-217	420	173	53	-140	-72	1485	-736	0	88
19638	9339	5040	-9135	-6317	575	-110	-620	203	57	-161	-79	1550	-738	167	88
19656	9444	5104	-9237	-6406	393	-323	-250	229	61	-190	-84	1581	-744	178	88
19716	10008	5299	-9783	-6715	521	-251	-480	309	67	-234	-104	1718	-806	196	88
19734	10258	5280	-10028	-6731	424	-304	240	331	65	-243	-113	1760	-858	173	88
19764	10521	5185	-10292	-6668	783	-339	880	338	70	-260	-122	1791	-929	134	88
19785	10688	5163	-10389	-6588	850	-140	770	357	77	-283	-131	1805	-967	0	88
19809	10516	5185	-10295	-6675	6159	-1770	-1160	398	80	-313	-140	1792	-928	147	88
19845	10743	5234	-10522	-6773	991	-512	-250	464	83	-360	-148	1843	-960	156	88
19896	10937	5147	-10937	-6691	859	-580	1570	581	79	-446	-167	1914	-1081	0	88
19938	10938	4878	-10938	-6534	996	-624	730	644	71	-520	-185	1965	-1232	0	88
19962	10938	4843	-10938	-6524	1194	-794	410	667	68	-561	-193	1982	-1262	0	88
19986	10938	4520	-10938	-6266	888	-591	130	705	64	-607	-196	1977	-1377	0	88
20013	10938	4286	-10938	-6090	1364	-1095	280	722	61	-638	-201	1984	-1470	0	88
20025	10937	4286	-10937	-6090	1364	-1095	280	722	61	-638	-201	1984	-1470	0	88
20067	10937	3469	-10937	-5289	1448	-1196	2450	764	43	-697	-210	1924	-1733	-168	88
20085	10937	3241	-10937	-5072	1462	-1370	1450	776	40	-708	-211	1904	-1801	-197	88
20109	10937	2929	-10937	-4792	1271	-1365	1690	779	34	-728	-214	1887	-1903	-228	88
20133	10936	-3336	-10936	-4309	1185	-1567	2980	788	34	-740	-216	1815	-2013	-301	88
20151	10936	-3377	-10936	-4310	1485	-1463	-1050	796	20	-758	-213	1830	-2039	-271	88
20169	10936	-3780	-10936	-3872	1470	-1630	2470	799	11	-764	-213	1747	-2112	-328	88
20199	10935	-4100	-10935	-3539	1610	-1715	840	817	-21	-788	-206	1680	-2165	-347	88
20217	10935	-4374	-10935	-3256	1241	-1698	740	825	-34	-801	-201	1621	-2209	-357	88
20259	10934	-4772	-10934	2978	1617	-2041	2410	838	-64	-826	-190	1531	-2273	-406	88
20277	10934	-5091	-10934	3312	1421	-1988	1310	848	-81	-838	-176	1459	-2320	-419	88
20298	10933	-5403	-10933	3635	1088	-1813	-460	857	-94	-849	-156	1387	-2364	-423	88
20322	10933	-5634	-10933	3889	1507	-1760	1260	865	-109	-865	-123	1331	-2396	-445	88
20346	10932	-6001	-10932	4277	1605	-1869	500	876	-121	-875	-100	1241	-2444	-454	88
20370	10932	-6470	-10932	4790	1041	-1731	1940	886	-136	-885	-75	1121	-2501	-484	88
20382	10932	-6232	-10932	4480	1544	-2287	-1960	889	-142	-888	-65	1189	-2469	-394	88
20412	10931	-6903	-10931	5206	1374	-2415	830	896	-157	-902	-46	1014	-2547	-421	88
20451	10931	-6745	-10931	4956	1721	-2509	-690	907	-183	-918	-9	1066	-2525	-297	88
20463	10931	-6745	-10931	4956	1721	-2509	-690	911	-188	-924	-1	1066	-2525	-297	88
20496	10930	-7107	-10930	5267	1220	-2031	-500	914	-201	-930	16	980	-2559	-184	88
20517	10930	-7107	-10930	5267	1220	-2031	-500	921	-208	-934	20	980	-2559	-184	88
20538	10930	-7177	-10930	5220	1387	-2175	-1270	926	-211	-939	24	977	-2561	0	88
20574	10930	-7211	-10930	5256	1233	-1927	-700	932	-218	-945	36	967	-2564	0	88
20610	10929	-7355	-10929	5245	1680	-2181	560	939	-225	-944	46	950	-2570	249	88
20655	10929	-7332	-10929	5120	1472	-2568	-1310	948	-232	-950	49	969	-2563	401	88
20691	10884	-7144	-10929	4869	1686	-2715	-1420	952	-233	-959	48	946	-2443	625	88
20709	10423	-7454	-10928	5198	1385	-2041	530	952	-234	-963	50	822	-2424	704	88
20730	10311	-7221	-10928	4867	1445	-2033	1140	951	-234	-965	49	856	-2349	899	88
20772	9851	-7132	-10927	4763	1749	-2368	240	942	-228	-978	37	800	-2241	1064	88
20814	9331	-7117	-10926	4651	1958	-3139	1140	927	-222	-978	34	736	-2136	1357	88
20844	9164	-6965	-10926	4415	1319	-2062	680	913	-223	-978	35	747	-2069	1541	88
20898	8205	-6873	-10110	4395	1720	-2675	200	889	-235	-974	43	599	-1866	1723	88
20928	8024	-6767	-9903	4333	1720	-2675	200	871	-248	-964	46	580	-1808	1721	88
20958	7485	-6452	-9294	4141	1720	-2675	200	856	-259	-954	41	526	-1636	1726	88
20976	7303	-6347	-9087	4079	1720	-2675	200	849	-265	-949	43	507	-1578	1725	88
20994	6946	-6139	-8680	3956	1720	-2675	200	833	-273	-934	48	470	-1465	1723	88
21012	6766	-6031	-8475	3889	1720	-2675	200	829	-275	-929	50	452	-1407	1724	88
21048	4508	-7537	-6681	5515	1144	-2302	1050	794	-298	-897	71	-158	-1311	2079	88
21099	3594	-7122	-5690	5279	815	-2160	170	761	-327	-863	95	-265	-1046	2121	88
21129	2956	-7070	-5050	5332	1471	-3405	1990	737	-346	-841	115	-373	-914	2157	88
21153	-3244	-6752	-4589	5100	687	-2279	660	709	-361	-825	131	-400	-767	2176	88
21171	-3244	-6752	-4589	5100	687	-2279	660	649	-372	-811	138	-400	-767	2176	88
21195	-3647	-6393	-4104	4845	620	-1931	1000	574	-381	-800	148	-423	-611	2173	88
21207	-3921	-5976	-3755	4492	781	-2701	1510	522	-391	-791	155	-411	-467	2195	88
21225	-4033	-5735	-3569	4315	288	-2223	2050	459	-407	-773	167	-400	-392	2155	88
21258	-4213	-5208	-3226	3918	503	-2264	2230	395	-428	-756	181	-366	-242	2063	88
21294	-4216	-4621	-3011	3478	95	-2755	3580	273	-497	-698	220	-298	-113	1901	88
21324	-3845	-3783	-3042	-2973	-135	-2015	3700	219	-539	-655	247	-137	0	1593	88
21345	-3638	-3551	-3135	-3149	-610	-2424	5290	219	-539	-655	247	-76	10	1470	88
21369	-4086	-3555	3305	2961	-933	-1759	5140	120	-607	-540	283	-196	90	1154	88
21393	-5505	-3322	4978	3237	-1022	-1552	5220	73	-641	-450	307	-463	406	846	88
21423	-6910	4479	7103	-3822	-1171	-1469	5540	26	-656	-368	333	-485	1111	346	88
21453	-6435	5158	6861	-4430	-1586	-1061	6420	-60	-587	-254	319	-315	1170	162	88
21489	-5278	6330	6122	-5522	-2064	-840	5410	-142	-491	-143	267	38	1209	-191	88
21507	-4262	7030	5379	-6204	-1892	-534	5880	-178	-441	-91	231	305	1170	-453	88
21519	-3810	7262	5027	-6440	-1587	-505	3960	-205	-407	-56	213	413	1135	-560	88
21540	-3023	7689	4417	-6872	-4863	-1603	10670	-234	-353	-17	186	605	1079	-744	88
21576	3475	7980	3853	-7181	-2179	-217	2390	-273	-269	48	141	764	1010	-897	88
21588	4162	8187	3279	-7413	-1108	196	1170	-270	-224	79	105	908	925	-1043	88
21618	4781	8199	-3069	-7454	-846	205	1990	-238	-169	127	38	1012	809	-1180	88
21672	5055	8278	-3334	-7585	-821	208	-380	-169	-109	158	-46	1076	775	-1178	88
21696	4856	8378	-3191	-7733	-622	187	-980	-142	-89	157	-70	1068	836	-1042	88
21714	4630	8368	-3020	-7746	-813	187	-3400	-129	-78	155	-75	1034	878	-943	88
21726	4432	8352	2927	-7751	-925	104	-3690	-123	-71	149	-80	1004	912	-856	88
21762	3945	8289	3291	-7735	-219	96	-1260	-79	-57	137	-59	925	993	-651	88
21792	3709	8361	3488	-7824	-279	-40	-1300	-30	-52	122	-42	902	1054	-552	88
21816	3566	8331	3596	-7806	-113	58	-500	-3	-29	107	-32	876	1075	-496	88
21834	3455	8307	3679	-7791	-156	70	-1240	15	-11	98	-34	856	1091	-453	88
21858	3489	8318	3654	-7799	0	-9	370	30	11	88	-39	863	1087	-465	88
21876	3343	8283	3765	-7773	-60	506	-1360	32	27	80	-42	836	1108	-413	88
21900	3343	8283	3765	-7773	-60	506	-1360	37	50	73	-50	836	1108	-413	88
21936	3142	8239	3928	-7732	85	386	260	43	78	68	-57	798	1136	-354	88
