0	4751	7205	-3959	-7358	0	0	-290	0	-1	-1	-1	700	413	0	88
6	3660	3859	3808	3602	8	-21	-640	0	-1	-1	-1	6	28	-1949	88
24	3617	4015	3901	3486	0	0	810	2	-1	-1	-1	14	57	-1974	88
42	3494	4292	4073	3240	-7	21	-350	2	-3	-3	-3	28	115	-1964	88
60	3437	4438	4161	3115	-27	-7	-30	3	-5	-5	-5	36	144	-1968	88
84	3291	4707	4337	-2939	-24	-13	-940	5	-6	-6	-2	48	204	-1944	88
108	3139	4967	4519	-3183	0	0	-280	8	2	-3	5	58	263	-1922	88
144	2951	5201	4714	-3417	-49	11	-440	14	14	10	8	63	323	-1880	88
150	-2931	5326	4808	-3536	35	-24	-400	14	14	10	8	67	352	-1865	88
204	-3445	5690	5273	-3930	22	29	-1710	18	32	20	7	55	476	-1723	88
234	-3771	5813	5542	-4086	57	-19	-1300	15	44	23	7	36	538	-1634	88
252	-3906	5897	5676	-4164	143	226	-740	13	43	27	6	30	569	-1619	88
276	-4157	6064	5923	-4322	-63	48	-320	12	46	31	7	20	629	-1577	88
330	-4561	6489	6381	-4690	-139	-25	600	10	52	39	7	16	750	-1550	88
348	-4880	6595	6678	-4786	54	66	-1250	8	56	45	3	-9	809	-1493	88
366	-4882	6587	6672	-4785	54	66	-1250	7	58	49	1	-9	809	-1493	88
399	-5250	6646	6993	-4845	109	237	-1010	5	63	56	-4	-42	869	-1426	88
417	-5647	6670	7343	-4859	1	178	-1390	4	67	62	-3	-84	927	-1360	88
456	-6286	6644	7870	-4845	-86	25	-900	3	68	70	-7	-158	1008	-1227	88
468	-6522	6596	8058	-4803	-174	231	-1800	5	71	77	-6	-189	1033	-1178	88
510	-7260	6395	8640	-4615	-44	37	-2150	3	73	85	-3	-293	1103	-1044	88
534	-7713	6281	9009	-4498	-207	403	-1360	-16	77	99	0	-357	1147	-966	88
564	-8118	6180	9345	-4387	-93	5	-870	-28	78	116	0	-415	1191	-907	88
582	-8425	5990	9562	-4214	-17	127	-2140	-38	80	121	0	-469	1203	-840	88
606	-8827	5882	9906	-4083	-389	106	-2030	-54	80	137	2	-529	1243	-789	88
666	-9784	5597	10744	-3715	-86	244	-410	-106	84	198	4	-682	1338	-692	88
681	-10048	5395	10931	-3521	-570	476	-2290	-131	87	217	8	-735	1344	-637	88
720	-10208	4883	10928	-3075	-188	598	-2220	-174	92	314	16	-810	1300	-559	88
750	-10288	4526	10885	3024	-196	595	-760	-209	98	378	28	-860	1268	-507	88
774	-10284	4378	10820	3136	-678	546	-1150	-248	95	430	46	-879	1255	-479	88
813	-10285	4054	10709	3402	-702	555	-720	-288	88	478	68	-923	1224	-435	88
837	-10427	3389	10616	3944	-733	789	-1550	-325	77	519	90	-1009	1153	-322	88
861	-10464	2991	10504	4254	-1151	887	-1990	-359	71	545	112	-1059	1109	-244	88
897	-10446	-3272	10315	4601	-1228	764	-2240	-396	62	547	143	-1114	1052	-160	88
945	-10425	-4135	10001	5261	-1121	760	-1570	-452	40	557	178	-1211	940	0	88
975	-10321	-4312	9861	5402	-1418	744	-1820	-480	13	563	198	-1233	910	0	88
1011	-9862	-4514	9367	5508	-1593	981	-1150	-509	-16	569	214	-1215	832	0	88
1035	-9434	-4499	8950	5420	-1308	568	-820	-531	-46	569	229	-1173	787	0	88
1086	-8276	-4294	7848	5029	-1533	757	-190	-548	-84	560	240	-1028	680	0	88
1104	-7878	-4074	7508	4764	-1325	938	1340	-550	-90	558	242	-964	667	0	88
1122	-7160	-3913	6826	4486	-1440	666	-330	-550	-97	550	242	-862	603	0	88
1167	-6363	-3669	6099	4132	-3422	1543	-440	-553	-112	537	244	-755	546	0	88
1191	-5926	-3485	5712	3891	-1387	830	780	-551	-116	534	245	-696	524	0	88
1215	-5122	-3187	5102	3622	-1736	1139	960	-547	-115	524	241	-587	468	-165	88
1257	-4016	-2944	4083	3235	-1468	738	-250	-543	-119	512	235	-437	368	-196	88
1281	-3268	3050	3435	2986	-1624	1352	510	-536	-117	503	227	-333	303	-264	88
1308	3285	3260	-3026	-3090	-1388	860	390	-517	-102	490	215	-226	240	-318	88
1329	4001	3354	-3688	-3267	-1159	857	530	-499	-94	477	201	-131	164	-360	88
1359	4389	3420	-4033	-3362	-1645	884	730	-383	-78	400	156	-83	124	-386	88
1407	5324	3575	-4927	-3651	-1026	730	40	-289	-60	329	110	55	22	-412	88
1431	5396	3734	-4950	-3785	-876	713	670	-235	-52	296	92	83	33	-435	88
1449	5783	4218	-5118	-4158	-894	683	1540	-224	-45	276	70	171	53	-598	88
1479	5871	4365	-5140	-4255	-624	577	1030	-182	-41	237	32	201	57	-640	88
1497	6179	4644	-5287	-4440	-454	583	1640	-174	-41	221	17	264	55	-772	88
1533	6544	5022	-5504	-4755	-299	340	840	-146	-38	183	-19	355	55	-871	88
1557	6750	5263	-5647	-4986	-141	330	1780	-122	-24	153	-41	416	57	-905	88
1575	6825	5382	-5691	-5095	-86	292	200	-109	-16	138	-52	446	59	-912	88
1605	6850	5492	-5694	-5190	-23	216	100	-85	1	109	-62	476	62	-918	88
1653	7142	5995	-5917	-5739	26	156	-350	-43	18	78	-56	594	83	-898	88
1695	7446	6515	-6147	-6310	39	89	340	-9	39	52	-57	713	107	-886	88
1713	7442	6662	-6144	-6480	140	-45	-1170	6	45	40	-58	741	123	-859	88
1737	7542	6930	-6220	-6785	198	27	-290	22	54	24	-63	798	143	-838	88
1761	7634	7208	-6288	-7099	331	107	-220	40	61	11	-66	855	165	-813	88
1782	7569	7374	-6229	-7291	268	-12	-1360	52	68	0	-66	880	193	-772	88
1824	7548	7654	-6198	-7606	289	104	-860	83	84	-21	-74	934	226	-733	88
1842	7709	7921	-6314	-7895	187	-137	60	100	90	-29	-82	992	240	-733	88
1860	7663	8096	-6262	-8086	105	-19	-30	108	97	-36	-88	1016	267	-701	88
1896	7760	8524	-6312	-8551	378	71	440	121	125	-48	-119	1097	312	-672	88
1932	7742	9007	-6268	-9086	275	-126	-2440	136	151	-57	-153	1172	380	-608	88
1950	7734	9318	-6254	-9444	435	123	-990	141	172	-63	-187	1220	426	-549	88
1974	7573	9504	-6083	-9620	434	92	-990	153	198	-63	-229	1234	473	-521	88
2013	7301	9837	-5828	-9971	429	186	-1040	163	225	-59	-289	1264	557	-433	88
2043	6871	10168	-5450	-10333	2064	334	-6350	183	273	-55	-360	1280	664	-319	88
2172	-3294	11060	4275	-11060	709	545	-3930	192	490	-35	-631	1010	1457	550	88
2196	-3796	11061	4709	-11061	667	428	-2180	181	538	-40	-664	962	1525	628	88
2214	-4182	11062	5056	-11062	867	679	-2080	163	562	-42	-686	927	1582	683	88
2244	-5886	11062	6534	-11062	1195	922	-3370	134	627	-9	-721	720	1783	937	88
2298	-7978	10572	8314	-10378	689	1062	-2910	92	715	46	-738	436	1996	1221	88
2325	-8509	10470	8798	-10226	916	983	-490	45	710	71	-726	372	2070	1272	88
2349	-8643	10449	8948	-10167	587	1185	-440	13	692	97	-699	359	2103	1276	88
2367	-9425	10196	9634	-9851	806	1153	-1040	-23	684	123	-677	243	2180	1362	88
2397	-10366	9902	10485	-9459	859	1302	-1760	-75	670	163	-645	102	2282	1450	88
2445	-10796	9699	10884	-9205	786	1332	-460	-161	659	254	-606	34	2344	1477	88
2457	-11003	9665	11089	-9137	739	1386	-530	-161	659	254	-606	4	2374	1486	88
2487	-11065	9872	11065	-9233	675	1774	40	-263	655	358	-580	-12	2465	1447	88
2511	-10856	10459	11066	-9752	759	1290	1810	-309	655	429	-566	86	2523	1337	88
2541	-10924	10430	11066	-9685	541	1992	-420	-397	662	516	-553	66	2554	1330	88
2565	-10792	10407	11066	-9616	408	2059	-340	-461	668	563	-547	66	2554	1262	88
2601	-9907	10896	10634	-10083	492	1963	2290	-514	672	622	-545	205	2547	1106	88
2613	-9831	10876	10588	-10042	564	2106	100	-537	683	641	-543	205	2547	1074	88
2643	-9638	10850	10434	-10013	307	1721	250	-548	685	643	-549	213	2546	1039	88
2655	-9525	10885	10384	-10005	425	1825	180	-555	694	648	-545	220	2546	973	88
2682	-9404	10841	10320	-9922	684	1959	-500	-563	701	660	-545	216	2546	908	88
2715	-10062	10169	10854	-9177	200	2066	-890	-590	700	669	-539	50	2556	914	88
2763	-11061	8846	11061	-7810	187	2274	-3770	-573	714	680	-515	-245	2544	1016	88
2793	-11062	8653	11062	-7617	76	1879	-740	-590	715	699	-497	-283	2540	1001	88
2829	-11061	8331	11061	-7255	-63	2332	-1250	-640	713	750	-460	-351	2532	949	88
2859	-11061	7814	11061	-6705	-215	3047	-1480	-677	687	772	-435	-457	2515	927	88
2883	-11060	7671	11060	-6548	-285	2292	-640	-707	662	799	-415	-487	2510	896	88
2913	-10978	7284	11059	-6100	-488	3338	670	-751	631	824	-390	-480	2388	673	88
2943	-10904	7156	11058	-5894	-683	2505	-1130	-768	594	852	-366	-512	2381	576	88
2955	-10627	7420	11058	-6106	-289	2358	1200	-772	587	854	-361	-465	2391	476	88
2979	-10898	6979	11057	-5597	-723	2650	-410	-776	561	863	-345	-564	2370	427	88
3009	-10347	7484	11056	-5997	-635	2133	500	-776	541	879	-329	-477	2388	232	88
3036	-10032	7235	11069	-5605	-433	1821	-510	-767	528	884	-316	-501	2323	0	88
3066	-9516	7279	10554	-5746	-708	2636	1160	-759	514	890	-301	-443	2272	0	88
3090	-9427	7296	10475	-5768	-708	2636	1160	-621	376	893	-291	-443	2272	0	88
3114	-9347	7317	10402	-5791	-708	2636	1160	-745	501	888	-283	-443	2272	0	88
3138	-9271	7335	10334	-5814	-708	2636	1160	-736	487	882	-270	-443	2272	0	88
3222	-8791	6239	9885	-4563	-975	2208	120	-733	437	877	-214	-567	2055	-334	88
3258	-8616	5403	9504	-3848	-1274	2630	-2830	-734	409	874	-187	-643	1905	-298	88
3270	-8192	5454	9131	-3923	-987	2258	770	-733	403	875	-181	-594	1858	-364	88
3297	-7974	4639	8713	-3234	-1071	2139	-3300	-734	375	871	-161	-660	1708	-316	88
3339	-7260	4021	7868	3020	-1216	2012	-2470	-733	321	864	-118	-651	1517	-330	88
3369	-6676	3809	7251	3134	-1177	2081	0	-732	281	853	-84	-613	1402	-364	88
3387	-6125	3538	6658	3309	-1350	2163	1770	-730	266	846	-61	-580	1286	-386	88
3420	-5400	2966	5784	3683	-1479	1990	-2950	-726	244	835	-31	-556	1097	-355	88
3432	-5391	2998	5769	3636	-1479	1990	-2950	-724	237	827	-16	-556	1097	-355	88
3456	-5000	3098	5414	3490	-1180	1697	780	-717	219	813	11	-508	1053	-403	88
3468	-4750	2936	5116	3579	-1632	2064	-1540	-718	217	812	13	-495	992	-382	88
3519	-3539	-3087	3869	3580	-1314	1745	-1310	-704	176	790	60	-380	781	-412	88
3531	-2945	-3242	3235	3609	-1050	1544	-710	-699	162	783	71	-322	675	-410	88
3555	3424	-3396	-3207	3600	-1728	1741	-860	-693	140	776	85	-267	568	-370	88
3588	3976	-3560	-3872	3564	-1811	1776	-2980	-661	116	760	102	-216	458	-285	88
3615	4312	-3483	-4183	3444	-1326	1335	290	-558	87	647	127	-175	411	-316	88
3636	4818	-3694	-4849	3412	-1992	1517	-2940	-464	64	563	140	-122	301	-184	88
3660	5047	-3741	-5146	3348	-1267	1122	-1790	-416	31	518	154	-95	246	-140	88
3711	5951	-4136	-6286	3387	-1325	857	-1350	-316	-22	436	177	-4	21	0	88
3753	6060	-4300	-6455	3500	-1048	602	-670	-232	-62	325	188	-12	-58	0	88
3795	6126	5192	-5832	-5836	-901	313	560	-178	-76	268	168	394	447	0	88
3837	6531	5300	-6217	-5999	-519	467	1290	-141	-69	219	125	467	363	0	88
3858	6628	5323	-6304	-6024	-436	102	990	-127	-65	197	94	488	333	0	88
3879	6651	5354	-6317	-6043	-1170	20	1900	-117	-57	178	81	501	312	0	88
3903	7229	6395	-6706	-7140	-374	93	-740	-93	-44	144	53	697	373	0	88
3945	7172	6424	-6641	-7139	-320	108	60	-60	-37	102	11	710	345	0	88
3963	7112	6447	-6574	-7140	4	31	-730	-51	-32	98	6	713	340	0	88
3999	6878	6518	-6324	-7151	86	-84	-70	-17	-5	56	-19	708	350	0	88
4029	6552	6614	-5974	-7171	42	-153	-250	8	11	28	-34	691	382	0	88
4065	6287	6676	-5692	-7171	195	-99	-420	31	25	0	-46	682	398	0	88
4095	6068	6711	-5459	-7156	260	61	-690	45	36	-20	-58	673	413	0	88
4113	5746	6774	-5122	-7153	111	-109	890	51	45	-26	-62	647	453	0	88
4131	5607	6797	-4969	-7139	252	-81	360	62	53	-35	-67	639	463	0	88
4155	5241	6836	-4586	-7101	577	208	-1390	70	63	-46	-77	608	503	0	88
4173	5026	6847	-4369	-7074	117	-135	-830	76	69	-53	-82	591	523	0	88
4203	4750	6857	-4065	-7007	465	98	-1420	84	81	-60	-91	568	547	0	88
4239	4159	6496	-3540	-6558	616	400	-1730	87	93	-62	-102	471	554	0	88
4257	3901	6475	-3286	-6493	254	-88	-970	88	97	-66	-108	443	577	0	88
4275	3706	6446	-3090	-6425	599	85	1340	89	106	-65	-113	422	591	0	88
4299	3349	6372	3071	-6272	502	53	-940	92	108	-66	-116	377	619	0	88
4338	3654	-3287	-3764	3152	373	-96	-970	89	115	-64	-121	23	-16	0	88
4362	3928	-3236	-4030	3050	302	152	-1010	92	110	-64	-115	73	-49	0	88
4404	4495	-3117	-4580	-2972	484	195	220	88	94	-58	-96	174	-114	0	88
4446	4840	-3052	-5030	-3235	464	107	330	82	75	-57	-85	253	-158	144	88
4458	4984	-3012	-5165	-3298	234	-81	10	80	70	-58	-81	279	-174	145	88
4488	5255	-2916	-5442	-3466	185	-78	-520	73	53	-63	-76	333	-202	176	88
4518	5549	2964	-5706	-3579	160	-269	-360	67	40	-68	-67	382	-236	159	88
4536	5858	3015	-6002	-3680	120	-40	710	64	37	-72	-64	430	-273	157	88
4557	5834	3055	-5968	-3712	134	42	-620	62	33	-75	-65	433	-269	157	88
4581	6371	3131	-6361	-3729	142	-379	760	63	27	-81	-63	497	-335	0	88
4602	6515	3127	-6499	-3743	108	-59	910	64	26	-80	-60	516	-360	0	88
4638	6971	3057	-6954	-3743	87	-126	920	68	20	-89	-57	571	-438	0	88
4716	7704	3108	-7673	-3921	130	-112	-730	86	13	-105	-55	679	-543	0	88
4752	8152	3112	-8117	-4003	164	-323	-150	94	14	-114	-55	742	-608	0	88
4788	8592	3010	-8576	-3984	259	-83	330	109	12	-128	-57	792	-688	0	88
4812	8893	3005	-8879	-4036	203	-52	370	119	12	-137	-57	834	-733	0	88
4866	9509	2942	-9390	-3949	540	-268	-250	152	13	-166	-64	901	-838	-151	88
4884	9477	2944	-9360	-3948	540	-268	-250	169	16	-174	-68	901	-838	-151	88
4902	9765	-3021	-9643	-3798	415	-496	1410	184	20	-186	-69	919	-906	-199	88
4932	10035	-2929	-9932	-3974	368	-429	-350	211	15	-208	-75	975	-935	-163	88
4950	10162	2901	-10068	-4042	408	-432	-180	222	14	-215	-76	1000	-952	-151	88
4968	10402	2962	-10419	-4286	530	-432	-1290	245	13	-242	-82	1057	-978	0	88
5004	10811	2998	-10833	-4405	562	-356	-210	279	12	-275	-87	1125	-1039	0	88
5034	11071	-3015	-11034	-4126	673	-619	220	348	13	-338	-99	1133	-1118	-134	88
5094	11051	-3403	-11051	-3781	943	-927	1610	455	-6	-466	-122	1161	-1258	-183	88
5124	11051	-3685	-11051	-3499	979	-901	2180	517	-20	-523	-130	1160	-1339	-223	88
5145	11050	-4234	-11050	-2917	889	-1265	2150	553	-30	-554	-134	1117	-1451	-299	88
5193	11050	-5142	-11050	3894	667	-878	1300	643	-70	-639	-124	1028	-1624	-428	88
5223	11049	-6333	-11049	5233	1023	-1247	1700	688	-97	-675	-100	876	-1811	-592	88
5247	11049	-6732	-11049	5632	939	-1195	50	711	-118	-705	-68	841	-1893	-607	88
5265	11049	-7481	-11049	6551	1176	-2508	6230	730	-135	-723	-52	705	-1979	-729	88
5283	10998	-7770	-11050	6883	1206	-1801	1500	737	-154	-750	-33	662	-2026	-754	88
5325	10613	-8718	-11049	7924	773	-1414	1530	730	-180	-767	0	519	-2160	-830	88
5349	10534	-9082	-11048	8259	1141	-2188	1960	731	-221	-798	42	481	-2230	-816	88
5385	10094	-10039	-10795	9300	727	-1851	1070	742	-261	-822	85	325	-2350	-869	88
5403	9958	-10270	-10703	9541	705	-2210	1040	734	-282	-821	108	286	-2385	-870	88
5421	9675	-10422	-10446	9736	1105	-2370	1150	728	-319	-820	141	235	-2390	-873	88
5487	8319	-10964	-9207	10468	484	-1946	620	700	-416	-819	217	9	-2371	-855	88
5511	7737	-11049	-8686	10896	610	-2264	980	676	-492	-794	296	-105	-2369	-851	88
5535	7513	-11049	-8483	10962	312	-2065	750	655	-560	-773	359	-143	-2367	-836	88
5547	7404	-11049	-8455	10918	610	-2493	1510	642	-597	-761	396	-153	-2366	-740	88
5577	6966	-11049	-8033	11049	371	-2253	1750	619	-663	-735	472	-237	-2359	-751	88
5619	6395	-11049	-7618	11049	213	-2226	690	594	-735	-697	563	-331	-2348	-598	88
5637	6742	-11049	-8015	10784	262	-2050	-2310	586	-755	-686	595	-247	-2358	-474	88
5667	6676	-11049	-8057	10562	-52	-2089	-1950	573	-792	-658	644	-245	-2359	-343	88
5703	6897	-10939	-8360	10048	338	-2427	-2000	566	-813	-635	661	-181	-2364	-221	88
5721	7038	-10374	-8588	9264	68	-2482	-1550	566	-824	-628	653	-87	-2310	0	88
5757	7349	-9966	-9066	8553	213	-2453	-1050	568	-825	-620	635	9	-2311	259	88
5793	7422	-9328	-9225	7710	153	-3449	-4050	571	-779	-623	586	98	-2249	466	88
5823	7861	-8805	-9816	6853	-29	-2505	-1790	572	-727	-626	535	233	-2239	753	88
5853	8190	-7912	-10233	5655	264	-2687	-1860	570	-692	-631	505	395	-2155	1055	88
5883	7790	-7832	-9863	5603	316	-1854	440	565	-659	-647	472	351	-2101	1117	88
5925	7600	-7545	-9700	5275	279	-2716	720	563	-626	-648	440	362	-2039	1232	88
5943	7125	-7135	-9140	4979	279	-2716	720	559	-609	-652	424	341	-1921	1233	88
5970	6649	-6708	-8570	4672	279	-2716	720	555	-596	-653	410	320	-1802	1231	88
5991	6175	-6301	-8008	4380	322	-2594	-306	505	-477	-584	307	299	-1684	1231	88
6054	3595	-6599	-5629	4945	-59	-2340	730	522	-553	-646	360	-51	-1404	1485	88
6072	3338	-6421	-5343	4814	322	-2559	600	507	-548	-630	355	-66	-1343	1504	88
6096	3037	-6261	-4996	4731	-21	-2539	1280	485	-547	-614	354	-92	-1281	1501	88
6126	-3363	-5944	-4288	4588	-25	-2148	2100	446	-546	-588	355	-148	-1154	1469	88
6144	-3479	-5680	-4103	4374	-25	-2148	2100	397	-547	-573	358	-140	-1096	1469	88
6162	-4027	-5322	-3480	4133	-65	-2125	1510	354	-550	-559	360	-178	-967	1483	88
6207	-4771	-4367	3326	3429	-368	-2009	1220	261	-565	-520	362	-194	-717	1443	88
6363	-5272	5037	5320	-4798	-1212	-1383	2890	-9	-466	-184	313	-65	-52	641	88
6402	-4924	5346	5115	-5064	-1302	-1075	2640	-66	-385	-121	254	-19	-13	571	88
6420	-4571	5812	4971	-5433	-1145	-997	2440	-86	-356	-95	236	52	29	425	88
6438	-4440	5775	4866	-5388	-1090	-854	1970	-98	-344	-81	233	54	25	386	88
6459	-4302	5722	4747	-5334	-898	-677	1100	-111	-333	-68	225	55	22	360	88
6531	-4551	4585	4923	-4063	-900	-428	1010	-168	-238	-2	161	-135	-34	233	88
6552	-5215	3634	5442	-3008	-632	-336	1070	-172	-224	2	154	-331	-70	207	88
6600	-3656	5332	4216	-4914	-348	-169	-1070	-192	-170	28	138	45	39	181	88
6630	-3495	5382	4087	-4979	-173	44	1050	-175	-151	40	124	68	58	146	88
6648	-3365	5631	3991	-5263	-168	51	130	-158	-129	44	108	113	98	157	88
6684	-3172	5823	3836	-5490	-329	-234	-1070	-142	-105	45	91	159	136	145	88
6720	-2987	6167	3682	-5901	-109	5	130	-120	-82	44	69	225	197	166	88
6747	2914	6384	3597	-6160	-111	136	-760	-101	-66	42	54	268	240	186	88
6783	3015	6419	3491	-6229	-46	-53	170	-80	-52	40	51	291	259	181	88
6795	3307	6937	3430	-6620	-136	165	450	-77	-45	37	47	368	307	0	88
6807	3327	6894	3398	-6588	-136	165	450	-66	-30	36	36	368	307	0	88
6831	3493	7299	3296	-7022	30	423	650	-60	-20	34	27	439	363	0	88
6873	3585	7474	3221	-7228	8	53	-10	-34	17	31	1	480	407	0	88
6897	3543	7662	3157	-7568	-2	141	-480	-19	34	29	-8	517	457	165	88
6921	3585	7741	3116	-7669	312	251	-120	-9	46	29	-22	539	478	166	88
6939	3554	7995	3150	-7960	0	-30	-520	1	60	24	-30	572	531	209	88
7074	-2951	9048	3761	-9182	116	89	-880	42	182	31	-170	666	851	487	88
7119	-3458	9264	4185	-9435	230	371	-990	39	215	36	-215	652	973	617	88
7247	-4876	10171	5552	-10290	432	484	-240	18	254	36	-267	633	1362	872	88
7277	-4796	10450	5557	-10528	282	574	740	18	267	37	-289	676	1407	835	88
7295	-4746	10589	5555	-10643	365	584	470	15	282	39	-311	699	1431	816	88
7343	-4833	10901	5725	-10891	525	765	410	8	376	39	-399	733	1514	801	88
7415	-4481	11050	5628	-11050	616	698	330	-27	504	48	-540	863	1617	697	88
7439	-4608	11052	5850	-11052	891	847	-760	-40	536	50	-577	891	1704	682	88
7478	-5226	11053	6462	-11053	1018	1042	-1200	-44	592	57	-627	843	1828	739	88
7502	-5395	11054	6629	-11054	1023	1207	-690	-50	620	65	-657	831	1866	749	88
7520	-5206	11054	6518	-11054	873	1149	1040	-57	639	71	-678	875	1880	704	88
7538	-5317	11054	6652	-11054	912	971	-280	-62	658	81	-699	871	1915	704	88
7595	-6680	11054	7964	-11054	939	1280	-980	-58	721	105	-750	725	2134	800	88
7613	-6624	11054	7961	-11054	1261	1761	630	-56	733	107	-760	747	2157	764	88
7643	-6955	11054	8312	-11054	1259	1798	150	-57	775	128	-794	719	2230	763	88
7661	-7202	11053	8614	-11053	1095	1671	-830	-58	795	134	-806	706	2297	737	88
7685	-6835	11053	8362	-11053	1326	1745	2240	-64	813	147	-818	780	2305	658	88
7709	-7220	11053	8777	-11053	1293	1516	310	-79	824	157	-828	742	2380	647	88
7733	-7349	11053	8918	-11053	1274	1665	-830	-79	838	173	-841	711	2390	606	88
7775	-7570	11053	9140	-11053	1490	1921	130	-109	848	205	-847	659	2405	540	88
7805	-7379	11052	9028	-11052	1427	2003	-120	-122	862	225	-849	679	2400	445	88
7817	-7846	11052	9420	-10786	1297	1830	-1820	-125	866	235	-857	592	2423	471	88
7859	-7795	11052	9450	-10544	1280	1801	1230	-135	875	265	-852	582	2425	341	88
7901	-8388	10874	9966	-9490	1665	2798	-1810	-154	905	307	-836	410	2399	227	88
7937	-8461	10674	10162	-9099	1250	2396	-10	-167	911	333	-819	366	2406	0	88
7955	-8547	10533	10221	-8951	1093	2034	-360	-180	906	351	-809	342	2409	0	88
7973	-8728	9987	10297	-8400	1669	3024	-1730	-199	904	379	-792	262	2359	0	88
7997	-9131	9563	10609	-7938	1325	2287	-2170	-222	891	439	-766	169	2368	0	88
8045	-9933	7791	11033	-6148	1156	2726	-2680	-260	873	512	-717	-116	2249	0	88
8072	-10401	6782	11047	-4983	630	2991	-3330	-294	854	539	-685	-303	2172	-153	88
8090	-10982	6023	11047	-4133	387	2057	-2920	-322	841	578	-661	-467	2142	-185	88
8114	-11022	5854	11047	-3920	499	2576	-570	-370	824	633	-636	-504	2133	-254	88
8162	-10393	4866	11061	-3111	298	2823	-2210	-493	776	727	-573	-548	1935	-273	88
8180	-9801	4528	10393	-2905	298	2823	-2210	-519	757	744	-552	-515	1820	-279	88
8216	-9140	4180	9636	3077	298	2823	-2210	-551	721	767	-510	-482	1704	-273	88
8228	-8832	4016	9289	3170	298	2823	-2210	-558	701	776	-471	-465	1647	-274	88
8258	-9054	-3353	9546	5096	-350	2371	-780	-561	676	774	-402	-722	1448	-723	88
8294	-8980	-3813	9408	5538	-352	2580	-610	-565	588	774	-301	-791	1378	-768	88
8318	-8305	-4874	8527	6423	-647	2469	-340	-569	534	776	-261	-834	1134	-787	88
8336	-8229	-4819	8459	6354	-647	2469	-340	-579	449	782	-198	-834	1134	-787	88
8354	-7694	-5349	7768	6702	-679	2350	-3420	-587	407	782	-169	-829	984	-735	88
8399	-7220	-5956	7122	7138	-885	1963	-1160	-610	304	778	-87	-867	825	-710	88
8417	-7355	-6067	7234	7269	-920	1602	-860	-620	264	773	-57	-913	819	-710	88
8441	-6636	-6348	6439	7387	-1173	1965	-1930	-627	221	765	-25	-871	681	-694	88
8465	-6381	-6351	6222	7395	-1092	2055	-120	-632	188	758	1	-866	638	-747	88
8489	-6151	-6412	5994	7433	-1877	2523	-2960	-637	155	748	32	-865	586	-758	88
8513	-5902	-6379	5767	7379	-1140	1626	560	-641	123	735	61	-855	547	-787	88
8549	-5608	-6215	5557	7234	-1020	1149	-820	-639	80	711	91	-837	518	-833	88
8573	-4867	-6002	4899	6950	-1438	1590	-1310	-639	53	695	120	-743	441	-884	88
8609	-4110	-5705	4232	6570	-1245	1405	-910	-634	24	672	144	-645	369	-926	88
8627	-3398	-5478	3600	6269	-1413	1414	-20	-629	9	663	152	-546	301	-976	88
8651	-3015	-5398	3212	6100	-1487	1748	-1380	-621	-5	651	167	-503	252	-950	88
8669	3489	-5112	-3191	5756	-1300	1373	10	-617	-12	641	167	-398	194	-1011	88
8705	4532	-4724	-4157	5202	-1297	1249	-80	-578	-17	595	170	-243	99	-1018	88
8753	5193	-4312	-4740	4685	-1017	1035	0	-454	-26	467	172	-134	46	-1016	88
8765	5524	-4123	-5011	4471	-1396	1448	640	-419	-26	430	173	-78	24	-1045	88
8789	6132	-3718	-5517	3998	-1130	1065	-380	-358	-22	363	173	35	-9	-1071	88
8843	6074	-3442	-5481	3648	-945	830	-530	-254	-34	291	166	60	-4	-990	88
8879	3979	-5041	-3556	5691	-784	630	600	-200	-31	242	150	-399	-5	-1117	88
8903	-3448	-6799	3517	7631	-387	419	880	-155	-34	208	141	-793	-84	-1076	88
8927	-3154	-6615	3238	7379	-772	635	-940	-159	-30	183	139	-729	-115	-1055	88
8945	-3154	-6576	3279	7376	-408	384	1210	-163	-35	182	141	-726	-125	-1096	88
8981	-2932	-6796	2925	7436	-414	109	-780	-160	-42	183	141	-703	-218	-991	88
8999	2915	-6825	-2947	7432	-611	197	-720	-156	-47	181	141	-695	-245	-972	88
9017	3005	-6886	-3089	7425	-261	258	-1440	-146	-52	174	144	-681	-279	-928	88
9041	3177	-6953	-3314	7409	-575	86	-730	-135	-60	159	153	-657	-331	-883	88
9077	3401	-7017	-3643	7320	-317	303	-1010	-114	-69	137	158	-618	-396	-775	88
9095	3487	-7006	-3729	7291	-208	21	160	-102	-73	126	160	-602	-420	-779	88
9113	3708	-7027	-3997	7221	-245	-31	550	-94	-80	116	163	-568	-465	-731	88
9203	3724	-6917	-4138	6938	-343	-220	-170	-46	-102	59	167	-520	-518	-563	88
9233	3865	-6555	-4293	6470	-563	-532	-2730	-29	-104	45	167	-447	-503	-462	88
9254	4978	2915	-4746	-3069	-247	-293	-390	-24	-105	41	164	94	-105	-442	88
9284	5199	2952	-4998	-3188	-51	-398	240	-4	-98	24	143	137	-146	-400	88
9302	5432	3004	-5326	-3400	-217	-231	-3420	-2	-96	23	140	190	-178	-270	88
9320	5551	3012	-5429	-3410	-300	-367	1310	9	-87	16	127	208	-202	-305	88
9344	5803	3081	-5711	-3568	-246	-328	-670	20	-77	6	111	259	-236	-244	88
9365	5909	3123	-5825	-3644	125	-202	-430	24	-67	0	100	283	-254	-225	88
9383	6024	3148	-5942	-3693	47	35	-340	27	-61	-2	89	307	-272	-216	88
9410	6278	3213	-6217	-3836	-90	-206	-570	34	-49	-12	69	358	-305	-174	88
9434	6554	3244	-6487	-3912	58	-156	250	38	-40	-17	56	404	-344	-172	88
9452	6843	3278	-6773	-3997	172	-122	-160	41	-39	-23	52	451	-381	-165	88
9482	6945	3302	-6871	-4037	31	-65	-210	48	-33	-31	47	475	-399	-157	88
9500	7244	3297	-7158	-4068	139	-17	680	50	-26	-36	38	517	-442	-173	88
9542	7595	3341	-7633	-4325	261	-30	-40	61	-13	-50	16	597	-488	0	88
9566	7716	3338	-7749	-4336	175	-95	170	67	-4	-56	4	619	-508	0	88
9602	8148	3392	-8165	-4456	128	-160	-10	81	8	-71	-10	691	-563	0	88
9614	8290	3390	-8306	-4477	320	-111	140	87	9	-73	-11	713	-584	0	88
9653	8551	3438	-8554	-4561	448	-232	350	106	19	-92	-26	763	-617	0	88
9662	8861	3431	-8865	-4609	306	-256	-150	110	20	-97	-27	806	-660	0	88
9692	9132	3485	-9125	-4707	325	-157	-390	130	26	-112	-36	856	-693	0	88
9719	9399	3578	-9379	-4846	1733	-516	-880	144	31	-126	-39	912	-719	0	88
9752	9640	3744	-9596	-5054	523	-488	-1040	166	38	-148	-49	976	-734	0	88
9782	9914	3795	-9863	-5155	403	-360	520	196	41	-176	-57	1027	-768	0	88
9812	10183	3954	-10100	-5351	471	-251	-420	226	46	-200	-68	1088	-786	0	88
9830	10462	4130	-10350	-5572	498	-450	-760	243	47	-216	-71	1151	-802	0	88
9866	10693	4159	-10581	-5645	815	-415	240	295	53	-265	-84	1198	-838	0	88
9884	10970	4248	-10844	-5782	756	-684	30	317	57	-278	-87	1252	-866	0	88
9902	11001	4332	-10984	-6012	861	-763	-830	352	57	-313	-95	1290	-864	156	88
9950	11041	4727	-11041	-6577	894	-773	-1040	499	64	-434	-119	1424	-877	266	88
9974	11041	4649	-11041	-6509	1047	-933	930	521	65	-463	-126	1438	-911	255	88
9992	11041	4513	-11041	-6367	1025	-694	1130	582	67	-528	-142	1445	-956	228	88
10016	11041	4598	-11041	-6521	1284	-977	240	618	67	-569	-154	1501	-982	266	88
10046	11041	4558	-11041	-6523	1099	-832	390	643	68	-598	-164	1541	-1029	277	88
10058	11041	4596	-11041	-6597	1548	-1030	-130	643	68	-598	-164	1568	-1043	300	88
10088	11040	4650	-11040	-6753	1594	-1156	740	717	73	-676	-191	1642	-1095	346	88
10106	11040	4699	-11040	-6833	1397	-1246	-120	740	72	-698	-197	1670	-1107	374	88
10136	11040	4519	-11040	-6689	1260	-1117	240	764	75	-734	-206	1695	-1176	375	88
10166	11039	4083	-11039	-6311	1254	-1230	1430	797	70	-763	-214	1712	-1306	357	88
10208	11038	3939	-11038	-6203	1578	-1524	370	822	65	-802	-222	1740	-1369	386	88
10226	11038	3861	-11038	-6174	1133	-1251	600	831	61	-809	-224	1773	-1422	391	88
10277	11037	3572	-11037	-6023	1636	-1580	-720	866	52	-852	-226	1829	-1544	463	88
10301	11037	3733	-11037	-6238	1827	-1607	-770	885	42	-867	-221	1872	-1539	516	88
10349	11036	-2927	-11036	-5382	1566	-1621	890	903	33	-886	-217	1786	-1682	528	88
10397	11035	-3681	-11035	-4590	1658	-1831	780	914	5	-900	-200	1685	-1783	538	88
10421	11034	-4589	-11034	-3603	1541	-1903	3580	913	-12	-901	-197	1553	-1899	480	88
10511	11033	-5938	-11033	3558	1742	-1935	1820	924	-88	-928	-142	1342	-2054	609	88
10529	11033	-5945	-11033	3538	1246	-1877	30	932	-102	-933	-124	1340	-2055	657	88
10541	11033	-6605	-11033	4279	1458	-2224	3320	927	-114	-935	-109	1226	-2125	608	88
10574	10840	-7231	-11033	4974	3428	-5997	2470	929	-141	-935	-96	1069	-2140	663	88
10598	10596	-7090	-11032	4878	3428	-5997	2470	923	-170	-939	-58	1069	-2140	663	88
10610	10294	-7471	-11032	5250	1498	-2318	490	920	-177	-940	-50	999	-2174	716	88
10637	10014	-7809	-11032	5568	1354	-2313	540	916	-182	-940	-43	933	-2203	783	88
10667	9865	-7888	-11031	5572	1299	-2310	1520	898	-229	-952	4	917	-2210	892	88
10685	9268	-8175	-11031	5906	1067	-1800	1030	888	-242	-954	20	813	-2186	954	88
10715	8946	-7930	-10807	5665	1411	-3287	-520	872	-270	-956	40	802	-2126	1021	88
10727	8411	-8110	-10354	5873	1047	-2243	-410	867	-275	-959	46	719	-2092	1090	88
10763	7687	-8525	-9697	6409	747	-2093	530	836	-305	-944	71	573	-2075	1101	88
10799	6820	-8517	-8843	6534	1098	-2555	680	802	-341	-918	97	457	-1980	1146	88
10820	6321	-8109	-8257	6244	1098	-2555	680	783	-361	-905	114	430	-1863	1144	88
10838	6074	-7882	-7963	6076	1098	-2555	680	767	-379	-894	127	417	-1804	1146	88
10871	5335	-7267	-7094	5638	1098	-2555	680	749	-399	-878	140	376	-1629	1144	88
10901	4853	-6831	-6520	5320	1098	-2555	680	706	-437	-846	178	349	-1512	1144	88
10919	-4174	-8693	-3626	7689	1133	-2507	1770	684	-453	-826	195	-277	-1384	1174	88
10940	-5375	-8530	3474	7827	172	-2596	2330	635	-469	-804	214	-434	-1214	1116	88
10964	-5585	-8230	3736	7571	183	-2428	480	526	-501	-735	249	-443	-1147	1146	88
10982	-5608	-7867	3835	7234	183	-2428	480	480	-518	-683	265	-421	-1092	1146	88
11006	-6021	-7608	4367	7142	90	-2574	3140	392	-543	-590	300	-475	-1002	1089	88
11033	-6976	-6767	5595	6645	-322	-3117	3320	324	-564	-507	327	-548	-749	975	88
11072	-7355	-5944	6266	6095	-513	-2241	3750	234	-593	-389	379	-566	-574	838	88
11108	-7422	-4390	6738	4767	-901	-2114	2320	160	-613	-303	414	-466	-322	703	88
11126	-7358	-3970	6751	4358	-1147	-1929	630	123	-624	-264	436	-434	-260	708	88
11144	-7219	-3550	6710	3960	-994	-1632	1380	86	-630	-224	454	-395	-207	680	88
11180	-6699	3406	6443	-2982	-1132	-1413	460	32	-635	-160	475	-251	-85	625	88
11216	-6087	4145	6011	-3739	-1099	-1216	0	-31	-571	-110	428	-142	-31	576	88
11246	-5442	4768	5504	-4421	-1417	-1364	1550	-73	-480	-74	358	-25	-2	538	88
11264	-4979	5093	5050	-4876	-1126	-1238	-480	-84	-428	-61	327	59	0	595	88
11297	-4736	5021	4807	-4842	-1194	-1136	1000	-107	-370	-40	285	58	-11	575	88
11315	-4570	5025	4718	-4791	-1385	-661	3210	-123	-332	-24	256	57	-17	483	88
11333	-4460	4973	4583	-4784	-871	-945	-690	-133	-313	-17	235	56	-20	516	88
11393	-6647	4513	6718	-3939	-844	-434	-330	-161	-266	8	203	-312	248	513	88
11414	-7623	4520	7696	-3778	-624	-449	-230	-163	-262	10	197	-448	396	525	88
11438	-7158	4658	7250	-4011	-954	-613	-120	-182	-230	22	182	-380	379	532	88
11456	-7791	4837	7920	-4076	-1546	-1513	4820	-190	-213	25	171	-451	504	539	88
11498	-8546	5296	8788	-4371	-396	-114	490	-177	-168	38	138	-516	707	540	88
11528	-8262	5599	8615	-4663	-244	100	-1200	-170	-131	50	114	-456	746	487	88
11552	-8125	5622	8498	-4699	-185	59	800	-165	-109	61	94	-439	756	461	88
11582	-7813	5921	8292	-4992	-207	195	610	-163	-88	76	77	-376	790	399	88
11612	-7697	5838	8150	-4952	-379	358	-440	-160	-66	93	55	-370	792	407	88
11630	-7592	5855	8058	-4978	-235	219	430	-160	-50	102	43	-356	798	389	88
11666	-7265	6067	7842	-5162	-242	340	520	-162	-21	115	28	-300	820	292	88
11693	-7137	6066	7701	-5203	-302	376	-490	-164	-6	124	14	-282	827	303	88
11711	-6838	6346	7506	-5466	-329	400	1250	-165	6	129	9	-220	846	229	88
11756	-6519	6463	7202	-5648	-340	361	1000	-165	22	147	0	-166	857	220	88
11804	-5975	6352	6621	-5660	-119	329	10	-171	40	163	-14	-103	806	217	88
11822	-5628	6187	6230	-5580	-263	579	-400	-171	43	165	-15	-73	747	222	88
11846	3515	6041	-2981	-6081	-263	579	-400	-164	52	168	-21	353	311	222	88
11864	3658	6327	-3055	-6362	-26	472	500	-153	60	161	-28	401	347	196	88
11888	3738	6587	-3100	-6641	-361	703	-290	-130	63	147	-34	443	391	209	88
11918	3882	6840	-3200	-6912	-222	356	180	-98	70	117	-48	490	428	198	88
11942	3984	7118	-3252	-7197	-104	351	650	-76	77	102	-59	535	467	189	88
11960	3989	7239	-3252	-7333	-6	358	-570	-65	80	96	-64	554	491	204	88
11996	4234	7668	-3384	-7744	158	437	550	-51	89	78	-78	634	536	146	88
12044	4459	8119	-3427	-8099	57	421	1030	-21	106	53	-107	709	587	0	88
12062	4385	8195	-3445	-8281	375	271	-680	-13	109	47	-114	725	614	137	88
12098	4704	8665	-3580	-8668	238	162	910	5	124	32	-136	813	649	0	88
12176	5121	9481	-3857	-9531	419	302	0	33	160	-6	-175	978	732	0	88
12194	5077	9619	-3789	-9658	417	165	-760	40	172	-15	-187	993	762	0	88
12248	5415	10123	-4032	-10195	641	219	-220	64	235	-32	-269	1110	806	0	88
12275	5470	10383	-4043	-10458	471	305	450	74	270	-37	-309	1156	844	0	88
12293	5460	10507	-4009	-10573	674	346	-350	80	304	-40	-352	1175	869	0	88
12323	5600	10719	-4110	-10798	1408	932	280	87	350	-48	-397	1232	894	0	88
12359	5645	11040	-4082	-11040	658	239	0	104	387	-50	-428	1297	958	0	88
12386	5541	11042	-3932	-11042	595	396	440	119	437	-50	-437	1324	1021	0	88
12422	5125	11044	-3440	-11044	884	751	-2270	133	496	-42	-521	1334	1152	0	88
12452	4549	11044	2966	-11044	789	706	-2090	145	558	-34	-592	1301	1276	0	88
12470	4528	11045	2962	-11045	789	706	-2090	150	582	-34	-622	1301	1276	0	88
12500	3399	11045	3916	-11045	847	815	-2350	156	614	-19	-655	1220	1473	276	88
12533	-3585	11046	5001	-11046	960	1136	-1560	161	651	7	-698	1111	1666	424	88
12551	-3963	11046	5337	-11046	1188	1653	-2210	153	661	20	-707	1075	1725	467	88
12575	-5048	11046	6300	-11046	1303	1672	-3590	129	680	41	-737	946	1867	595	88
12599	-5720	11046	6917	-11046	917	1263	-2060	106	707	70	-751	874	1968	655	88
12617	-6062	11046	7226	-11046	1411	1942	-1640	81	721	86	-771	834	2017	681	88
12647	-6978	11046	8037	-11046	1113	1731	-2150	46	752	121	-784	711	2127	767	88
12659	-6968	11046	8013	-11046	1113	1731	-2150	32	764	135	-797	711	2127	767	88
12701	-8104	11046	9104	-10949	991	1646	-780	-21	795	176	-815	568	2294	817	88
12725	-8287	11046	9291	-10852	1082	1841	-620	-43	806	192	-816	544	2331	813	88
12746	-8880	11046	9931	-10777	1121	1879	-130	-55	815	208	-819	476	2438	787	88
12791	-8934	11045	9991	-10456	964	1934	-560	-119	846	271	-822	445	2444	744	88
12833	-9408	10864	10407	-9839	1054	2257	-1070	-158	850	304	-811	330	2462	715	88
12863	-9961	10309	10854	-9204	1159	2209	-1420	-199	660	382	-778	200	2475	727	88
12881	-10332	9951	11057	-8793	939	2285	-1900	-210	582	395	-769	113	2480	748	88
12896	-10380	9855	11058	-8638	1027	2476	-220	-210	582	395	-769	91	2481	712	88
12932	-10143	9926	11056	-8537	1188	2945	1620	-272	533	482	-735	101	2481	544	88
12968	-9788	10079	10915	-8523	676	2014	1330	-324	577	593	-710	132	2479	351	88
12992	-9137	10504	10499	-8829	644	2598	1200	-351	603	588	-698	233	2472	145	88
13010	-8582	10846	10118	-9104	544	2096	2290	-367	616	601	-689	320	2463	0	88
13028	-8431	10870	9971	-9138	813	2601	660	-390	639	626	-684	337	2460	0	88
13055	-7708	11050	9537	-9411	915	2052	1240	-378	680	612	-676	441	2443	-276	88
13073	-7609	11049	9497	-9377	965	2520	310	-367	717	603	-676	445	2443	-350	88
13091	-7371	11049	9406	-9380	949	2149	870	-362	749	600	-674	470	2439	-518	88
13112	-7584	11048	9593	-9143	665	2276	-1340	-346	771	581	-674	417	2448	-540	88
13136	-7100	11047	9214	-9006	767	3822	1990	-328	813	563	-670	451	2381	-715	88
13160	-7567	10768	9654	-8514	502	1464	-1090	-315	832	554	-664	342	2399	-770	88
13178	-7559	10756	9627	-8532	502	1464	-1090	-311	838	553	-661	342	2399	-767	88
13202	-7547	10741	9595	-8554	502	1464	-1090	-306	848	555	-649	342	2399	-767	88
13220	-7537	10730	9572	-8570	502	1464	-1090	-306	848	566	-629	342	2399	-769	88
13250	-7521	10714	9531	-8600	502	1464	-1090	-312	835	578	-612	342	2399	-767	88
13286	-7496	10702	9480	-8640	502	1464	-1090	-338	814	616	-551	342	2399	-769	88
13304	-11045	6260	11045	-3808	-513	2285	-2780	-356	792	642	-517	-705	2319	-501	88
13358	-11046	-4260	11046	6296	-553	2334	-1660	-428	745	693	-438	-1310	1746	-217	88
13388	-11046	-6205	11046	7931	-1026	2614	-4500	-569	591	791	-273	-1525	1476	0	88
13409	-11046	-7117	11046	8772	-902	1886	-4080	-610	511	825	-209	-1640	1347	0	88
13439	-11046	-8719	10977	10121	-1426	2094	-2700	-661	422	863	-137	-1731	1005	0	88
13478	-11046	-9150	9933	10334	-1550	1765	-1730	-726	252	897	5	-1694	819	0	88
13523	-9933	-9144	8583	10082	-1703	1769	620	-773	116	899	144	-1573	643	0	88
13553	-8514	-9573	7067	10214	-1717	1620	-1270	-792	1	893	252	-1469	387	0	88
13565	-8463	-9496	7030	10127	-1717	1620	-1270	-795	-18	891	270	-1469	387	0	88
13598	-7037	-9506	5591	9863	-2000	1642	-380	-799	-124	876	370	-1324	187	0	88
13616	-6540	-9384	5117	9654	-2165	1614	-420	-801	-160	867	409	-1270	132	0	88
13640	-5492	-9315	4074	9387	-2823	1928	-970	-800	-203	858	443	-1156	-4	0	88
13676	-4427	-8988	3066	8874	-2260	1247	-1190	-795	-257	835	494	-1027	-113	0	88
13694	-3386	-8728	-3734	8428	-1999	1270	-1100	-793	-269	829	501	-883	-220	0	88
13739	3851	-7900	-5012	7365	-2458	1347	130	-775	-297	682	521	-654	-312	0	88
13757	4391	-7573	-5480	6952	-2200	1003	-1390	-715	-309	605	517	-566	-345	0	88
13787	5528	-6458	-6391	5676	-2311	1063	610	-663	-311	552	517	-323	-348	0	88
13814	5790	-5605	-6469	4822	-2376	789	1510	-484	-325	416	506	-217	-277	0	88
13844	6022	-4715	-6519	3928	-1999	934	2550	-393	-324	340	489	-106	-203	0	88
13862	6399	-5533	-6907	4800	-1799	861	1330	-351	-305	289	467	-167	-394	-163	88
13886	7603	-7044	-8356	6064	-2895	1114	1690	-292	-292	270	450	-178	-803	-209	88
13916	8924	-7144	-9696	5918	-1902	503	-900	-205	-292	229	433	-24	-1015	-212	88
13946	9250	-6605	-9816	5467	-1244	577	1190	-128	-290	171	410	61	-1008	-348	88
13958	9315	-6442	-9789	5372	-1305	687	2270	-114	-282	141	391	81	-1005	-423	88
13982	9236	-6348	-9481	5542	-1015	615	3750	-96	-275	104	375	57	-1005	-663	88
14012	9399	-5961	-9444	5289	-2808	1265	3490	-26	-241	22	322	114	-997	-804	88
14030	9397	-5881	-9365	5282	-976	681	2050	-20	-233	16	315	114	-997	-862	88
14063	9234	-5840	-9115	5362	-879	383	2620	44	-208	-24	258	102	-998	-945	88
14087	9126	-5784	-8909	5430	-402	89	1340	43	-184	-39	230	94	-998	-1050	88
14114	8884	-5862	-8541	5713	-562	382	1400	70	-169	-57	210	50	-1002	-1206	88
14144	8705	-5852	-8267	5846	-238	29	390	86	-155	-60	179	33	-1003	-1323	88
14192	8411	-5846	-7914	5965	-329	-161	-410	79	-125	-60	144	16	-1003	-1404	88
14210	8343	-5811	-7855	5926	-126	-87	-190	78	-111	-62	134	24	-1003	-1395	88
14234	8254	-5777	-7788	5877	81	-214	-260	90	-101	-64	124	34	-1003	-1371	88
14273	8117	-5724	-7673	5815	3	-189	-600	103	-87	-78	114	47	-1003	-1349	88
14291	8118	-5634	-7716	5660	126	-417	-1940	108	-81	-76	108	75	-1000	-1288	88
14315	8175	-5468	-7822	5398	-88	-130	-2060	113	-77	-84	106	123	-996	-1203	88
14336	8128	-5415	-7802	5312	36	-372	-810	121	-73	-85	100	138	-994	-1167	88
14366	8109	-5292	-7838	5107	79	-304	-1580	133	-66	-94	96	174	-988	-1085	88
14387	8131	-5170	-7900	4913	357	-810	-2430	136	-64	-98	93	207	-982	-1015	88
14414	8101	-5050	-7911	4729	-5	-483	-1430	149	-64	-104	90	238	-975	-954	88
14438	8039	-5017	-7887	4659	184	-324	-10	154	-61	-113	86	249	-973	-914	88
14456	8047	-4919	-7921	4513	183	-598	-2150	159	-59	-115	83	274	-966	-861	88
14492	7947	-4882	-7856	4447	204	-404	-1000	168	-58	-123	86	285	-963	-827	88
14516	7963	-4727	-7911	4217	131	-353	-490	173	-55	-129	87	321	-951	-751	88
14537	7969	-4616	-7953	4042	242	-480	-540	181	-57	-134	81	349	-942	-682	88
14561	7930	-4532	-7970	3886	301	-348	-2590	188	-53	-143	77	372	-932	-595	88
14579	7893	-4497	-7979	3797	254	-492	-340	194	-49	-148	73	385	-927	-540	88
14597	7849	-4493	-7942	3793	204	-439	-190	197	-45	-150	69	387	-927	-531	88
14627	7846	-4324	-8008	3514	311	-393	-2180	208	-38	-164	58	428	-908	-408	88
14660	7754	-4323	-7970	3465	391	-526	-1190	218	-32	-176	47	435	-905	-344	88
14690	7623	-4422	-7891	3544	534	-408	-1010	223	-35	-185	39	423	-910	-300	88
14726	7494	-4507	-7818	3602	475	-557	-1270	226	-28	-194	31	415	-914	-248	88
14750	7431	-4515	-7787	3584	234	-490	-520	229	-27	-200	29	418	-913	-208	88
14786	6896	-4628	-7428	3604	548	-385	-1170	233	-24	-202	25	367	-869	0	88
14804	6862	-4640	-7396	3620	548	-385	-1170	234	-23	-202	24	367	-869	0	88
14822	6780	-4729	-7327	3725	348	-493	-1820	234	-24	-207	23	351	-875	0	88
14852	6374	-4721	-6922	3786	607	-800	-510	236	-25	-206	20	307	-827	0	88
14915	6664	4099	-6671	-4982	541	-517	310	233	-22	-210	18	689	-425	0	88
14951	6887	4194	-6978	-5234	288	-703	440	233	-18	-213	8	748	-444	142	88
14987	7294	4427	-7406	-5606	446	-663	520	235	-3	-211	-7	841	-462	218	88
15029	7843	4777	-7960	-6121	535	-405	80	236	12	-208	-26	967	-480	319	88
15059	8113	4962	-8229	-6384	499	-599	-700	235	26	-208	-44	1032	-485	371	88
15101	8409	5032	-8506	-6496	506	-534	-440	240	40	-217	-68	1086	-512	379	88
15134	8816	5283	-8911	-6860	573	-291	710	245	48	-225	-85	1179	-524	436	88
15158	9120	5370	-9201	-6998	603	-439	90	252	55	-237	-104	1234	-549	451	88
15200	9257	5380	-9321	-7010	545	-384	170	268	61	-252	-127	1260	-564	452	88
15212	9639	5752	-9700	-7510	1073	-623	-890	275	65	-259	-130	1361	-557	537	88
15236	9952	5783	-9998	-7582	693	-388	240	287	68	-275	-138	1411	-593	530	88
15290	10410	5783	-10433	-7629	1282	-830	-100	332	75	-321	-160	1483	-653	523	88
15332	10832	5859	-10848	-7780	1058	-715	780	388	78	-371	-178	1561	-702	538	88
15356	11035	5780	-11035	-7736	1395	-760	1940	424	80	-410	-194	1601	-759	517	88
15374	11036	5916	-11036	-7938	1177	-726	0	445	81	-435	-201	1660	-775	555	88
15404	11036	5505	-11036	-7521	890	-708	1750	525	76	-502	-227	1668	-893	471	88
15425	11036	5545	-11036	-7584	1335	-1080	0	558	74	-537	-240	1695	-905	492	88
15470	11036	5148	-11036	-7255	1319	-1193	930	641	73	-613	-268	1746	-1059	456	88
15500	11035	4778	-11035	-6904	1442	-1162	3140	679	68	-648	-281	1752	-1161	418	88
15521	11035	5012	-11035	-7167	1425	-1483	-1110	707	63	-676	-293	1800	-1143	475	88
15551	11034	4648	-11034	-6817	1607	-1560	-30	747	57	-723	-289	1804	-1244	450	88
15581	11034	4027	-11034	-6237	1348	-1443	540	767	52	-743	-287	1798	-1405	410	88
15599	11033	3729	-11033	-5936	1417	-1369	1670	782	49	-765	-284	1783	-1471	383	88
15629	11033	3417	-11033	-5722	1385	-1442	500	808	43	-793	-278	1812	-1576	422	88
15677	11032	3077	-11032	-5411	1676	-1739	1040	840	34	-830	-259	1811	-1667	433	88
15689	11032	2922	-11032	-5256	1327	-1587	710	845	33	-834	-259	1792	-1689	443	88
15719	11031	-2924	-11031	-5237	1276	-1315	-330	852	30	-842	-255	1786	-1693	505	88
15767	11030	-3131	-11030	-5036	1288	-1551	380	888	1	-874	-231	1716	-1680	629	88
15785	11029	-3613	-11029	-4517	1633	-1810	2410	896	-15	-893	-221	1649	-1744	596	88
15803	11029	-3699	-11029	-4431	2051	-2267	530	903	-24	-903	-212	1637	-1756	622	88
15890	11027	-5181	-11027	2914	1538	-2455	1650	926	-86	-931	-172	1376	-1894	720	88
15920	11027	-5158	-11027	-2927	1422	-1909	-10	928	-109	-936	-149	1375	-1895	768	88
15950	10869	-6042	-11027	3790	1365	-2366	1620	931	-131	-943	-125	1231	-1991	787	88
15983	10184	-6579	-11026	4432	1338	-1880	3390	925	-149	-948	-104	1089	-2004	791	88
16049	9125	-6834	-10767	4688	1263	-1995	270	905	-199	-963	-31	946	-1943	995	88
16079	8257	-6959	-9950	4925	1353	-2674	910	887	-222	-958	-10	823	-1867	1043	88
16091	7921	-6836	-9674	4766	1039	-2440	20	878	-235	-954	3	802	-1811	1155	88
16115	7447	-6932	-9221	4935	1342	-2525	1560	861	-251	-949	18	728	-1777	1163	88
16139	6628	-6992	-8427	5118	1257	-2352	-1330	848	-266	-938	31	615	-1692	1211	88
16163	6062	-6659	-7805	4888	1257	-2352	-1330	820	-287	-913	53	574	-1579	1211	88
16181	5773	-6487	-7489	4764	1257	-2352	-1330	811	-296	-902	62	553	-1522	1212	88
16205	5485	-6298	-7175	4622	1257	-2352	-1330	789	-316	-880	82	533	-1466	1213	88
16235	4655	-5810	-6257	4297	1257	-2352	-1330	765	-334	-859	101	471	-1296	1211	88
16256	-3228	-7225	-4554	5881	1398	-2325	1160	763	-336	-857	101	60	-1247	1377	88
16286	-3662	-6763	-4126	5404	824	-2176	-330	695	-352	-822	127	56	-1127	1505	88
16304	-3841	-6499	-3891	5186	824	-2176	-330	611	-364	-806	138	53	-1066	1505	88
16355	-5366	-6046	3650	5138	407	-2165	960	444	-400	-767	170	-135	-815	1433	88
16388	-5999	-5625	4540	5028	153	-2386	3410	374	-426	-701	185	-214	-673	1292	88
16400	-6343	-5383	5068	5011	-184	-2115	5040	320	-446	-630	206	-260	-591	1153	88
16424	-6565	-4717	5564	4575	-267	-1998	4460	269	-468	-553	233	-258	-457	1031	88
16442	-6850	-4332	6099	4459	-641	-2393	3440	231	-483	-498	254	-294	-360	842	88
16460	-6802	-3569	6318	3861	-720	-1830	4980	172	-505	-427	286	-241	-246	722	88
16490	-6600	3104	6478	3220	-1255	-1836	3420	103	-529	-345	330	-181	-130	518	88
16514	-6238	3876	6346	-3285	-1210	-1623	2090	70	-529	-305	350	-91	-50	426	88
16544	-5878	4286	6100	-3704	-1049	-985	1230	-1	-467	-221	332	-39	-19	392	88
16568	-5343	4901	5781	-4274	-1431	-1441	1810	-46	-418	-165	301	56	19	275	88
16598	-5046	4951	5577	-4285	-1340	-997	1570	-95	-374	-112	263	58	12	181	88
16634	-5340	4397	5789	-3687	-1755	-1253	-180	-124	-327	-64	229	-79	-4	168	88
16652	-6121	3633	6451	3004	-657	-560	820	-134	-287	-44	217	-279	-2	145	88
16676	-5215	4346	5646	-3683	-1336	-842	10	-140	-268	-33	212	-97	12	170	88
16694	-6042	3804	6511	2936	-775	-302	1570	-149	-223	-4	199	-293	53	0	88
16724	-6665	3560	7094	3271	-651	-459	-130	-157	-202	10	193	-418	127	0	88
16748	-6266	3840	6740	2913	-971	-389	1510	-167	-169	34	195	-347	143	0	88
16775	-6606	4111	7133	-3099	-883	-239	2200	-169	-150	46	192	-376	255	0	88
16805	-7189	4343	7770	-3223	-530	-107	1210	-174	-110	61	173	-442	395	0	88
16841	-6267	4703	6908	-3757	-792	-93	2130	-178	-107	81	149	-294	367	0	88
16865	-7050	5227	7790	-4126	-546	-93	-80	-176	-99	94	132	-349	570	0	88
16889	-6727	5603	7527	-4560	-566	132	-500	-175	-87	103	121	-272	608	0	88
16907	-6387	5965	7247	-4979	-593	53	-750	-176	-77	106	108	-192	635	0	88
16925	-6197	6085	7067	-5145	-353	258	940	-174	-72	111	97	-157	644	0	88
16967	-5663	6382	6677	-5422	-249	154	130	-170	-51	125	71	-75	655	-134	88
16997	3495	5865	3220	-5522	-465	153	1040	-168	-35	128	57	305	169	-190	88
17015	3604	5976	3120	-5661	-330	347	-380	-162	-33	127	55	330	185	-181	88
17039	3849	6226	2932	-5928	-158	258	360	-134	-19	124	43	385	209	-214	88
17069	4101	6456	-3072	-6183	-169	373	70	-112	-9	121	30	441	231	-238	88
17099	4325	6691	-3256	-6447	-42	334	400	-74	12	98	10	496	256	-255	88
17117	4462	6959	-3369	-6753	-7	328	-940	-50	17	90	2	547	288	-239	88
17135	4550	7070	-3451	-6887	-90	184	-100	-27	23	82	-9	574	302	-237	88
17159	4680	7174	-3564	-7001	-16	235	530	2	32	66	-23	604	311	-258	88
17177	4913	7438	-3734	-7271	-5	159	830	15	39	58	-32	663	327	-295	88
17201	5053	7692	-3847	-7551	45	175	-310	36	49	47	-48	715	357	-289	88
17243	5325	8055	-4065	-7945	116	102	290	53	73	24	-70	799	390	-311	88
17252	5431	8190	-4139	-8081	561	256	440	53	73	24	-70	828	399	-327	88
17276	5560	8447	-4240	-8365	-10	120	-320	57	91	10	-91	881	428	-319	88
17312	5711	8685	-4356	-8622	550	238	-230	67	105	-5	-107	935	454	-327	88
17336	5870	8936	-4469	-8885	167	138	830	71	119	-11	-124	990	479	-340	88
17369	5890	9038	-4485	-8997	469	406	-590	80	142	-23	-146	1013	500	-328	88
17405	6030	9613	-4555	-9611	131	164	-760	90	157	-29	-166	1108	579	-294	88
17423	6170	9721	-4661	-9721	411	308	470	94	180	-38	-190	1141	582	-322	88
17447	6305	9970	-4747	-9977	613	283	-70	103	203	-44	-210	1193	610	-330	88
17483	6625	10320	-4974	-10332	495	290	370	113	237	-51	-257	1282	634	-372	88
17516	6658	10565	-4970	-10580	672	375	-930	124	268	-58	-294	1327	678	-364	88
17546	6705	10815	-4983	-10837	711	365	-120	131	282	-62	-309	1373	720	-357	88
17576	6876	11034	-5098	-11053	771	710	-530	150	343	-67	-391	1430	741	-381	88
17594	6864	10969	-5100	-10988	771	710	-530	155	345	-69	-381	1430	741	-381	88
17612	7126	11042	-5260	-11042	951	478	-90	156	314	-74	-301	1513	777	-419	88
17648	7463	11045	-5492	-11045	896	683	290	162	326	-77	-278	1604	798	-478	88
17672	7534	11046	-5537	-11046	1079	597	0	177	390	-83	-356	1631	810	-491	88
17714	7642	11046	-5570	-11046	1319	994	900	195	478	-88	-490	1703	868	-503	88
17744	7731	11045	-5601	-11045	1304	849	140	220	534	-92	-564	1752	903	-525	88
17762	7748	11045	-5596	-11045	1231	771	-280	229	553	-92	-589	1775	925	-531	88
17792	7745	11045	-5510	-11045	1010	736	-330	241	602	-90	-650	1836	1002	-546	88
17822	7556	11045	-5286	-11045	1507	1013	-1910	257	642	-95	-690	1859	1083	-533	88
17843	7565	11044	-5233	-11044	1668	1112	-500	266	655	-93	-706	1899	1133	-554	88
17861	7497	11044	-5146	-11044	1327	1054	-610	282	675	-95	-727	1914	1168	-557	88
17873	7432	11044	-5057	-11044	1401	1486	-880	282	675	-95	-727	1927	1204	-559	88
17891	7646	11044	-5176	-11044	1905	1487	-350	306	708	-97	-757	1986	1223	-626	88
17930	7806	11043	-5227	-11043	1827	1477	-60	325	743	-98	-790	2060	1274	-701	88
17954	8314	11043	-5671	-11043	1930	1467	2110	323	769	-100	-815	2129	1216	-799	88
17984	7899	11042	-5263	-11042	1878	1617	-2330	323	789	-104	-841	2110	1305	-765	88
18014	8047	11041	-5346	-11041	2202	1869	-300	322	815	-104	-860	2124	1284	-885	88
18044	7821	11041	-5108	-11041	2242	1711	-1050	319	833	-104	-874	2103	1319	-920	88
18068	7416	11041	-4706	-11041	2658	2237	-630	312	847	-104	-892	2021	1334	-997	88
18098	7100	11040	-4377	-11040	2169	1683	-1770	308	857	-100	-899	1988	1383	-1029	88
18110	7053	11040	-4317	-11040	1762	1438	-320	307	863	-95	-904	1983	1391	-1059	88
18134	6751	11040	-3985	-11040	2287	2039	-1460	309	870	-90	-907	1948	1439	-1100	88
18176	6987	11040	-4157	-11040	1844	1631	-150	297	888	-80	-925	1971	1408	-1213	88
18194	6385	11039	-3538	-11039	1526	1424	-2570	288	896	-74	-932	1902	1499	-1220	88
18236	6191	11039	-3283	-11039	1887	1888	-1380	281	908	-63	-943	1875	1532	-1324	88
18272	6094	11038	-3199	-11038	1697	1507	-1490	264	922	-53	-954	1824	1500	-1417	88
18293	5955	11038	-3045	-11038	2050	1951	-800	260	924	-48	-954	1806	1522	-1448	88
18317	5576	11038	3112	-11038	1054	1039	-1970	252	931	-44	-964	1721	1528	-1496	88
18335	5678	11038	3004	-10932	3088	3109	940	245	937	-39	-971	1693	1469	-1573	88
18353	5821	11037	-2989	-10169	2545	2531	1500	240	942	-38	-971	1633	1354	-1665	88
18386	5672	10834	-2958	-9360	2545	2531	1500	228	944	-29	-970	1540	1277	-1668	88
18410	5598	10419	-2945	-8933	2545	2531	1500	216	947	-25	-957	1494	1239	-1666	88
18428	5436	9703	-2905	-8207	2545	2531	1500	212	948	-21	-948	1401	1162	-1665	88
18452	5280	8972	2933	-7464	2545	2531	1500	204	951	-16	-937	1309	1085	-1668	88
18470	5207	8590	2944	-7078	2545	2531	1500	192	944	0	-920	1263	1047	-1667	88
18512	3515	8580	4715	-6684	1605	2098	-730	161	926	42	-885	1029	1274	-1764	88
18548	3035	7499	5009	-5553	1345	2015	-2340	137	908	75	-851	850	1184	-1794	88
18578	-2940	6817	5072	-4858	1389	1934	-90	116	896	101	-822	749	1108	-1838	88
18614	-3367	5689	5267	-3738	1347	2211	-700	83	881	129	-793	571	1006	-1822	88
18650	-3536	4965	5276	-3054	1034	1750	-630	31	860	167	-748	465	927	-1808	88
18674	-3656	4218	5232	3442	1137	2023	1040	5	845	189	-708	367	840	-1796	88
18704	-3828	3105	5132	4444	819	2107	-1500	-24	830	220	-626	224	702	-1727	88
18728	-3778	-3026	5005	4713	1063	2340	-1450	-52	807	247	-518	186	651	-1718	88
18746	-3885	-3821	4842	5330	248	2063	-3190	-70	770	269	-458	94	549	-1578	88
18770	-3833	-4160	4665	5549	644	2247	-2760	-108	677	312	-374	57	494	-1525	88
18788	-3788	-4519	4474	5776	354	2023	-3580	-133	606	334	-323	23	437	-1441	88
18806	-3629	-4781	4218	5933	61	2349	-2230	-154	563	352	-292	6	377	-1401	88
18836	-3236	-5644	3448	6422	-357	1712	-2840	-194	465	391	-222	-32	194	-1161	88
18848	-2984	-5809	3136	6499	-281	2087	-1550	-215	431	406	-193	-26	134	-1138	88
18866	3056	-5993	-3040	6508	-385	1518	-4410	-233	398	416	-167	-20	74	-1019	88
18902	3663	-6164	-3790	6432	-397	1839	-3650	-267	292	416	-89	15	-39	-918	88
18944	3842	-5995	-4046	6102	-787	1711	650	-249	224	354	-26	24	-54	-790	88
18962	3916	-5890	-4087	5998	-787	1711	650	-241	204	340	-10	24	-54	-790	88
18980	3943	-5801	-4148	5842	-826	1126	-2460	-236	171	304	21	25	-54	-724	88
19019	-2998	-5027	2949	5300	-407	617	-1610	-215	127	270	54	-78	183	-702	88
19046	-3586	-4503	3623	4877	-491	602	-100	-197	100	246	81	-120	316	-673	88
19070	-4211	-4022	4279	4448	-495	648	-680	-186	86	233	89	-161	450	-591	88
19094	-4999	-3243	5210	3831	-557	224	-590	-181	77	229	92	-196	648	-570	88
19127	-4858	2939	5095	3380	-285	319	-130	-162	39	209	97	-152	659	-508	88
19175	-4408	3184	4631	2991	-1127	548	1190	-149	24	194	100	-88	603	-405	88
19205	-4273	3472	4500	-3168	-393	257	-1360	-137	18	185	97	-49	607	-341	88
19223	3977	-4456	-4176	4202	-184	213	-310	-129	15	179	90	40	-44	-334	88
19259	4395	-4315	-4693	3847	-344	151	-1120	-117	8	162	90	111	-100	-185	88
19280	4712	-4215	-4998	3689	-167	250	-260	-97	4	141	87	156	-139	-181	88
19310	4784	-4133	-5193	3435	-203	136	-1850	-79	-2	117	80	184	-153	0	88
19334	5262	-3937	-5638	3162	-138	-35	-990	-66	-4	100	75	261	-200	0	88
19370	5555	-3790	-5896	2980	-189	-129	870	-51	-9	71	64	307	-239	0	88
19388	5698	-3665	-6015	-2961	-11	-92	-1260	-49	-12	56	57	337	-250	0	88
19430	6149	-3437	-6412	-3244	19	-72	650	-27	-15	32	42	414	-297	0	88
19454	6448	-3299	-6681	-3421	53	17	390	-15	-17	14	36	464	-330	0	88
19472	6593	-3225	-6805	-3508	5	-69	-40	-10	-17	3	35	489	-346	0	88
19484	6742	-3236	-6950	-3516	54	-387	1470	-5	-18	-2	35	506	-374	0	88
19508	7043	-3185	-7229	-3603	55	-161	570	2	-21	-19	34	549	-418	0	88
19535	7346	-3127	-7510	-3699	-39	-77	170	9	-22	-30	34	593	-460	0	88
19619	8285	-3182	-8263	-3579	219	-279	-60	43	-29	-83	-13	687	-628	-191	88
19655	8722	-3384	-8643	-3347	272	-241	2150	61	-29	-107	-26	713	-730	-296	88
19673	8862	-3299	-8775	-3460	115	-116	-680	69	-28	-116	-32	743	-743	-271	88
19694	9121	-3641	-8986	-3044	153	-205	1670	83	-30	-129	-36	728	-838	-399	88
19718	9387	-3699	-9244	-3011	465	-378	20	100	-32	-147	-41	758	-892	-412	88
19742	9635	-3834	-9485	2915	485	-353	340	118	-33	-166	-47	775	-956	-448	88
19766	9831	-4211	-9670	3343	571	-694	5800	140	-34	-183	-51	754	-1049	-552	88
19802	9908	-4204	-9717	3361	512	-405	10	167	-33	-206	-49	769	-1075	-550	88
19823	10147	-4303	-9973	3419	492	-541	-10	193	-34	-222	-42	793	-1131	-556	88
19850	10318	-4573	-10157	3696	950	-807	1690	224	-34	-249	-35	787	-1208	-609	88
19868	10423	-4568	-10270	3664	535	-529	-200	243	-35	-260	-33	808	-1230	-599	88
19886	10705	-4524	-10584	3527	537	-683	-610	275	-35	-285	-24	859	-1268	-559	88
19934	11033	-4575	-11033	3424	598	-612	-680	356	-36	-347	8	935	-1361	-512	88
19970	11035	-4924	-11035	3720	866	-1116	1650	438	-33	-415	33	940	-1467	-542	88
20027	11053	-5019	-11035	3835	2832	-2606	-550	532	-41	-505	62	916	-1482	-535	88
20063	11038	-5484	-11038	4254	1213	-1470	1590	556	-54	-611	69	898	-1597	-567	88
20093	11038	-5651	-11038	4368	1381	-1677	-320	601	-64	-653	57	909	-1660	-551	88
20123	11040	-5962	-11040	4663	1116	-1324	-1520	613	-80	-692	42	893	-1736	-566	88
20141	11040	-6416	-11040	5121	988	-1223	1750	604	-91	-712	38	852	-1823	-618	88
20165	11040	-6583	-11040	5296	971	-1791	950	629	-105	-730	36	838	-1862	-624	88
20183	11039	-7052	-11039	5775	1257	-1797	2290	653	-114	-744	34	791	-1948	-649	88
20201	11038	-7017	-11038	5765	1257	-1797	2290	684	-135	-763	34	791	-1948	-649	88
20231	10778	-8196	-11037	7086	1547	-2933	3210	717	-158	-778	46	614	-2105	-773	88
20252	10616	-8723	-11037	7643	950	-1895	2100	732	-177	-790	54	543	-2185	-799	88
20282	10661	-8942	-11036	7864	963	-1926	310	740	-206	-810	73	532	-2250	-820	88
20303	10275	-9728	-10948	8684	1071	-2062	1140	744	-223	-821	90	404	-2337	-817	88
20339	9929	-10326	-10689	9346	911	-1908	1410	741	-260	-836	118	300	-2414	-842	88
20363	9547	-10572	-10372	9628	947	-2335	2090	742	-305	-846	142	230	-2421	-818	88
20375	9575	-10464	-10427	9465	1134	-2081	-920	735	-321	-851	154	253	-2419	-759	88
20399	9382	-10518	-10299	9487	1015	-2391	710	727	-360	-848	180	232	-2421	-692	88
20435	9151	-10531	-10124	9483	805	-2416	-630	712	-404	-841	213	209	-2423	-620	88
20489	8315	-11026	-9421	10069	279	-1683	610	678	-491	-804	287	47	-2432	-553	88
20525	7640	-11041	-8870	10478	402	-2422	400	659	-533	-789	314	-78	-2431	-478	88
20546	7009	-11045	-8327	10952	173	-1972	1180	632	-444	-757	361	-205	-2423	-453	88
20570	7239	-11046	-8662	10499	476	-2499	-1350	619	-459	-732	412	-136	-2428	-269	88
20615	7189	-11046	-8721	10229	490	-2252	-2430	609	-550	-698	486	-126	-2429	-134	88
20642	7218	-11045	-8856	9975	363	-2144	-20	604	-618	-681	514	-104	-2430	0	88
20663	7686	-10490	-9411	8834	855	-3719	-3630	603	-656	-672	507	66	-2371	285	88
20699	7841	-10157	-9691	8295	344	-2127	-2050	606	-687	-666	482	134	-2368	468	88
20741	8374	-9029	-10389	6718	456	-2305	1430	606	-678	-677	457	357	-2284	903	88
20765	8866	-8356	-10957	5771	463	-2171	-1990	609	-681	-677	430	512	-2254	1154	88
20795	8486	-8254	-10624	5689	448	-2527	-2120	604	-644	-694	408	474	-2201	1229	88
20852	8103	-8579	-10393	5991	400	-2319	10	590	-592	-716	360	392	-2217	1367	88
20870	8104	-8561	-10391	5980	555	-1959	10	585	-582	-722	349	392	-2217	1371	88
20888	8109	-8545	-10388	5974	555	-1959	10	570	-575	-723	337	392	-2217	1371	88
20909	8117	-8527	-10384	5971	555	-1959	10	560	-571	-727	329	392	-2217	1367	88
20933	8124	-8510	-10380	5966	555	-1959	10	544	-572	-726	323	392	-2217	1368	88
20969	8139	-8485	-10376	5960	555	-1959	10	517	-581	-724	322	392	-2217	1369	88
21011	-3918	-11034	-4365	10443	-298	-2289	3360	463	-621	-692	346	-807	-1891	1065	88
21029	-3880	-11035	-4370	10421	-298	-2289	3360	414	-660	-667	373	-807	-1891	1065	88
21053	-5072	-11035	-3004	10417	-350	-2318	2660	350	-721	-628	421	-949	-1688	983	88
21071	-5731	-10952	3575	10394	-305	-2235	3070	300	-753	-590	458	-1028	-1569	922	88
21113	-8272	-9484	6723	9836	-1153	-2272	5960	195	-818	-450	524	-1276	-1022	586	88
21161	-9643	-7242	8805	8300	-1578	-1482	1870	54	-845	-305	579	-1299	-503	289	88
21179	-9650	-6708	8937	7826	-1596	-1993	1890	-8	-839	-242	595	-1266	-416	267	88
21209	-9646	-5564	9228	6836	-1694	-1290	2180	-89	-830	-160	612	-1188	-233	180	88
21239	-9449	-4482	9274	5822	-1478	-1332	1250	-172	-815	-66	629	-1087	-80	134	88
21257	-9302	-3789	9369	5268	-2105	-1424	4210	-227	-806	-8	638	-1029	14	0	88
21287	-8892	3110	9172	4157	-1687	-1192	2130	-285	-785	64	641	-894	149	0	88
21299	-8629	3580	8996	3662	-1893	-1013	1230	-300	-766	82	642	-823	195	0	88
21341	-7171	5609	8095	-4133	-2298	-535	2200	-370	-630	171	627	-486	350	-222	88
21365	-6643	5877	7611	-4502	-1628	-664	350	-397	-568	202	576	-409	348	-221	88
