0	7290	-3014	-7356	-3619	0	0	-1030	0	-1	-1	0	567	-583	0	88
18	-4022	-3752	-3370	-3583	-41	-50	-10	0	2	-1	0	-51	28	1881	88
36	-4159	-3817	-3225	-3486	-33	13	400	0	2	-3	2	-77	43	1873	88
72	-4685	-3901	3100	-3299	4	-77	260	-4	-2	-4	3	-156	88	1869	88
84	-4771	-3954	3227	-3183	-1	59	1180	-6	-1	-4	3	-179	106	1830	88
126	-5253	-3977	3745	-3030	-38	0	70	-9	-3	-5	2	-253	158	1788	88
549	-9302	3420	8800	-2986	-133	96	440	-134	-44	78	15	-769	961	1094	88
573	-9231	3543	8815	-3084	-305	255	1120	-148	-30	90	12	-767	1001	1048	88
597	-9363	4093	9209	-3510	-402	309	1820	-164	-5	97	12	-747	1125	903	88
615	-9488	4097	9363	-3511	-336	331	240	-172	9	101	10	-758	1154	884	88
639	-9541	4514	9585	-3824	-394	351	1500	-184	23	115	8	-737	1238	777	88
663	-9523	4741	9644	-3976	-434	395	1160	-196	25	130	2	-724	1281	726	88
699	-9505	5680	9923	-4674	-444	323	1560	-215	22	156	-3	-651	1420	537	88
762	-9512	6393	10186	-5160	-344	564	1420	-245	33	197	-15	-598	1573	367	88
798	-9676	6781	10457	-5461	-296	630	750	-256	52	222	-19	-582	1674	280	88
828	-9909	7213	10795	-5805	-367	556	10	-264	64	238	-22	-577	1771	214	88
870	-9587	7403	10544	-6033	-511	619	-400	-282	89	267	-25	-532	1786	137	88
903	-9369	7509	10416	-6048	-360	719	60	-301	94	300	-25	-503	1795	0	88
951	-9540	7255	10475	-5814	-382	619	-870	-316	100	333	-21	-557	1778	0	88
981	-9263	7281	10201	-5875	-572	923	440	-323	105	349	-20	-537	1785	0	88
1011	-9561	7047	10427	-5621	-484	693	-900	-329	108	358	-22	-594	1767	0	88
1059	-9468	6789	10284	-5392	-696	883	-360	-350	122	387	-26	-632	1754	0	88
1083	-9166	6729	9979	-5350	-917	1326	0	-360	119	403	-23	-625	1756	0	88
1107	-9689	6449	10422	-5007	-506	844	-950	-369	113	410	-22	-694	1731	0	88
1131	-9455	6474	10200	-5052	-815	1064	-130	-377	113	421	-21	-690	1732	0	88
1149	-9531	6371	10244	-4944	-791	1033	-840	-379	115	426	-23	-709	1725	0	88
1170	-9574	6258	10258	-4841	-943	1016	-1440	-382	115	430	-20	-739	1712	0	88
1194	-9663	6286	10361	-4848	-645	845	-120	-395	115	439	-20	-730	1716	0	88
1224	-9545	6128	10225	-4700	-670	1142	210	-402	115	449	-17	-739	1712	0	88
1272	-9622	5998	10273	-4608	-620	1075	-830	-410	128	457	-17	-757	1705	0	88
1296	-7895	5941	8649	-4722	-2847	2706	720	-422	125	466	-16	-728	1652	0	88
1320	-9284	5858	9893	-4530	-885	1023	-750	-426	121	475	-11	-757	1638	0	88
1350	-9123	5775	9743	-4480	-1055	1289	-540	-432	120	478	-2	-763	1635	0	88
1371	-9274	5879	9888	-4584	-901	984	-160	-433	121	481	0	-758	1638	0	88
1395	-9398	5492	9945	-4166	-820	1127	-1870	-438	117	485	-2	-813	1611	0	88
1419	-9191	5790	9801	-4451	-1211	1070	130	-444	108	489	-2	-791	1622	0	88
1437	-9293	5529	9871	-4165	-879	1224	-1290	-448	104	489	-1	-811	1612	0	88
1470	-9386	5391	9952	-3997	-633	1246	-1070	-452	103	490	-4	-822	1607	0	88
1497	-9171	5896	9836	-4517	-1096	979	-470	-458	101	489	-7	-776	1628	0	88
1515	-9109	5852	9800	-4456	-705	1249	910	-459	100	487	-6	-747	1642	0	88
1536	-9138	6022	9845	-4639	-1021	905	-1080	-466	101	489	-9	-756	1639	0	88
1566	-8690	5953	9398	-4634	-915	1146	-570	-467	103	491	-11	-698	1598	0	88
1587	-8601	6200	9468	-4747	-798	1064	620	-465	102	491	-10	-666	1612	-158	88
1611	-7792	6091	8669	-4752	-1069	1222	290	-467	106	491	-16	-595	1511	-183	88
1644	-7098	5832	7948	-4594	-843	1462	-750	-466	116	493	-27	-514	1413	-209	88
1674	-7211	6055	8089	-4859	-888	1004	-200	-461	135	487	-33	-495	1419	-213	88
1704	-6808	6312	7739	-5146	-947	773	60	-459	134	485	-40	-420	1380	-242	88
1764	-5068	5851	5950	-4948	-668	1167	700	-449	125	477	-36	-225	1119	-288	88
1791	-4570	6026	5471	-5229	-1201	1058	-660	-446	119	470	-31	-180	1065	-282	88
1809	-3917	5634	4781	-4921	-739	1408	-710	-440	114	464	-28	-106	953	-311	88
1830	-3213	5600	4071	-5022	-830	1247	150	-433	114	455	-28	-20	836	-323	88
1860	3168	5553	3466	-5073	-769	915	-240	-425	109	446	-33	58	713	-342	88
1884	3872	5291	-3110	-4931	-771	977	-440	-397	108	432	-35	132	576	-375	88
1902	4151	5113	-3435	-4770	-693	1059	630	-363	101	410	-37	165	503	-405	88
1932	5092	4252	-4469	-4049	-744	1444	830	-310	102	354	-46	210	268	-460	88
1950	4708	4096	-4202	-3884	-370	774	-300	-281	94	335	-47	189	205	-456	88
1968	4899	3302	-4473	-3093	-501	1191	1480	-241	91	289	-52	130	85	-480	88
1992	4844	3293	-4378	-3084	-501	1191	1480	-226	94	261	-54	130	85	-480	88
2019	5912	4976	-5135	-4895	-262	636	460	-213	96	250	-54	473	137	-550	88
2049	6855	5523	-5994	-5544	-212	602	750	-142	91	193	-65	685	61	-603	88
2085	7095	4922	-6275	-4952	95	683	-40	-119	95	161	-76	683	-61	-657	88
2112	7070	4778	-6273	-4811	-27	325	-240	-92	101	130	-91	671	-127	-673	88
2136	7033	4592	-6235	-4623	148	339	-150	-81	102	108	-94	666	-154	-672	88
2160	7050	4214	-6313	-4258	251	408	-30	-55	102	83	-96	646	-218	-684	88
2178	6931	4357	-6219	-4444	135	122	-1420	-49	102	75	-96	647	-214	-643	88
2208	6831	4180	-6118	-4215	301	159	740	-16	99	41	-100	637	-241	-669	88
2244	6731	3890	-6084	-3967	516	198	-560	4	100	19	-96	622	-277	-651	88
2274	6733	3968	-6090	-4062	125	-16	130	26	98	-1	-96	611	-299	-654	88
2292	6752	3546	-6171	-3660	303	251	-260	39	99	-14	-93	586	-342	-657	88
2310	6629	3835	-6044	-3978	83	-141	-790	48	98	-22	-91	594	-329	-634	88
2328	6511	3429	-5985	-3553	559	32	560	58	97	-31	-89	573	-362	-638	88
2358	6442	3459	-5966	-3625	348	-175	-370	70	94	-42	-90	562	-377	-595	88
2379	6850	3239	-6406	-3487	357	69	-630	71	94	-46	-90	594	-437	-580	88
2397	6808	3260	-6364	-3504	357	69	-630	83	88	-58	-85	594	-437	-580	88
2433	7123	3500	-6690	-3848	364	-230	-210	98	87	-70	-85	673	-481	-550	88
2457	7588	3491	-7149	-3925	250	95	-700	104	84	-77	-80	725	-511	-538	88
2487	7871	3566	-7420	-4049	248	34	-80	112	84	-85	-81	774	-547	-542	88
2517	8133	3655	-7731	-4242	653	-24	-610	126	83	-93	-81	860	-580	-494	88
2547	8497	3867	-8063	-4511	307	-187	250	134	81	-101	-82	908	-617	-500	88
2583	8731	3972	-8318	-4715	482	-80	-500	147	83	-114	-82	975	-624	-445	88
2607	9116	4208	-8686	-5039	170	-106	-460	156	82	-123	-83	1034	-645	-418	88
2628	9033	4342	-8635	-5216	501	-346	-1170	161	84	-125	-84	1072	-640	-379	88
2652	9439	4278	-9031	-5189	475	-58	260	176	86	-137	-89	1120	-677	-391	88
2670	9695	4548	-9278	-5541	441	-165	40	179	84	-142	-90	1186	-682	-343	88
2691	9661	4412	-9256	-5389	826	-260	1100	194	88	-155	-95	1203	-714	-369	88
2733	10294	4974	-9868	-6127	480	-257	-300	213	90	-173	-103	1339	-716	-277	88
2769	10471	5110	-10047	-6316	601	-277	-680	236	94	-195	-112	1401	-729	-250	88
2796	10676	5332	-10247	-6623	670	-320	-490	247	99	-206	-115	1469	-728	-204	88
2826	10839	5587	-10417	-6982	573	-238	-1440	293	112	-247	-125	1542	-715	-149	88
2844	10770	5669	-10498	-7202	632	-318	-540	323	116	-261	-130	1576	-712	0	88
2874	11134	6103	-10811	-7664	601	-253	-330	350	120	-277	-144	1681	-696	0	88
2904	11090	5973	-10797	-7518	941	-349	650	372	129	-296	-162	1701	-725	0	88
2934	11355	6386	-10983	-7965	1141	-397	-1170	389	137	-316	-176	1808	-705	0	88
2952	11400	6679	-10982	-8239	1446	-488	-340	410	143	-334	-191	1881	-682	0	88
2970	11628	7041	-11158	-8612	935	-473	-910	428	147	-347	-204	1920	-661	0	88
2994	11624	7186	-11246	-8844	881	-478	-820	451	154	-363	-223	1957	-644	133	88
3015	11802	7591	-11402	-9329	881	-478	-820	453	156	-365	-225	2032	-605	203	88
3039	11578	7497	-11206	-9185	1503	-388	-900	494	173	-404	-259	2068	-589	233	88
3063	11727	8051	-11321	-9814	1156	-650	-40	511	182	-418	-272	2140	-554	299	88
3087	11686	8607	-11262	-10449	1154	-736	-710	534	194	-439	-285	2220	-477	400	88
3111	11545	8711	-11124	-10531	1860	-834	100	554	209	-462	-316	2287	-454	455	88
3141	11796	9186	-11354	-11049	1325	-515	-1030	589	230	-488	-357	2361	-383	546	88
3183	11574	9951	-11109	-11813	1802	-781	-690	630	259	-528	-420	2497	-268	709	88
3213	11620	10137	-11169	-11873	1602	-546	-1030	659	278	-543	-493	2532	-221	764	88
3234	11691	10288	-11228	-12021	1847	-419	370	675	297	-560	-528	2595	-190	826	88
3252	11593	10569	-11124	-12239	1829	-546	-870	688	308	-572	-556	2628	-147	879	88
3282	11963	10653	-11482	-12239	1579	-216	560	716	330	-594	-620	2688	-146	922	88
3300	11583	10742	-11129	-12239	1889	-650	-200	728	343	-605	-664	2689	-127	955	88
3321	11787	10585	-11367	-12136	1562	-596	130	743	354	-619	-698	2687	-172	975	88
3339	11774	10080	-11422	-11580	2053	-758	2080	760	362	-638	-726	2679	-267	956	88
3357	11987	9870	-11663	-11391	1868	-420	790	775	363	-652	-733	2676	-296	959	88
3381	12243	9354	-11994	-10916	1707	-695	1360	808	361	-686	-738	2654	-453	907	88
3402	12237	8256	-12237	-9856	2043	-562	2400	821	360	-699	-735	2609	-664	815	88
3426	12236	7996	-12236	-9619	2093	-1152	2830	865	341	-746	-714	2578	-776	769	88
3444	12236	8050	-12236	-10084	2093	-1152	2830	880	331	-769	-577	2578	-776	769	88
3468	12235	7196	-12235	-8812	1772	-1151	1720	888	306	-807	-697	2509	-976	690	88
3507	12234	5515	-12234	-7145	2070	-1207	980	891	299	-816	-694	2372	-1273	577	88
3543	12232	4718	-12232	-6406	1645	-1391	1800	932	217	-894	-612	2247	-1483	545	88
3567	12162	3589	-12232	-5172	2790	-1934	2600	942	187	-916	-581	2083	-1610	515	88
3609	12231	-2990	-12231	-4522	1938	-1634	940	958	148	-956	-538	1962	-1755	561	88
3636	12231	-3433	-12231	-4115	1898	-1725	2050	947	128	-967	-507	1892	-1831	559	88
3654	11277	-3133	-11933	-4437	2660	-2820	-710	956	122	-980	-488	1864	-1773	650	88
3684	11589	-4395	-12228	-3159	1798	-1942	2990	967	59	-996	-453	1681	-1948	688	88
3702	11817	-4408	-12227	-3188	1221	-1740	770	958	28	-999	-433	1654	-1969	735	88
3732	10829	-5258	-11855	3552	1415	-2404	3680	951	-15	-1012	-385	1434	-2062	738	88
3750	9767	-5836	-10977	4133	1965	-2417	2240	944	-38	-1016	-346	1276	-2023	862	88
3774	8901	-6432	-10276	4723	1951	-2830	2860	934	-79	-1014	-282	1085	-2064	903	88
3810	8127	-5896	-9361	4317	1951	-2830	2860	903	-144	-1007	-202	1001	-1904	906	88
3843	7653	-5485	-8831	3952	1951	-2830	2860	871	-203	-978	-120	945	-1798	901	88
3870	7185	-5102	-8279	3622	1951	-2830	2860	837	-253	-957	-50	889	-1692	902	88
3894	6691	-4753	-7730	3371	1951	-2830	2860	810	-296	-934	-2	833	-1586	906	88
3930	4139	-7427	-5885	6126	529	-2799	780	764	-351	-896	65	91	-1665	1185	88
3960	3393	-7446	-5142	6286	405	-2532	2280	736	-383	-869	103	-44	-1547	1206	88
3990	-3093	-7389	-4456	6299	316	-2509	1060	661	-443	-814	177	-186	-1446	1263	88
4032	-3514	-6766	-3696	5826	117	-2890	1470	518	-504	-758	243	-276	-1308	1273	88
4068	-3979	-6291	2985	5671	-202	-2296	3090	395	-552	-709	291	-400	-1085	1197	88
4104	-4647	-5373	3987	5189	-776	-2160	4780	294	-597	-604	337	-522	-824	976	88
4146	-4994	-4186	4668	4451	-1290	-1832	4420	188	-643	-455	392	-583	-541	656	88
4176	-5032	-2933	5105	3507	-1402	-1648	3520	119	-665	-374	426	-532	-309	391	88
4218	-4313	4029	4718	-3442	-1689	-1495	2370	-2	-659	-250	459	-406	-153	233	88
4239	-4105	4347	4644	-3702	-1689	-1495	3720	-32	-631	-213	442	-359	-104	135	88
4263	-3721	4190	4193	-3587	-1393	-1131	-660	-81	-576	-149	378	-301	-86	174	88
4299	2956	4819	3555	-4218	-1367	-911	1330	-132	-497	-75	327	-132	-17	0	88
4341	3445	5051	2977	-4518	-1302	-829	350	-130	-433	-24	259	-13	-1	0	88
4365	-3866	3388	4036	3149	-1142	-437	0	-105	-390	15	220	-353	-3	0	88
4383	-5841	-4125	5520	4895	-953	-604	-1750	-97	-368	26	229	-751	-17	146	88
4407	-6421	-4648	5855	5254	-1324	-716	-2120	-92	-347	44	254	-891	-25	239	88
4431	-7343	-5999	6477	6584	-558	-347	-2410	-97	-331	56	268	-1089	-61	315	88
4455	-7328	-5983	6430	6466	-706	-438	-880	-100	-315	64	275	-1089	-60	347	88
4473	-7333	-6154	6326	6506	-586	-399	-650	-104	-306	71	280	-1088	-74	442	88
4497	-7349	-6141	6285	6402	-685	-463	-1660	-107	-302	73	283	-1088	-73	513	88
4521	-7410	-6063	6306	6240	-807	-610	-980	-111	-293	78	286	-1089	-62	575	88
4551	-7427	-6178	6276	6270	-666	-463	-1020	-122	-281	88	290	-1089	-51	632	88
4569	-7505	-6034	6379	6131	-759	-537	-150	-124	-279	89	291	-1090	-25	639	88
4593	-7507	-6101	6301	6108	-747	-359	-1000	-130	-274	96	290	-1089	-9	737	88
4647	-7398	-5736	6234	5689	-669	-364	-2430	-143	-271	101	286	-1028	38	798	88
4677	-7471	-5510	6442	5567	-661	-331	1610	-153	-268	101	282	-1024	91	751	88
4698	-7627	-5405	6622	5509	-430	-196	-110	-157	-266	106	278	-1017	144	749	88
4740	-7067	-4428	6277	4500	-879	-208	350	-166	-262	105	268	-877	225	749	88
4770	-6920	-3913	6252	4004	-756	-320	-230	-174	-257	109	261	-796	278	723	88
4800	-6288	-2900	5848	2975	-787	-159	190	-181	-252	115	253	-614	373	694	88
4836	-5481	3828	5314	-3746	-898	-242	2120	-191	-234	118	228	-424	415	607	88
4905	4029	3481	-4202	-3975	-741	-91	730	-188	-181	118	160	52	-73	522	88
4926	4062	3273	-4291	-3761	-956	-404	438	13	-253	-80	174	69	-97	497	88
4983	4565	-2914	-4784	-3350	-159	-65	340	-117	-119	80	89	141	-230	337	88
5001	4879	-3126	-5037	-3105	-168	34	390	-107	-104	68	74	158	-289	231	88
5025	4980	-3263	-5157	-2974	-139	86	440	-91	-89	57	56	170	-317	216	88
5061	5133	-3539	-5299	3132	64	103	2110	-70	-71	40	37	184	-377	140	88
5085	5363	-3612	-5451	3249	67	-17	220	-56	-61	26	30	205	-434	0	88
5115	5580	-3818	-5702	3382	6	-45	100	-46	-49	15	23	217	-494	0	88
5133	5870	-3938	-6010	3439	49	-4	-630	-42	-46	9	20	249	-546	0	88
5163	6067	-4086	-6248	3529	16	-82	540	-29	-39	0	15	265	-604	0	88
5181	6267	-4089	-6457	3482	-241	-103	270	-25	-36	-2	14	275	-633	0	88
5199	6437	-4358	-6704	3694	33	1	560	-11	-33	-6	15	296	-689	0	88
5235	6787	-4498	-7117	3706	40	-97	140	4	-25	-13	18	339	-769	0	88
5259	6958	-4482	-7305	3634	28	-89	-1910	10	-22	-16	18	368	-789	0	88
5610	9918	-5585	-10692	3803	306	-578	530	167	-35	-199	9	764	-1466	309	88
5631	10158	-5813	-10945	4011	355	-477	860	176	-39	-215	5	777	-1527	305	88
5661	10099	-6039	-10877	4281	522	-502	980	193	-46	-244	2	761	-1568	283	88
5685	10049	-6266	-10870	4528	638	-858	1750	207	-52	-258	-1	743	-1643	254	88
5709	10294	-6214	-11087	4409	350	-450	-790	220	-61	-282	10	763	-1634	285	88
5733	9817	-6917	-10615	5275	428	-467	1140	231	-72	-302	24	619	-1694	162	88
5757	9364	-7312	-10100	5857	642	-654	1420	240	-85	-320	39	518	-1728	0	88
5787	8740	-7720	-9559	6319	629	-1003	3000	252	-100	-337	59	394	-1761	0	88
5817	8244	-8254	-9147	6956	617	-937	2430	261	-118	-352	65	268	-1784	0	88
5841	7815	-8648	-8654	7621	698	-912	1370	268	-132	-361	61	157	-1798	-175	88
5865	7572	-8736	-8402	7813	533	-1022	1840	272	-147	-366	65	96	-1802	-217	88
5889	7379	-8837	-8216	7970	137	-1091	150	273	-155	-367	70	25	-1804	-252	88
5925	6578	-9537	-7439	8950	361	-916	1340	273	-171	-366	76	-157	-1798	-373	88
5943	6374	-9529	-7254	8986	290	-1028	920	269	-197	-359	100	-201	-1794	-389	88
5967	6256	-9583	-7183	9052	291	-1018	-120	268	-209	-355	106	-224	-1791	-366	88
5985	5866	-9674	-6790	9246	375	-1206	1930	263	-225	-348	123	-291	-1781	-412	88
6003	5669	-9822	-6609	9428	77	-1070	1220	260	-234	-343	139	-363	-1768	-435	88
6021	5637	-9842	-6591	9459	-33	-999	660	254	-247	-334	153	-387	-1763	-440	88
6039	4917	-9826	-5898	9546	393	-1689	2130	248	-263	-329	168	-452	-1747	-453	88
6063	5291	-9939	-6321	9571	135	-1084	-760	242	-273	-318	182	-441	-1750	-415	88
6102	5180	-10102	-6232	9754	-23	-806	-280	232	-290	-309	203	-498	-1735	-405	88
6132	5112	-10038	-6222	9622	-8	-946	-140	226	-302	-299	223	-500	-1735	-353	88
6150	5001	-9934	-6128	9513	-76	-1177	80	222	-310	-293	231	-510	-1732	-338	88
6171	5095	-9852	-6293	9344	-183	-1153	-590	218	-327	-281	252	-499	-1735	-276	88
6243	4898	-9777	-6236	9197	-242	-1263	280	205	-370	-256	295	-532	-1725	-160	88
6294	5139	-9626	-6587	8824	-283	-1363	-1650	199	-374	-252	306	-473	-1742	0	88
6330	5095	-9632	-6536	8829	-271	-1407	-910	194	-375	-250	311	-481	-1741	0	88
6366	5293	-9638	-6707	8832	-290	-1193	-390	181	-385	-242	319	-469	-1744	0	88
6384	5245	-9661	-6662	8870	-390	-1171	1260	181	-387	-240	322	-488	-1740	0	88
6408	5378	-9940	-6923	9023	-171	-660	-190	177	-390	-236	326	-476	-1743	133	88
6432	5014	-9296	-6553	8336	-279	-1498	-760	176	-391	-234	329	-450	-1687	202	88
6450	5042	-9285	-6568	8329	-279	-1498	-760	168	-394	-230	331	-450	-1687	203	88
6489	5049	-9369	-6567	8450	-356	-1298	1230	164	-402	-228	334	-472	-1682	206	88
6516	5125	-9040	-6634	8038	-381	-1217	-480	158	-406	-225	344	-425	-1632	278	88
6552	5170	-8617	-6629	7609	-566	-1296	-1510	151	-407	-218	340	-388	-1579	305	88
6597	4913	-8295	-6295	7383	-422	-949	800	147	-406	-214	334	-380	-1457	335	88
6615	4867	-8102	-6232	7166	-215	-811	-130	143	-404	-212	336	-347	-1404	376	88
6648	4637	-6993	-5841	6110	-405	-1127	1050	139	-402	-203	334	-271	-1237	401	88
6672	4470	-6507	-5658	5593	-416	-1543	-980	137	-400	-200	331	-233	-1184	449	88
6690	4480	-6524	-5675	5603	-416	-1543	-980	134	-395	-195	328	-233	-1184	449	88
6714	4616	-6005	-5707	5091	-527	-1110	-510	131	-391	-190	326	-170	-1072	476	88
6738	4174	-5191	-5115	4379	-279	-1218	-100	129	-382	-187	320	-119	-898	481	88
6756	4448	-4851	-5320	4009	-485	-882	-260	124	-379	-183	317	-64	-841	507	88
6774	4238	-4083	-5038	3225	-720	-1712	-450	123	-373	-181	312	-17	-783	528	88
6798	4335	-3687	-4991	-2915	-307	-1019	150	119	-366	-181	309	62	-656	524	88
6834	3131	5365	-3174	-5753	-515	-1378	-340	112	-350	-177	269	240	-33	537	88
6861	3505	5366	-3553	-5833	-498	-1114	-1240	111	-326	-172	248	300	-40	559	88
6879	3707	5289	-3713	-5734	-394	-988	1780	113	-303	-170	227	328	-53	513	88
6933	4393	5232	-4398	-5722	-173	-685	840	121	-249	-151	172	444	-93	442	88
6957	4769	5154	-4774	-5668	-100	-484	1390	129	-217	-143	142	500	-118	397	88
6993	5278	5046	-5324	-5631	92	-175	700	143	-180	-130	112	584	-153	354	88
7023	5709	4950	-5750	-5573	78	47	80	151	-152	-124	89	636	-189	297	88
7053	5969	5076	-6017	-5759	-24	-237	280	159	-124	-115	69	689	-223	257	88
7098	6434	5080	-6505	-5819	47	-222	160	174	-99	-106	47	766	-274	201	88
7122	6698	5059	-6822	-5884	136	-114	480	191	-71	-103	28	824	-292	208	88
7152	6979	5086	-7129	-5981	185	-82	-30	202	-52	-101	14	879	-315	203	88
7194	7501	5175	-7658	-6116	38	-17	1120	221	-31	-101	-15	959	-359	178	88
7254	8364	5097	-8429	-6036	162	-25	460	240	-21	-112	-32	1069	-487	0	88
7272	8612	4841	-8701	-5786	222	71	1140	232	-13	-107	-50	1077	-540	0	88
7296	8889	4852	-8845	-5832	222	71	1140	198	0	-112	-58	1104	-553	0	88
7314	9085	4622	-9081	-5668	119	-89	-30	193	3	-113	-60	1099	-627	0	88
7326	9213	4650	-9143	-5710	269	-142	-250	181	11	-120	-68	1128	-636	0	88
7344	9630	4591	-9425	-5571	364	-72	-20	174	16	-123	-79	1168	-687	-141	88
7368	9940	4626	-9711	-5640	401	-102	520	175	24	-128	-93	1219	-721	-142	88
7491	10807	5406	-10569	-6613	738	-315	-890	254	66	-198	-175	1511	-748	0	88
7521	10874	5859	-10617	-7136	736	-446	-2290	298	72	-227	-172	1592	-719	0	88
7545	10861	6086	-10708	-7530	524	-436	-1310	341	79	-258	-172	1635	-696	148	88
7626	11508	6556	-11280	-8192	881	-473	-1380	407	109	-342	-212	1850	-726	248	88
7668	11354	6976	-11180	-8727	1234	-777	-320	490	121	-407	-218	1954	-705	327	88
7707	11728	7233	-11556	-9059	914	-463	0	518	127	-424	-230	2023	-690	376	88
7737	12094	7089	-11911	-8867	1035	-611	1720	557	135	-466	-275	2084	-787	346	88
7773	12142	7315	-12013	-9170	959	-730	-880	620	135	-514	-280	2144	-800	377	88
7821	12224	6921	-12224	-8827	1376	-794	1130	703	136	-585	-296	2214	-948	343	88
7839	12224	6710	-12224	-8607	1159	-713	1600	746	133	-622	-306	2216	-1018	306	88
7869	12223	6466	-12223	-8369	1341	-921	800	793	128	-679	-328	2260	-1135	290	88
7899	12222	5821	-12222	-7734	1571	-1163	1970	812	128	-705	-333	2241	-1297	214	88
7935	12221	5877	-12221	-7748	1629	-1103	310	862	109	-777	-342	2288	-1336	201	88
7971	12220	4605	-12220	-6409	1860	-1491	2260	891	95	-815	-330	2179	-1611	0	88
8007	12219	3236	-12219	-5098	1280	-1292	1620	915	70	-851	-311	1998	-1830	0	88
8082	12217	-5321	-12217	3599	1713	-1766	2610	929	60	-900	-283	1597	-2189	-194	88
8142	10561	-5007	-11246	3298	3501	-4018	1750	938	-23	-966	-198	1517	-2173	0	88
8169	11266	-5083	-11270	3455	2354	-2988	-3690	743	-61	-979	-160	1404	-2104	0	88
8190	12029	-6129	-11543	4693	1346	-2100	3090	593	-93	-987	-136	1210	-2221	-135	88
8214	11962	-6306	-11523	4961	1247	-2037	1630	582	-140	-978	-116	1152	-2251	-138	88
8244	10669	-8433	-10550	7530	512	-2050	4500	595	-190	-957	-91	661	-2441	-385	88
8265	10579	-8250	-10600	7366	512	-2050	4500	623	-244	-940	-46	661	-2441	-387	88
8289	8122	-10277	-8570	9964	522	-2484	4540	652	-314	-906	11	87	-2528	-651	88
8307	7692	-10635	-8248	10439	228	-2340	3440	641	-357	-875	52	-56	-2528	-702	88
8337	6118	-11464	-6798	11602	107	-2582	2800	603	-422	-826	130	-415	-2495	-848	88
8361	4848	-12028	-5609	12216	-143	-2517	3710	572	-480	-782	200	-710	-2428	-954	88
8397	4341	-12216	-5158	12216	-275	-1428	2180	495	-571	-707	330	-933	-2350	-1000	88
8439	3048	-12184	-3859	12217	-754	-1963	1350	392	-657	-608	492	-1169	-2175	-1003	88
8457	-3354	-12220	-3349	12220	-713	-1706	1340	359	-638	-574	542	-1291	-2105	-954	88
8481	-3694	-12005	-3050	12191	-971	-2233	110	305	-659	-517	623	-1314	-2019	-856	88
8505	-3447	-12080	-3504	12071	-789	-1960	10	258	-698	-453	671	-1297	-2030	-683	88
8535	-3294	-11903	-3681	11952	-789	-1960	10	216	-750	-401	703	-1297	-2030	-683	88
8553	-3572	-11200	-3420	11146	-1344	-2695	-1630	195	-759	-383	717	-1294	-1961	-557	88
8595	3037	-11468	-4400	11104	-801	-1947	-10	116	-817	-348	752	-1203	-2017	-181	88
8616	3008	-11322	-4504	10792	-1161	-2186	90	100	-827	-332	763	-1210	-2014	0	88
8658	3374	-11180	-4861	10651	-1328	-2136	-850	67	-849	-297	770	-1182	-2030	0	88
8682	3459	-11170	-4924	10665	-1328	-2136	-850	43	-852	-279	766	-1182	-2030	0	88
8712	3487	-11149	-5018	10644	-1328	-2136	-850	36	-859	-251	771	-1182	-2030	0	88
8736	3511	-11149	-5110	10627	-1328	-2136	-850	30	-860	-224	775	-1182	-2030	0	88
8766	-5572	-11247	3938	11372	-1600	-1712	230	26	-865	-195	781	-1655	-1576	0	88
8793	-5809	-10571	4076	10540	-1473	-2050	-200	22	-869	-179	788	-1584	-1477	210	88
8823	-5511	-9681	3820	9496	-1700	-1793	-400	-7	-865	-139	799	-1468	-1336	348	88
8844	-5494	-9468	3815	9259	-1341	-1847	340	-26	-859	-116	799	-1420	-1300	373	88
8862	-5255	-8939	3606	8628	-1864	-2121	-700	-40	-851	-99	796	-1367	-1268	423	88
8904	-4867	-7673	3242	7123	-1872	-2382	-2120	-67	-835	-59	789	-1166	-1132	623	88
8922	-4838	-7548	3318	7077	-1802	-1886	1810	-75	-828	-52	787	-1154	-1056	594	88
8958	-4616	-7094	3131	6538	-1628	-1724	-670	-85	-810	-35	778	-1057	-984	640	88
8976	-4617	-6835	3127	6230	-1408	-1831	-870	-88	-803	-28	774	-1006	-951	688	88
8994	-4602	-5842	3238	5199	-1936	-2371	50	-93	-798	-24	771	-931	-855	731	88
9018	-4433	-3985	3276	3219	-4539	-4450	2770	-100	-790	-19	763	-890	-810	758	88
9036	-4433	-5342	3156	4673	-1903	-2153	-80	-104	-784	-15	757	-850	-764	778	88
9054	-4304	-4784	3109	4093	-1852	-2014	-300	-105	-780	-13	753	-766	-679	816	88
9078	-4138	-4926	2950	4254	-1332	-1286	60	-109	-769	-4	742	-723	-636	826	88
9102	-4116	-3968	3026	3224	-1716	-1914	-1100	-113	-760	-1	735	-634	-553	881	88
9129	-3933	-3437	2978	-3085	-1717	-1598	680	-113	-754	-1	732	-556	-460	876	88
9153	-3819	-3305	2903	-3107	-1529	-1448	-870	-119	-740	-2	672	-507	-426	917	88
9171	-3748	3166	2998	-3561	-1556	-1569	370	-125	-728	-6	596	-424	-336	933	88
9195	-3495	3505	-2913	-3813	-1461	-1200	1050	-133	-684	-5	529	-338	-250	939	88
9219	-3499	4145	3106	-4397	-1729	-1631	1120	-143	-592	-6	438	-262	-146	895	88
9249	3436	5429	-3407	-5570	-1722	-1217	1860	-153	-535	6	361	20	-20	733	88
9285	3706	4694	-3668	-4938	-944	-829	950	-164	-429	15	301	60	-66	647	88
9315	4396	4443	-4367	-4606	-1394	-495	890	-127	-361	23	211	114	-138	489	88
9345	4288	4363	-4314	-4495	-1142	-860	860	-112	-323	25	163	133	-161	469	88
9372	4690	4072	-4810	-4279	-910	-606	1380	-78	-297	27	150	189	-231	406	88
9390	4799	3955	-5010	-4222	-864	-503	-450	-58	-281	26	135	212	-252	423	88
9432	5057	3833	-5400	-4271	-636	-555	-1210	-22	-255	18	128	280	-311	448	88
9474	5609	3447	-6011	-4030	-370	-261	1750	16	-213	2	113	356	-405	397	88
9504	5861	3273	-6279	-3924	-263	-259	720	26	-188	-3	100	389	-456	360	88
9522	5996	3202	-6399	-3913	-242	-285	190	27	-170	-11	92	409	-478	357	88
9540	6183	2938	-6551	-3649	-124	-108	1610	27	-148	-16	79	415	-513	303	88
9558	6308	3007	-6696	-3799	-172	-242	-1140	25	-140	-18	73	443	-528	339	88
9576	6417	-3007	-6803	-3623	52	-169	580	26	-116	-21	62	458	-555	322	88
9594	6778	-3077	-7153	-3640	-122	-173	-120	29	-98	-27	53	492	-605	305	88
9636	7097	-3422	-7455	-3365	168	-222	2130	34	-72	-39	45	525	-694	247	88
9654	7448	-3497	-7823	-3385	142	-135	810	35	-65	-42	43	566	-738	259	88
9678	7780	-3625	-8140	-3334	61	-68	320	42	-55	-58	39	595	-792	249	88
9702	7936	-3837	-8307	-3130	371	-109	740	47	-49	-66	29	620	-848	227	88
9720	8047	-3882	-8384	-3043	177	-268	600	53	-47	-78	14	616	-888	185	88
9750	8216	-4034	-8519	2939	124	-206	1150	54	-44	-87	3	615	-925	148	88
9822	8843	-4790	-9165	3671	128	-235	-50	78	-41	-118	-5	616	-1135	0	88
9843	8827	-4991	-9187	3872	266	-293	1150	88	-40	-127	-9	608	-1173	0	88
9864	9209	-5006	-9578	3819	114	-213	-390	94	-42	-133	-10	647	-1220	0	88
9921	9354	-5620	-9845	4339	279	-401	550	119	-45	-161	-3	626	-1365	0	88
9963	9448	-5967	-10035	4632	375	-583	620	148	-52	-186	0	621	-1466	0	88
9981	9680	-6050	-10273	4672	251	-387	-140	158	-52	-197	0	637	-1492	0	88
10005	9738	-6339	-10411	4932	472	-397	-300	178	-57	-211	2	638	-1556	0	88
10038	9987	-6496	-10586	5134	200	-740	170	193	-59	-229	6	627	-1658	-156	88
10068	10018	-6736	-10634	5372	371	-565	760	210	-67	-253	11	622	-1692	-153	88
10092	9881	-6864	-10521	5519	434	-584	680	220	-68	-260	14	598	-1701	-169	88
10110	9720	-6855	-10369	5524	460	-728	-630	236	-75	-280	15	587	-1705	-161	88
10131	9531	-7109	-10181	5856	343	-794	1540	236	-75	-280	15	521	-1727	-213	88
10161	9320	-7159	-9990	5905	675	-782	-500	266	-85	-317	21	527	-1725	-188	88
10185	9148	-7266	-9843	6034	716	-865	870	274	-88	-323	25	498	-1733	-192	88
10209	9018	-7361	-9749	6142	674	-877	-160	285	-95	-331	29	471	-1741	-191	88
10233	8990	-7569	-9737	6387	588	-688	770	287	-98	-333	28	435	-1751	-200	88
10251	8900	-7188	-9660	5946	445	-1190	-1260	295	-107	-341	35	464	-1743	-154	88
10281	8849	-7481	-9635	6290	562	-854	-770	302	-114	-350	32	432	-1752	-151	88
10317	8632	-7573	-9451	6424	342	-986	-610	315	-127	-361	39	379	-1764	-158	88
10335	8520	-7827	-9353	6713	327	-831	150	316	-129	-365	42	332	-1774	-171	88
10359	8115	-7983	-8962	6954	594	-1110	1440	321	-139	-372	50	280	-1783	-203	88
10389	8032	-8020	-8887	7006	417	-1138	1270	325	-148	-379	55	251	-1787	-198	88
10407	8154	-8128	-9034	7057	554	-793	-740	323	-155	-383	65	265	-1785	-156	88
10437	7904	-8262	-8792	7264	353	-948	220	318	-168	-381	73	194	-1795	-179	88
10467	7735	-8415	-8633	7457	292	-950	410	311	-180	-379	84	142	-1800	-188	88
10497	7385	-8646	-8343	7760	401	-1021	220	307	-197	-371	96	71	-1804	-198	88
10533	7001	-8908	-7959	8136	360	-1077	2190	303	-210	-375	103	-20	-1806	-226	88
10563	6963	-8790	-7911	7978	151	-1239	110	302	-220	-382	118	-28	-1806	-213	88
10593	6838	-9045	-7797	8295	13	-986	1980	297	-228	-375	128	-94	-1803	-239	88
10617	6706	-8963	-7712	8156	183	-1268	140	290	-234	-372	135	-86	-1803	-181	88
10635	6693	-9136	-7705	8384	19	-972	1520	283	-248	-359	150	-134	-1801	-216	88
10671	6578	-9276	-7635	8513	-19	-851	810	271	-264	-347	172	-177	-1797	-197	88
10689	6344	-9145	-7418	8405	49	-1293	260	264	-273	-340	176	-190	-1796	-189	88
10713	6405	-9505	-7499	8765	57	-689	630	251	-279	-331	190	-233	-1791	-183	88
10737	5725	-8646	-6736	7981	-297	-2128	2120	242	-287	-322	198	-256	-1727	-200	88
10755	5102	-8530	-6077	8001	372	-1860	1020	235	-294	-316	205	-281	-1601	-193	88
10773	5120	-8516	-6094	7990	372	-1860	1020	230	-298	-311	208	-281	-1601	-193	88
10794	5749	-8817	-6718	8254	-66	-680	-30	220	-306	-299	217	-282	-1601	-196	88
10815	5380	-8556	-6341	8038	-184	-866	10	215	-312	-290	224	-313	-1535	-175	88
10833	5082	-8282	-6055	7776	-183	-1574	210	210	-322	-284	230	-321	-1533	-161	88
10851	5214	-8618	-6211	8135	-84	-893	470	206	-327	-277	235	-342	-1529	-166	88
10875	4678	-8417	-5668	8036	213	-1126	-170	199	-341	-266	246	-376	-1458	-171	88
10893	4884	-8267	-5873	7828	-256	-1124	-310	195	-342	-261	248	-368	-1460	-144	88
10911	4825	-8536	-5841	8116	-120	-779	270	189	-340	-254	250	-399	-1453	-142	88
10929	4663	-8438	-5800	7881	-241	-1137	20	184	-338	-247	253	-403	-1451	0	88
10950	4652	-8519	-5798	7963	-209	-1033	10	177	-339	-240	257	-415	-1448	0	88
10974	4683	-8511	-5828	7938	-256	-1006	-130	177	-340	-240	262	-414	-1448	0	88
10998	4235	-8169	-5335	7644	-247	-1386	1680	177	-340	-239	271	-434	-1379	0	88
11028	4443	-8376	-5554	7820	-207	-863	620	172	-340	-234	278	-432	-1380	0	88
11061	4505	-8231	-5616	7648	-298	-1065	-180	167	-341	-226	280	-416	-1385	0	88
11079	4229	-7950	-5289	7416	-255	-1226	-870	161	-340	-223	280	-420	-1322	0	88
11103	4061	-7856	-5081	7403	-214	-934	1530	157	-341	-216	279	-435	-1253	0	88
11127	3944	-7138	-4858	6717	-380	-1075	-190	152	-342	-207	281	-387	-1142	0	88
11151	3696	-6572	-4520	6215	-338	-1110	-1270	150	-340	-201	279	-356	-1026	0	88
11169	3531	-6449	-4300	6151	-195	-910	530	146	-338	-199	279	-358	-962	0	88
11211	3250	-5666	-4024	5256	-253	-880	-1070	137	-328	-188	277	-297	-793	193	88
11229	-2909	-5376	-3560	5088	-230	-1072	2030	134	-323	-187	274	-316	-719	145	88
11247	-2947	-5130	-3507	4811	-255	-977	-1020	128	-322	-184	274	-294	-664	191	88
11271	2982	-4407	-3499	4087	-646	-938	-970	113	-319	-175	270	-233	-558	220	88
11292	-3442	4714	3531	-4802	-374	-1308	-280	109	-320	-173	271	58	-12	232	88
11319	-2939	4543	3049	-4682	-273	-946	-60	84	-270	-145	226	117	-26	218	88
11343	3333	4653	-3180	-4850	-464	-751	280	80	-260	-139	219	174	-42	202	88
11367	3524	4560	-3336	-4823	-427	-765	710	66	-210	-130	187	203	-51	188	88
11400	3918	4443	-3728	-4706	-216	-436	880	62	-187	-117	156	260	-70	166	88
11418	4048	4543	-3869	-4846	-285	-522	0	65	-178	-114	147	289	-77	173	88
11442	4645	4546	-4330	-4762	-62	-227	680	65	-157	-105	122	373	-112	0	88
11472	5029	4504	-4711	-4798	-9	-40	420	62	-134	-99	106	429	-134	0	88
11493	5033	4727	-4711	-5054	-113	-540	190	62	-113	-94	86	458	-143	0	88
11511	5406	4522	-5102	-4892	232	-85	1250	64	-99	-90	74	513	-167	0	88
11529	5419	4815	-5108	-5239	62	-593	-360	64	-86	-86	66	543	-172	0	88
11559	6113	4768	-5772	-5301	48	8	-250	64	-66	-84	55	630	-194	0	88
11583	5896	4643	-5591	-5169	837	-371	1950	64	-62	-84	54	652	-224	0	88
11601	6449	4705	-6125	-5281	89	-6	690	67	-51	-82	34	678	-241	0	88
11631	6689	4855	-6343	-5481	179	14	60	72	-32	-83	18	742	-240	0	88
11655	6824	4994	-6478	-5661	348	-296	230	75	-14	-81	-1	798	-261	0	88
11679	7338	5143	-6952	-5877	29	-20	-390	76	-11	-82	-5	857	-274	0	88
11703	7628	5209	-7230	-5996	81	33	-1110	83	8	-86	-24	916	-288	0	88
11745	7898	5359	-7494	-6208	333	-188	-880	94	26	-92	-43	1001	-320	0	88
11781	8200	5457	-7774	-6341	701	-214	-140	103	38	-100	-61	1088	-344	0	88
11835	8748	5671	-8311	-6664	323	-99	-320	132	55	-117	-76	1173	-374	0	88
11871	9170	5896	-8802	-7087	135	-80	-250	145	65	-128	-87	1261	-391	141	88
11889	9077	5883	-8733	-7080	586	-233	-80	154	71	-134	-93	1291	-399	148	88
11913	9436	5940	-9069	-7185	557	-100	340	165	77	-143	-99	1347	-424	137	88
11934	9692	6066	-9318	-7357	574	-24	400	182	83	-157	-110	1406	-434	156	88
11964	10115	6207	-9614	-7415	454	-28	740	193	81	-163	-115	1457	-474	0	88
12000	10103	6342	-9641	-7557	619	-379	620	240	85	-197	-133	1508	-508	0	88
12018	10403	6153	-9949	-7387	603	11	590	252	89	-209	-143	1530	-537	0	88
12036	10695	6123	-10269	-7420	659	-117	310	256	89	-210	-146	1573	-595	0	88
12066	10788	6231	-10339	-7533	515	-246	120	278	99	-234	-165	1601	-609	0	88
12084	11115	6209	-10655	-7565	598	-198	550	281	100	-241	-167	1649	-650	0	88
12102	11308	6265	-10861	-7657	693	-344	-490	298	103	-255	-178	1699	-688	0	88
12132	11322	6253	-10894	-7658	827	-393	240	324	110	-275	-187	1724	-705	0	88
12150	11623	6632	-11133	-8097	924	-457	-540	343	115	-294	-192	1824	-699	0	88
12168	11737	6471	-11289	-7951	1057	-375	850	364	119	-307	-200	1841	-736	0	88
12198	11814	6853	-11355	-8335	941	-597	-150	410	127	-339	-223	1910	-728	0	88
12225	11789	6851	-11327	-8345	1131	-661	120	438	135	-368	-232	1937	-740	0	88
12243	11968	7175	-11601	-8869	978	-366	-90	469	144	-393	-241	2019	-690	205	88
12261	11555	7300	-11256	-8996	1680	-767	-1160	501	153	-413	-252	2058	-670	241	88
12285	11929	7584	-11617	-9360	1144	-690	-720	535	166	-439	-271	2119	-675	274	88
12303	11807	7971	-11500	-9782	1255	-605	-2480	556	172	-456	-283	2174	-596	362	88
12360	11559	8876	-11226	-10728	1609	-785	-1910	621	215	-517	-355	2332	-451	560	88
12378	11719	9401	-11365	-11310	1258	-657	-1000	644	226	-532	-376	2404	-381	654	88
12417	11371	9799	-11029	-11695	1729	-633	-920	686	256	-569	-425	2479	-275	779	88
12435	11389	10020	-11036	-11891	1613	-633	-620	704	267	-584	-456	2513	-245	822	88
12456	10924	9955	-10665	-11763	2949	-1284	-690	726	281	-596	-491	2571	-266	848	88
12489	12020	9859	-11713	-11720	1793	-810	2190	738	290	-612	-531	2619	-371	842	88
12507	12182	9339	-11896	-11080	1953	-474	1360	756	310	-637	-593	2609	-431	822	88
12543	12210	8888	-12022	-10620	1915	-825	2000	802	313	-680	-618	2585	-560	803	88
12561	12210	8015	-12210	-9734	2331	-893	2750	818	308	-702	-621	2543	-729	731	88
12597	12209	7441	-12209	-9141	1919	-867	3870	880	287	-762	-614	2493	-883	645	88
12621	12208	6599	-12208	-8258	2173	-1284	3300	888	270	-783	-611	2418	-1072	559	88
12639	12208	6673	-12208	-8268	2173	-1284	3300	903	249	-817	-608	2418	-1072	559	88
12663	12207	4979	-12207	-6585	1715	-1339	2710	927	218	-851	-579	2237	-1413	386	88
12681	12206	4771	-12206	-6419	1666	-1280	1120	938	202	-873	-557	2211	-1453	387	88
12720	12207	3116	-12207	-4717	1541	-1553	3100	970	168	-908	-523	1990	-1742	252	88
12738	12206	-3157	-12206	-4193	1796	-2086	3060	981	149	-920	-508	1906	-1834	212	88
12768	11731	-5122	-12205	3742	2272	-2089	2540	996	89	-951	-439	1616	-2095	0	88
12786	11729	-5389	-12204	3955	1317	-2210	3190	1011	53	-955	-398	1509	-2173	0	88
12825	11140	-6622	-12118	5172	1403	-2129	2550	999	-41	-987	-281	1266	-2323	0	88
12843	10946	-7204	-12009	5756	1255	-1998	2850	981	-84	-981	-230	1141	-2387	0	88
12912	8152	-9361	-9414	8356	1171	-2909	1540	882	-230	-952	-57	431	-2488	-149	88
12936	7805	-10244	-9184	9296	664	-2291	2060	863	-253	-941	-28	231	-2515	-135	88
12960	6957	-10542	-8466	9617	647	-2283	2190	816	-323	-913	49	52	-2465	0	88
12990	6281	-10880	-7845	10045	502	-2510	2880	769	-378	-881	113	-124	-2462	0	88
13014	6394	-10711	-7929	9858	502	-2510	2880	737	-426	-857	166	-124	-2462	0	88
13038	6535	-10518	-8063	9622	502	-2510	2880	697	-481	-819	233	-124	-2462	0	88
13068	6697	-10352	-8184	9423	502	-2510	2880	651	-528	-785	290	-124	-2462	0	88
13134	3499	-12197	-5733	11342	266	-2463	1210	574	-602	-717	379	-775	-2332	524	88
13152	3052	-11927	-5334	11020	-347	-2559	860	542	-634	-685	412	-861	-2237	637	88
13176	-3056	-12134	-5072	11293	-237	-2302	1500	518	-666	-664	440	-938	-2206	670	88
13194	-3666	-11895	-4443	11142	-368	-2381	1940	477	-700	-638	470	-1027	-2099	747	88
13212	-4196	-11232	-3751	10582	-387	-2634	1170	412	-735	-613	497	-1061	-1946	825	88
13248	-4121	-10864	-3671	10222	-445	-2563	580	323	-775	-569	539	-1067	-1874	879	88
13272	-4668	-10345	-2929	9880	-653	-2352	980	265	-797	-537	564	-1138	-1689	876	88
13314	-6146	-9493	4676	9564	-925	-1866	2720	176	-821	-450	592	-1334	-1290	728	88
13353	-6746	-8189	5481	8456	-1630	-2590	2350	98	-833	-354	615	-1371	-1064	639	88
13404	-7359	-5856	6680	6572	-2897	-2435	3040	-20	-833	-211	644	-1385	-563	373	88
13428	-7387	-5931	6775	6737	-1917	-1661	2600	-77	-829	-150	656	-1358	-460	323	88
13494	-6963	-3981	6974	5079	-2021	-1110	1750	-202	-803	-13	669	-1189	-93	0	88
13530	-6629	-3106	6815	4175	-2085	-1057	1840	-241	-792	25	669	-1071	25	0	88
13560	-5905	3612	6285	3058	-2746	-901	3040	-304	-734	93	663	-939	145	0	88
13611	-4553	4796	5189	-4275	-2400	-608	-540	-362	-572	165	567	-575	292	0	88
13629	-4336	4944	4980	-4391	-2111	-677	340	-369	-540	185	517	-500	301	0	88
13728	3309	4522	-3090	-4567	-1329	-583	-3860	-328	-321	222	292	-113	111	258	88
13746	3440	4346	-3376	-4433	-1085	-510	-1670	-290	-300	215	253	-66	71	325	88
13764	4219	4263	-4179	-4502	-1276	-318	-510	-290	-300	215	253	13	-20	351	88
13794	3868	3967	-4199	-4361	-1084	-448	-4160	-194	-258	177	199	30	-51	519	88
13812	3788	3841	-4180	-4147	-1063	-286	0	-155	-246	163	166	26	-52	517	88
13854	-4594	4508	4139	-4534	-654	-391	-2560	-106	-210	130	129	-152	368	727	88
13878	-6542	5329	6160	-5092	-581	-399	-1480	-80	-186	112	113	-284	745	845	88
13896	-6594	5284	6168	-5117	-485	-372	-1270	-66	-170	102	108	-272	750	886	88
13974	-6637	4704	6085	-4800	-132	136	-90	-56	-108	66	78	-268	750	1108	88
14004	-6524	4874	6078	-4956	-73	54	790	-58	-88	57	62	-227	763	1069	88
14022	-6497	4935	6084	-5019	-125	-34	300	-60	-77	54	52	-218	766	1059	88
14049	-6395	4926	6020	-5003	-181	69	310	-61	-63	50	37	-207	770	1048	88
14073	-6324	5026	6000	-5073	-145	62	90	-61	-63	50	37	-189	775	1003	88
14103	-6259	4989	6038	-4967	-6	83	-190	-68	-39	43	9	-174	778	939	88
14133	-6077	5102	5924	-5048	-76	157	-40	-72	-35	43	-1	-148	783	906	88
14169	-5921	5144	5836	-5058	-61	252	1080	-72	-19	45	-13	-124	787	843	88
14199	-5848	5361	5836	-5256	-61	14	-190	-75	-8	47	-21	-91	792	783	88
14223	-5625	5405	5693	-5257	-50	214	1160	-76	0	51	-26	-64	795	707	88
14241	-5632	5450	5698	-5322	-106	118	-130	-76	5	50	-29	-61	795	711	88
14277	-5472	5442	5580	-5295	0	316	-50	-75	12	51	-34	-35	797	667	88
14295	-5530	5498	5666	-5313	111	128	900	-77	18	55	-40	-30	797	631	88
14319	-5346	5584	5506	-5409	-51	231	-220	-75	21	58	-41	-10	798	601	88
14355	-5291	5575	5483	-5389	49	261	-560	-78	30	59	-47	2	798	572	88
14397	-5031	5824	5325	-5610	-73	185	630	-76	37	63	-48	47	796	476	88
14580	-4558	6023	5049	-5714	160	262	850	-72	66	65	-70	139	785	266	88
14610	-4488	6014	4969	-5736	-23	354	-810	-71	69	64	-71	136	786	277	88
14640	3274	-3441	-3474	3218	69	299	-200	-70	73	64	-75	13	-25	241	88
14676	3432	-3547	-3611	3352	170	449	870	-60	67	57	-70	25	-54	186	88
14706	3708	-3546	-3912	3237	-16	316	-410	-54	66	50	-59	53	-107	195	88
14721	4000	-3619	-4188	3300	-57	287	1050	-50	63	48	-57	76	-163	148	88
14760	4278	-3717	-4512	3315	78	108	310	-40	50	37	-46	115	-244	154	88
14790	4570	-3760	-4828	3300	-28	135	340	-28	35	28	-32	140	-298	148	88
14820	4715	-3781	-4990	3290	87	-99	1240	-24	23	24	-22	164	-353	138	88
14856	5140	-3932	-5475	3350	54	-65	320	-17	14	23	-15	201	-435	139	88
14880	5294	-3947	-5628	3342	-23	-34	-130	-9	6	11	-12	215	-462	144	88
14904	5593	-4073	-5936	3420	-47	22	80	-5	3	4	-10	239	-517	137	88
14952	6099	-4329	-6398	3676	-6	-14	400	7	0	-7	-5	273	-633	0	88
14982	6392	-4385	-6719	3654	0	0	-650	16	0	-13	-2	311	-682	0	88
15000	6544	-4496	-7032	3574	118	-134	-520	19	0	-14	-2	346	-733	161	88
15036	6829	-4642	-7327	3683	43	-66	690	30	-3	-24	1	363	-791	140	88
15054	7017	-4694	-7545	3672	76	-243	360	35	-4	-30	1	390	-845	149	88
15078	7239	-4758	-7792	3669	78	-44	-920	41	-6	-38	3	417	-865	181	88
15135	7631	-4950	-8201	3793	124	-265	690	56	-14	-60	6	455	-980	163	88
15159	8011	-5043	-8619	3787	110	-61	-460	63	-16	-70	5	500	-1025	207	88
15183	8179	-5310	-8784	4065	60	-133	190	68	-18	-78	6	485	-1099	144	88
15207	8337	-5410	-8993	4105	314	-235	830	74	-20	-83	5	520	-1149	173	88
15225	8468	-5531	-9114	4217	172	-184	740	84	-20	-98	4	516	-1184	152	88
15249	8649	-5515	-9339	4132	144	-408	-330	95	-24	-107	3	548	-1235	174	88
15285	8987	-5733	-9663	4339	-20	-165	1350	111	-31	-130	2	557	-1297	155	88
15369	9599	-6406	-10256	5021	135	-290	550	146	-46	-182	2	575	-1517	0	88
15408	9890	-6696	-10610	5240	223	-291	420	160	-50	-195	4	594	-1607	0	88
15438	9848	-7074	-10535	5589	256	-334	1440	191	-54	-260	11	564	-1681	0	88
15462	9869	-6909	-10659	5235	272	-650	610	202	-56	-274	19	608	-1698	150	88
15504	9827	-7000	-10655	5336	202	-543	900	214	-65	-278	27	588	-1705	146	88
15522	9631	-7097	-10507	5444	406	-615	-220	225	-74	-286	34	572	-1712	154	88
15540	9611	-7070	-10493	5422	406	-615	-220	231	-82	-290	40	572	-1712	155	88
15576	9298	-7368	-10097	5909	461	-715	890	238	-93	-305	48	487	-1738	0	88
15675	8233	-8174	-9173	6945	401	-974	120	269	-135	-349	55	258	-1786	0	88
15693	8002	-8425	-8987	7279	379	-900	1960	269	-152	-347	60	191	-1795	0	88
15714	7700	-8632	-8734	7527	487	-978	1160	271	-159	-349	65	137	-1800	0	88
15744	7505	-8695	-8435	7773	372	-1076	750	269	-174	-347	78	73	-1804	-171	88
15768	6944	-8879	-7872	8133	628	-1435	3180	267	-189	-343	84	-12	-1805	-246	88
15804	6842	-8988	-7788	8267	327	-1335	1190	260	-207	-335	105	-72	-1804	-271	88
15822	6956	-9065	-7892	8359	58	-1043	730	257	-217	-332	114	-95	-1803	-287	88
15858	5793	-8394	-6691	7833	255	-2713	160	250	-236	-325	133	-161	-1738	-326	88
15882	6258	-9138	-7149	8623	174	-1036	1290	246	-243	-323	144	-209	-1734	-364	88
15900	6206	-9177	-7111	8663	197	-1014	140	245	-247	-322	148	-219	-1732	-362	88
15918	6115	-9054	-7021	8535	26	-1264	480	238	-256	-313	162	-237	-1730	-368	88
15939	6025	-9282	-6941	8805	-15	-970	990	235	-260	-310	168	-283	-1723	-383	88
15963	5891	-9343	-6839	8876	113	-985	340	233	-268	-303	179	-302	-1719	-387	88
15993	5222	-8529	-6130	8096	-103	-2315	20	223	-284	-290	199	-317	-1656	-380	88
16065	5416	-9009	-6379	8603	-182	-1167	-240	208	-321	-268	240	-380	-1643	-384	88
16089	5380	-9134	-6366	8738	-24	-996	180	204	-327	-261	248	-392	-1640	-383	88
16113	5371	-9131	-6385	8692	-40	-1021	70	203	-325	-258	252	-391	-1640	-357	88
16131	5477	-9097	-6535	8574	61	-1016	-1310	203	-326	-259	254	-359	-1648	-297	88
16149	5501	-9041	-6562	8493	-129	-1078	-870	198	-326	-254	258	-366	-1647	-285	88
16167	5378	-9073	-6435	8557	-141	-1121	840	195	-329	-249	264	-391	-1641	-300	88
16197	5325	-8946	-6428	8364	-147	-1392	-250	195	-331	-247	268	-377	-1644	-250	88
16227	5485	-8947	-6601	8335	-302	-1190	160	188	-341	-240	277	-375	-1645	-223	88
16245	5595	-8984	-6735	8332	-268	-1035	-210	185	-343	-238	278	-361	-1648	-186	88
16263	5542	-8913	-6700	8232	-196	-1218	-490	185	-344	-238	281	-351	-1650	-164	88
16281	5509	-8921	-6675	8229	-185	-1263	0	181	-342	-235	281	-355	-1649	-151	88
16299	5667	-9048	-6962	8226	-191	-923	-620	179	-347	-231	281	-339	-1652	0	88
16317	5474	-9025	-6676	8342	-58	-1141	660	178	-346	-227	283	-364	-1648	-137	88
16347	5831	-8800	-7119	7927	-380	-1126	-770	176	-353	-222	291	-307	-1659	0	88
16380	5680	-8896	-6985	8065	-180	-1072	-880	175	-366	-222	299	-328	-1655	0	88
16410	5676	-8588	-6908	7763	-295	-1023	-1180	173	-360	-223	297	-303	-1598	0	88
16428	5533	-8658	-6770	7870	-151	-1061	530	173	-362	-224	297	-320	-1596	0	88
16458	5637	-8558	-6849	7720	-279	-1148	140	170	-355	-225	299	-303	-1599	0	88
16482	5543	-8317	-6701	7510	-280	-1089	370	166	-352	-221	298	-291	-1540	0	88
16506	5568	-8310	-6725	7516	-280	-1089	370	159	-354	-214	296	-291	-1540	0	88
16530	5365	-7566	-6374	6828	-291	-1355	1360	155	-353	-216	296	-240	-1428	0	88
16560	5448	-7167	-6380	6429	-378	-1340	1580	152	-351	-213	296	-194	-1374	0	88
16584	5787	-7386	-6727	6632	-223	-668	-270	149	-350	-209	292	-167	-1377	0	88
16608	5706	-6063	-6421	5368	-573	-1035	330	144	-351	-203	290	-64	-1203	0	88
16632	5665	-5312	-6247	4659	-440	-1046	-200	141	-351	-198	289	19	-1084	0	88
16650	5590	-4738	-6072	4116	-402	-1376	-100	136	-350	-197	284	74	-1019	0	88
16692	3478	5563	-3060	-5556	-318	-1189	2100	132	-330	-192	265	282	-32	0	88
16719	3830	5279	-3446	-5293	-217	-547	280	132	-302	-182	233	311	-36	0	88
16782	4264	5604	-3909	-5750	-295	-1023	90	140	-236	-162	175	430	-62	0	88
16800	4706	5570	-4354	-5774	76	-697	760	144	-218	-157	158	518	-81	0	88
16824	4865	5670	-4540	-5926	-123	-723	-570	152	-192	-149	136	549	-79	0	88
16866	5576	5577	-5251	-5952	193	-237	10	150	-155	-137	108	665	-112	0	88
16884	5711	5598	-5374	-6021	203	-386	740	142	-127	-129	88	694	-124	0	88
16911	5894	5763	-5537	-6230	-31	-471	-760	138	-106	-122	69	725	-119	0	88
16929	6147	5622	-5775	-6110	125	-138	520	134	-96	-121	61	754	-130	0	88
16962	6551	5890	-6124	-6474	114	-155	640	131	-62	-115	39	846	-124	0	88
16992	6913	6168	-6448	-6836	167	-222	-780	129	-37	-109	20	937	-122	0	88
17016	7007	6251	-6518	-6935	232	-139	-1240	128	-17	-106	3	970	-102	0	88
17052	7466	6446	-6924	-7191	250	-29	40	129	6	-105	-19	1060	-108	0	88
17076	7757	6609	-7172	-7404	229	42	50	131	23	-107	-33	1120	-105	0	88
17100	7898	6903	-7262	-7704	293	-193	-490	131	36	-109	-54	1182	-97	0	88
17124	8085	6870	-7453	-7674	357	34	-100	137	45	-109	-68	1212	-99	0	88
17169	8309	7307	-7596	-8152	433	-234	950	142	60	-116	-82	1304	-85	0	88
17202	8669	7477	-7905	-8363	658	-47	530	151	73	-126	-98	1394	-83	0	88
17223	8856	7631	-8073	-8542	449	29	-340	159	78	-130	-105	1424	-76	0	88
17247	9109	7858	-8299	-8805	338	-138	-500	171	86	-140	-120	1483	-93	0	88
17271	9408	7827	-8602	-8807	544	38	1020	184	94	-147	-131	1542	-119	0	88
17295	9618	8007	-8808	-9045	515	-115	-410	201	105	-159	-143	1601	-137	0	88
17331	9844	8017	-9046	-9083	664	-7	-1280	225	123	-175	-168	1660	-154	0	88
17397	10575	8135	-9769	-9255	798	30	920	258	151	-195	-221	1804	-225	0	88
17415	10613	8488	-9747	-9636	937	-97	-830	269	162	-208	-228	1868	-190	0	88
17439	10673	8597	-9796	-9749	899	-150	-140	288	175	-222	-245	1898	-188	0	88
17469	10990	8828	-10081	-10013	618	-63	380	315	185	-242	-262	1958	-192	0	88
17505	10874	9239	-9958	-10392	1090	-185	-590	364	204	-269	-293	2054	-138	0	88
17529	11101	9230	-10221	-10363	897	-84	680	390	214	-278	-323	2083	-163	0	88
17547	11226	9391	-10326	-10550	705	-145	-40	404	224	-290	-335	2113	-163	0	88
17571	11197	9828	-10257	-10994	1090	-94	-370	441	239	-311	-347	2207	-96	0	88
17601	11191	10071	-10244	-11233	1254	-212	-150	478	253	-336	-368	2268	-80	0	88
17619	11230	9815	-10342	-10974	1728	-164	1480	501	266	-350	-388	2296	-121	0	88
17640	11449	9908	-10572	-11094	1374	-241	-40	525	276	-367	-410	2324	-149	0	88
17658	11453	9856	-10573	-10999	1328	-104	-210	539	285	-380	-432	2325	-144	0	88
17694	11322	9640	-10522	-10758	1463	-227	-380	579	307	-406	-468	2323	-179	0	88
17715	11688	9000	-10993	-10168	1412	-99	1440	596	317	-421	-489	2309	-311	0	88
17739	11557	8947	-10876	-10102	1606	-221	70	603	323	-430	-498	2308	-316	0	88
17763	11432	9010	-10714	-10115	1569	-376	-270	621	335	-456	-524	2310	-308	0	88
17787	11410	8817	-10718	-9922	1801	-311	-410	624	341	-460	-530	2307	-326	0	88
17817	11036	9022	-10309	-10089	2016	-371	-1650	654	352	-490	-537	2316	-261	0	88
17841	11139	8906	-10434	-10029	1801	-298	-410	678	356	-511	-532	2312	-293	0	88
17865	11186	8828	-10477	-9984	1708	-250	290	690	362	-527	-531	2310	-309	0	88
17889	11230	8643	-10522	-9814	1792	-342	920	688	371	-535	-540	2305	-347	0	88
17907	11535	8585	-10797	-9813	1294	-194	530	684	378	-541	-543	2301	-374	0	88
17949	10151	8068	-9479	-9141	2019	-494	-1750	690	387	-562	-538	2129	-306	0	88
18003	9610	7652	-8943	-8641	2025	-435	260	677	401	-564	-543	2011	-280	0	88
18024	8964	7372	-8445	-8389	1840	-304	60	675	405	-566	-546	1898	-221	163	88
18048	8203	7002	-7787	-7994	2063	-360	-1480	666	411	-564	-542	1782	-178	234	88
18075	7572	6551	-7273	-7489	2185	-299	-1010	660	410	-560	-542	1663	-155	300	88
18093	7249	6574	-6986	-7534	1930	-548	-110	651	408	-554	-531	1605	-134	349	88
18114	6524	6003	-6414	-6940	2337	-411	220	645	410	-551	-527	1486	-108	444	88
18138	6692	6315	-6551	-7344	2018	-287	-530	633	411	-547	-521	1519	-63	519	88
18168	6936	6642	-6846	-7845	1850	-265	-830	615	411	-532	-517	1580	-33	675	88
18195	7016	6775	-7038	-8170	2134	-325	-750	603	409	-525	-511	1640	-23	867	88
18237	7747	6971	-7915	-8730	1496	-324	-50	589	408	-519	-507	1728	-80	1132	88
18255	7657	6987	-8133	-9105	1935	-283	-760	581	408	-514	-506	1789	-54	1551	88
18273	7880	7024	-8494	-9353	1664	-163	300	576	405	-512	-504	1818	-61	1766	88
18291	7643	7644	-8884	-10265	1842	-305	-1570	570	273	-383	-375	1850	-11	2099	88
18321	8152	7169	-9416	-10326	1478	-206	-20	564	394	-511	-506	1938	-71	2682	88
18372	8158	6939	-10068	-10817	1911	-492	1550	548	381	-522	-519	2025	-128	3561	88
18399	8568	6810	-10746	-11038	1696	-246	-70	543	377	-531	-535	2083	-170	3949	88
18435	9132	6526	-11480	-10982	1474	-420	2820	541	364	-549	-550	2127	-308	4177	88
18453	7879	5780	-10451	-10160	3584	-1060	3410	546	342	-583	-555	2062	-341	4360	88
18477	9017	5627	-11567	-10167	1865	-705	840	551	317	-621	-561	2063	-488	4422	88
18501	9415	4762	-12008	-9226	1876	-698	3060	552	282	-648	-565	2005	-689	4367	88
18519	9803	4274	-12200	-8688	1369	-786	4280	551	267	-669	-569	1951	-830	4277	88
18537	9756	3052	-12199	-7341	1993	-963	3280	549	242	-699	-577	1846	-1042	4191	88
18573	9766	-3727	-12199	-6119	1879	-1369	6200	551	183	-759	-562	1698	-1270	4014	88
18612	9687	-5756	-12198	-3656	1251	-1453	5810	555	103	-801	-548	1363	-1623	3671	88
18636	8873	-7470	-11492	4367	1177	-1910	7710	551	38	-822	-537	1013	-1862	3352	88
18660	8939	-7194	-11430	4150	1177	-1910	7710	532	-40	-840	-475	1013	-1862	3351	88
18690	8984	-6833	-11450	3790	1177	-1910	7710	520	-143	-834	-373	1013	-1862	3351	88
18720	9085	-6467	-11432	3400	1177	-1910	7710	491	-246	-840	-261	1013	-1862	3348	88
18738	9157	-6273	-11494	3156	1177	-1910	7710	470	-301	-823	-192	1013	-1862	3351	88
18777	-5849	-12194	3523	12194	-529	-1978	5930	421	-418	-776	-63	-1237	-1714	1773	88
18813	-9247	-11707	7439	12197	-781	-1647	6440	367	-518	-691	79	-1720	-1121	1205	88
18831	-9977	-10763	8402	11787	-1200	-1641	7130	254	-606	-561	228	-1855	-881	998	88
18858	-11383	-9279	10358	10916	-1231	-1275	6120	133	-684	-446	341	-2008	-426	654	88
18888	-11461	-7901	10752	9651	-1841	-1564	5650	44	-711	-354	402	-1981	-213	515	88
18918	-11184	-6213	10820	8116	-1799	-1046	2050	-118	-737	-157	471	-1868	120	337	88
18954	-10705	-3962	11020	6136	-2686	-823	3560	-273	-736	5	520	-1742	491	0	88
18984	-9972	3058	10502	4805	-2490	-485	2610	-380	-727	122	546	-1550	670	0	88
19011	-9649	3281	10208	4391	-1863	-267	2240	-446	-679	201	560	-1451	740	0	88
19029	-8961	3924	9761	3627	-2534	-314	1990	-483	-620	246	563	-1355	788	-173	88
19059	-7841	5358	9040	-3713	-2161	-206	1530	-519	-576	287	565	-1045	910	-345	88
19089	-6910	5306	8101	-3953	-1952	15	-520	-575	-456	364	501	-895	893	-355	88
19113	-6545	5329	7693	-4070	-1959	-32	-450	-582	-406	387	454	-826	875	-330	88
19149	-5541	4965	6463	-3963	-2068	45	-1050	-588	-327	415	347	-697	747	-153	88
19185	-4758	4839	5463	-4086	-1897	-1	-2050	-561	-281	417	281	-548	637	0	88
19209	-4075	4720	4746	-4084	-1934	117	-1090	-550	-256	416	254	-460	552	0	88
19227	-5532	4540	6021	-3802	-1329	-18	-2330	-531	-238	410	236	-593	700	150	88
19245	-6574	4661	7065	-3751	-1435	62	-1150	-514	-222	400	220	-709	863	187	88
19284	-5696	4569	6044	-3944	-1385	157	-920	-480	-196	382	195	-564	746	300	88
19326	6367	10532	-5021	-10851	-21227	637	-5840	-451	-177	363	165	-592	892	370	88
19350	-6216	4948	6513	-4324	-810	244	-880	-427	-159	348	153	-499	877	420	88
19428	-5252	5278	5606	-4833	-1121	489	-500	-365	-107	305	109	-317	828	393	88
19470	-5062	5534	5512	-5045	-809	616	410	-337	-81	286	81	-227	857	326	88
19500	-5135	5726	5630	-5216	-428	344	280	-320	-63	273	65	-174	868	286	88
19542	-4058	6150	4714	-5714	-921	648	-180	-300	-49	256	48	-22	823	188	88
19578	-3888	6273	4721	-5695	-333	691	1100	-285	-39	242	39	48	821	0	88
19596	-3735	6491	4592	-5949	-511	506	520	-278	-27	237	26	87	818	0	88
19620	-3420	6561	4311	-6075	-183	596	1180	-265	-7	223	8	174	802	0	88
19650	-2994	6706	3905	-6289	-213	695	650	-256	3	218	-3	250	781	0	88
19674	3086	6825	3647	-6458	-422	659	770	-241	22	205	-24	298	762	0	88
19698	3717	6675	3045	-6311	-175	614	760	-212	38	197	-39	388	648	-165	88
19716	4121	6763	-3149	-6461	-408	656	930	-193	49	190	-46	441	610	-200	88
19743	4083	6724	-3171	-6488	-59	425	-500	-169	61	175	-51	478	580	-193	88
19761	4483	6343	-3623	-6186	-305	702	210	-151	70	161	-55	479	497	-207	88
19797	4468	6306	-3686	-6244	11	352	-580	-116	80	131	-63	525	445	-168	88
19821	4673	6227	-3890	-6187	37	406	440	-95	85	111	-71	555	406	-181	88
19839	4683	6186	-3917	-6162	108	366	-300	-79	88	95	-77	567	389	-176	88
19863	4748	6154	-3964	-6128	140	326	360	-68	93	81	-84	580	368	-191	88
19899	4716	6071	-3905	-6024	411	178	490	-52	99	55	-95	597	339	-213	88
19920	3356	-3541	-3200	3721	134	254	620	-44	100	41	-101	-7	-58	-243	88
19950	3480	-3900	-3372	4065	172	195	-150	-24	93	20	-98	-22	-148	-281	88
19971	3472	-4060	-3374	4252	333	209	1090	-14	88	13	-93	-30	-177	-317	88
19995	3536	-4149	-3476	4297	239	204	-220	-5	82	6	-84	-34	-207	-313	88
20025	3618	-4452	-3661	4532	298	18	-80	7	68	-2	-70	-48	-296	-299	88
20061	3829	-4571	-3913	4592	0	0	0	15	52	-9	-53	-57	-355	-297	88
20085	3923	-4844	-4085	4806	138	-16	-930	18	45	-13	-47	-62	-415	-272	88
20115	4103	-5149	-4309	5068	71	-86	760	23	29	-22	-29	-81	-503	-285	88
20139	4290	-5380	-4576	5221	-7	-44	-390	28	22	-25	-22	-84	-563	-258	88
20163	4344	-5482	-4642	5312	-3	-52	140	31	13	-30	-13	-90	-593	-263	88
20181	4221	-5500	-4526	5348	60	-404	1420	34	9	-33	-9	-103	-621	-285	88
20211	4421	-5801	-4812	5572	92	-247	-350	38	1	-36	-1	-105	-681	-258	88
20229	4614	-5925	-5048	5644	-23	-78	-620	42	-6	-37	6	-102	-712	-238	88
20247	4696	-6143	-5195	5819	57	-197	-840	43	-14	-40	10	-107	-773	-218	88
20271	4894	-6326	-5453	5928	-74	-253	-1210	44	-16	-41	12	-108	-834	-195	88
20313	5158	-6735	-5787	6268	-33	-134	30	46	-26	-47	23	-116	-923	-181	88
20337	5278	-6962	-5979	6448	34	-186	-320	49	-33	-48	27	-118	-983	-165	88
20355	5516	-7241	-6270	6663	-43	-44	-300	51	-35	-50	32	-123	-1043	-157	88
20373	5454	-7262	-6253	6653	40	-347	-340	54	-38	-51	35	-122	-1074	-142	88
20397	5506	-7468	-6333	6860	155	-222	170	57	-44	-54	39	-131	-1103	-146	88
20427	5677	-7714	-6669	6920	86	-226	-820	59	-49	-57	45	-126	-1165	0	88
20457	6066	-7919	-7105	7043	-33	-287	-660	61	-56	-60	50	-106	-1257	0	88
20484	6232	-8083	-7313	7154	-12	-371	-620	66	-62	-65	57	-99	-1318	0	88
20502	6282	-8267	-7389	7327	-3	-296	510	71	-63	-70	59	-111	-1347	0	88
20520	6393	-8313	-7505	7345	-18	-345	-470	73	-69	-77	63	-103	-1378	0	88
20541	6582	-8547	-7738	7528	130	-324	-390	78	-73	-83	68	-91	-1440	0	88
20559	6759	-8559	-7909	7517	-61	-332	-310	83	-78	-92	69	-83	-1470	0	88
20583	7037	-8746	-8195	7660	-117	-256	-90	83	-86	-101	74	-74	-1531	0	88
20607	6876	-8908	-8046	7854	68	-440	920	82	-96	-109	79	-101	-1559	0	88
20652	7176	-9368	-8415	8269	-17	-437	530	82	-116	-119	88	-124	-1678	0	88
20676	7207	-9407	-8456	8293	-45	-576	130	81	-128	-123	98	-130	-1709	0	88
20706	7186	-9930	-8511	8842	-85	-539	320	80	-150	-131	107	-200	-1792	0	88
20742	7050	-9969	-8371	8922	-116	-506	-170	80	-171	-138	122	-233	-1788	0	88
20766	6687	-10047	-8013	9070	-101	-666	390	80	-188	-145	134	-293	-1780	0	88
20790	6649	-9979	-7956	9016	-330	-704	920	80	-204	-150	148	-314	-1777	0	88
20820	6633	-10008	-7945	9066	-160	-587	90	79	-224	-151	163	-315	-1777	0	88
20844	6393	-9952	-7706	9063	-154	-816	1130	82	-240	-156	172	-343	-1772	0	88
20880	6054	-10012	-7242	9342	-315	-866	60	79	-258	-158	187	-431	-1752	-176	88
20907	5956	-10082	-7114	9471	-474	-749	380	74	-268	-157	197	-474	-1741	-209	88
20937	5607	-10270	-6787	9747	-69	-671	180	74	-291	-156	219	-522	-1728	-239	88
20967	5482	-10088	-6619	9595	-446	-955	460	67	-302	-154	231	-555	-1718	-260	88
21015	5254	-10185	-6419	9744	-369	-836	420	66	-325	-146	257	-601	-1702	-282	88
21033	5264	-10154	-6420	9715	-369	-836	420	63	-334	-146	265	-601	-1702	-281	88
21087	4977	-9934	-6100	9548	-351	-737	530	61	-352	-139	292	-625	-1630	-295	88
21129	5045	-9699	-6213	9204	-559	-1012	570	60	-363	-132	313	-603	-1638	-241	88
21168	5118	-9648	-6326	9086	-616	-1021	-640	59	-369	-126	325	-592	-1643	-212	88
21189	5089	-9672	-6290	9132	-604	-981	860	58	-372	-127	325	-599	-1640	-207	88
21213	5082	-9650	-6287	9100	-604	-981	860	60	-378	-128	334	-599	-1640	-207	88
21231	5260	-9641	-6511	8993	-529	-882	-580	67	-379	-133	340	-562	-1654	-158	88
21255	5221	-9615	-6456	8966	-547	-920	770	69	-383	-141	345	-565	-1652	-147	88
21297	5327	-9453	-6614	8624	-583	-1112	110	77	-388	-165	354	-518	-1667	0	88
21318	5536	-9376	-6781	8516	-640	-1020	560	81	-392	-177	359	-487	-1677	0	88
21348	5906	-9222	-7080	8282	-629	-931	-1000	85	-393	-196	365	-420	-1695	0	88
21372	6149	-9089	-7275	8097	-648	-882	-290	93	-395	-211	372	-373	-1706	0	88
21423	6496	-8793	-7615	7732	-541	-1028	-1170	89	-401	-198	378	-290	-1723	0	88
21444	6427	-8789	-7684	7624	-560	-1120	490	87	-406	-188	378	-288	-1723	147	88
21504	6855	-8477	-8123	7241	-568	-1193	650	82	-406	-170	370	-198	-1735	176	88
21537	7037	-8455	-8288	7230	-676	-1000	710	84	-408	-169	367	-183	-1736	161	88
21561	7157	-8262	-8409	6993	-558	-1146	360	86	-412	-170	368	-134	-1741	187	88
21591	7158	-8268	-8413	6987	-558	-1146	360	86	-410	-169	370	-134	-1741	186	88
21627	7182	-7889	-8348	6653	-676	-1104	490	92	-406	-176	359	-97	-1682	176	88
21645	7163	-7811	-8333	6570	-531	-1247	730	96	-402	-176	355	-76	-1683	175	88
21663	7156	-7821	-8315	6594	-531	-1247	730	98	-399	-181	348	-76	-1683	175	88
21690	6961	-7452	-8046	6276	-551	-1445	1200	97	-399	-182	348	-64	-1623	164	88
21714	7432	-7279	-8506	6027	-546	-1092	-520	103	-403	-183	349	17	-1624	184	88
21744	7371	-7339	-8426	6143	-430	-1047	1330	109	-403	-186	347	10	-1623	149	88
21765	7546	-6936	-8530	5706	-338	-856	50	113	-393	-189	341	88	-1561	165	88
21789	7263	-6230	-8113	5097	-476	-1050	1030	115	-390	-189	335	117	-1437	150	88
21810	7394	-6191	-8251	5023	-332	-911	-140	120	-387	-192	332	154	-1434	165	88
21834	7227	-5781	-8059	4616	-178	-1098	-810	126	-377	-194	318	200	-1367	207	88
21864	7059	-5135	-7749	4062	-337	-1030	690	133	-366	-195	308	237	-1237	180	88
21882	6812	-4791	-7473	3738	-124	-1198	-390	135	-362	-195	304	264	-1170	203	88
21903	6248	-3245	-6650	-3483	-224	-1984	1850	140	-355	-201	296	357	-946	204	88
21933	6228	3043	-6514	-3883	-159	-1220	940	150	-340	-206	271	418	-783	229	88
21963	5898	3837	-6013	-4537	-59	-1063	230	152	-313	-211	228	479	-589	255	88
21984	5355	4741	-5282	-5298	-200	-1169	1330	151	-287	-206	207	500	-379	238	88
22002	5104	4857	-4979	-5336	-200	-844	260	152	-264	-206	184	486	-283	238	88
22038	4968	4642	-4841	-5068	-207	-646	900	156	-230	-203	155	454	-261	203	88
22056	4824	4714	-4721	-5189	70	-1180	260	156	-204	-200	139	479	-275	206	88
22089	5434	4594	-5341	-5177	60	-866	-840	158	-176	-196	116	554	-325	200	88
22113	5877	4429	-5780	-5061	79	-558	560	162	-155	-194	99	600	-365	175	88
22143	6112	4486	-6033	-5187	51	-839	760	165	-131	-186	82	646	-405	156	88
22179	6640	4362	-6638	-5236	198	-483	-420	172	-94	-178	59	733	-437	206	88
22209	7141	4495	-7173	-5533	121	-405	-100	177	-74	-173	50	821	-464	256	88
22233	7139	4466	-7183	-5488	121	-405	-100	178	-66	-170	37	821	-464	256	88
22263	7523	4661	-7619	-5846	219	-367	-1370	184	-45	-168	20	920	-471	345	88
22293	7759	4705	-7880	-5985	404	-289	-1090	187	-19	-168	-2	986	-474	400	88
22329	8332	4791	-8428	-6173	249	-146	-150	191	5	-171	-25	1069	-508	415	88
22347	8213	4908	-8353	-6350	669	-276	-2500	195	14	-175	-33	1113	-485	481	88
22371	8671	5152	-8774	-6669	211	-257	90	201	26	-177	-46	1171	-501	499	88
22395	8798	5246	-8906	-6813	543	-278	-250	210	34	-188	-57	1235	-505	537	88
22419	9076	5317	-9181	-6945	618	-270	-430	214	42	-191	-65	1291	-527	548	88
22455	9142	5453	-9241	-7124	556	-262	-1080	233	59	-211	-85	1328	-513	587	88
22485	9581	5596	-9687	-7324	530	-212	-940	253	66	-221	-103	1412	-548	596	88
22503	9848	5621	-9928	-7367	680	-249	-200	258	69	-230	-113	1463	-583	586	88
22530	10029	5553	-10083	-7296	727	-148	420	264	75	-242	-126	1487	-605	578	88
22560	10348	5645	-10378	-7445	969	-318	-780	273	78	-258	-135	1564	-653	576	88
22620	11095	5627	-11065	-7464	582	-312	1050	313	86	-301	-162	1646	-766	516	88
22647	11226	5664	-11223	-7522	816	-322	-250	342	85	-325	-174	1700	-791	530	88
22665	11393	5644	-11389	-7515	676	-464	1190	353	86	-332	-176	1712	-836	500	88
22683	11312	5488	-11324	-7328	1034	-659	1180	378	85	-359	-184	1723	-882	473	88
22713	11851	5280	-11869	-7163	739	-601	970	422	83	-400	-194	1763	-998	414	88
22737	12180	5085	-12206	-7020	671	-401	480	459	84	-439	-198	1794	-1065	394	88
22755	9583	4870	-9786	-6508	4163	-3103	4230	480	83	-458	-200	1725	-1062	371	88
22779	11875	4819	-11964	-6695	901	-614	370	507	80	-483	-207	1764	-1113	373	88
22797	11752	4718	-11861	-6569	1228	-925	1170	529	78	-505	-212	1772	-1156	352	88
22815	12034	4547	-12160	-6449	1225	-876	600	552	76	-531	-213	1799	-1225	338	88
22839	12158	4274	-12201	-6172	1035	-898	1940	586	77	-578	-216	1783	-1301	288	88
22875	12226	3837	-12201	-5762	1331	-1171	1440	649	69	-601	-220	1792	-1437	242	88
22899	12204	3848	-12204	-5800	1197	-1111	170	626	66	-643	-220	1812	-1460	250	88
22917	12205	3415	-12205	-5388	1205	-964	610	608	61	-665	-219	1807	-1560	219	88
22935	12205	3257	-12205	-5230	1446	-1386	670	627	50	-697	-220	1814	-1642	207	88
22965	12204	-3241	-12204	-4390	1303	-1390	2170	681	41	-735	-224	1748	-1798	0	88
23028	12201	-4708	-12201	2900	1564	-1802	1480	771	3	-793	-228	1602	-2082	0	88
23058	12200	-5230	-12200	3384	1255	-1546	120	804	-21	-828	-197	1514	-2148	0	88
23082	12199	-5979	-12199	4116	1261	-1400	1560	838	-45	-853	-160	1392	-2228	0	88
23106	11367	-6063	-12227	4243	1836	-2668	1140	852	-60	-868	-142	1318	-2272	0	88
23154	11556	-7009	-12194	5129	1216	-1441	0	888	-94	-870	-96	1189	-2342	0	88
23175	10838	-6948	-12157	5127	1467	-2004	970	895	-109	-815	-76	1122	-2310	0	88
23199	10939	-6901	-12190	5039	1319	-1864	-1150	894	-125	-820	-53	1122	-2309	0	88
23223	10811	-6856	-12114	4981	1524	-2091	-260	887	-128	-815	-41	1123	-2309	0	88
23259	11308	-6514	-12187	4389	1076	-1619	-1210	884	-129	-814	-23	1202	-2269	168	88
23319	11147	-6238	-12183	3877	1799	-1784	-510	879	-132	-834	3	1285	-2223	391	88
23343	11450	-5991	-12182	3487	1294	-1623	-1160	872	-135	-801	9	1318	-2203	496	88
23379	11682	-4911	-12179	-3709	1963	-1505	-2110	868	-123	-834	9	1550	-2047	828	88
23403	11969	-3991	-12178	-4791	1652	-1398	-4010	875	-122	-881	-4	1686	-1935	1040	88
23421	12177	-3232	-12177	-5638	1127	-1267	-2360	876	-111	-885	-28	1787	-1842	1178	88
23445	12177	3487	-12177	-6715	1900	-824	-3800	891	-84	-912	-60	1977	-1637	1459	88
23475	11803	3455	-12177	-6644	2018	-1750	970	900	-45	-918	-106	1952	-1668	1477	88
23493	11980	3199	-12176	-6420	1712	-1423	500	908	-19	-924	-135	1938	-1684	1499	88
23523	12043	3224	-12175	-6492	1699	-1170	-1100	915	13	-939	-173	1969	-1647	1579	88
23559	12028	3143	-12174	-6376	1699	-1170	-1100	919	36	-949	-206	1969	-1647	1579	88
23595	12009	3049	-12173	-6252	1699	-1170	-1100	924	63	-963	-241	1969	-1647	1579	88
23727	9157	-5244	-11010	-3523	1773	-1746	2260	922	25	-1011	-265	1364	-1735	1989	88
23751	8260	-5033	-10065	-3502	1885	-2357	1300	898	-26	-1010	-246	1253	-1668	1997	88
23790	7049	-5909	-8894	3543	1591	-2338	1660	867	-92	-997	-200	927	-1664	1885	88
23820	5660	-6777	-7514	4882	1204	-2251	2840	843	-149	-980	-165	571	-1628	1710	88
23838	5117	-6809	-6950	5145	1176	-2468	2940	824	-189	-965	-154	467	-1598	1659	88
23856	4595	-7198	-6376	5792	1022	-2273	4400	811	-207	-960	-152	319	-1573	1555	88
23880	4271	-7288	-5995	6122	647	-2037	3460	776	-263	-929	-118	190	-1534	1460	88
23907	3179	-6963	-4828	5966	728	-2680	2810	726	-326	-890	-30	39	-1424	1387	88
23925	-3493	-6990	-3818	6286	530	-2453	3220	691	-362	-866	15	-139	-1297	1253	88
23952	-4556	-6177	3394	5745	336	-3671	3640	588	-414	-827	81	-276	-1151	1132	88
23982	-4663	-6110	3786	5942	2	-2536	3150	494	-457	-770	131	-391	-988	1005	88
24009	-4871	-5723	4203	5841	-274	-1804	2730	397	-506	-666	190	-485	-807	833	88
24027	-5577	-4676	5119	5046	-627	-2472	4440	344	-532	-596	228	-539	-619	685	88
24060	-5524	-3934	5192	4435	-764	-1963	2750	257	-578	-469	303	-540	-444	535	88
24087	-5403	-3333	5156	3866	-1015	-2019	3050	187	-605	-379	351	-529	-358	462	88
24123	-5046	3684	5160	-3079	-1225	-1577	2440	103	-612	-284	412	-434	-140	262	88
24153	-4347	4719	4750	-4195	-1482	-1392	1630	40	-560	-218	404	-273	0	163	88
24195	-3398	5107	3889	-4800	-1223	-1117	-860	-17	-486	-161	355	-83	30	198	88
24225	3249	5055	2989	-4959	-1271	-1079	-830	-62	-415	-112	287	33	-23	290	88
24255	-4102	4589	4294	-4451	-647	-954	-2840	-58	-372	-88	277	-141	140	422	88
24285	-6108	4870	6235	-4498	-651	-724	-1920	-48	-333	-70	260	-348	484	535	88
24315	-6966	5552	7170	-5123	-517	-913	-1000	-56	-289	-55	240	-359	705	599	88
24342	-6599	5531	6843	-5185	-418	-427	170	-68	-252	-48	216	-298	731	635	88
24420	-6337	5444	6431	-5342	-309	-304	-1260	-86	-160	-12	144	-222	755	803	88
24447	-6097	5375	6216	-5243	-119	54	780	-79	-127	-3	112	-177	767	755	88
24468	-6039	5435	6160	-5318	-198	56	-10	-77	-124	-3	110	-167	769	754	88
24489	-6110	5336	6198	-5183	3	-1	640	-71	-94	6	76	-159	771	735	88
24507	-6002	5338	6075	-5212	-158	107	-450	-71	-87	10	69	-153	773	746	88
24537	-5854	5245	5931	-5089	-129	312	450	-68	-58	21	39	-136	776	705	88
24561	-5939	5260	5982	-5123	-114	120	-1160	-68	-44	28	28	-136	776	708	88
24585	-5831	5398	5931	-5220	-123	46	260	-66	-31	34	16	-109	781	645	88
24603	-5770	5367	5864	-5196	-127	120	10	-66	-22	37	7	-101	781	644	88
24627	-5737	5312	5830	-5143	9	189	160	-69	-12	43	1	-92	782	633	88
24651	-5740	5280	5819	-5125	9	189	160	-68	-3	46	-4	-92	782	633	88
24669	-5655	5259	5751	-5093	76	306	-150	-69	4	51	-8	-80	784	601	88
24699	-5572	5371	5673	-5232	-102	208	-720	-71	12	56	-14	-67	785	602	88
24732	-5550	5374	5688	-5208	64	177	470	-74	22	59	-21	-53	786	566	88
24816	-5246	5591	5482	-5369	29	204	1410	-75	33	68	-36	0	788	474	88
24852	-4965	5763	5272	-5549	1	254	860	-79	37	71	-37	48	787	427	88
24870	-4910	5728	5233	-5509	30	343	250	-82	40	71	-40	52	787	416	88
24888	-4836	5884	5162	-5694	-165	196	-270	-79	42	71	-42	68	785	422	88
24918	-4804	5827	5151	-5616	13	278	0	-78	49	70	-48	79	784	395	88
24936	-4636	5891	5015	-5667	-53	373	830	-76	50	71	-51	100	781	369	88
24966	3306	-3403	-3609	3060	47	435	-850	-72	55	70	-53	23	-16	359	88
24984	3331	-3239	-3601	-2910	67	62	330	-72	56	66	-55	47	-34	348	88
25002	3626	-3238	-3880	-2941	-127	293	240	-64	54	59	-54	71	-52	337	88
25020	3904	-3291	-4149	-2917	102	384	210	-59	54	52	-57	120	-89	325	88
25041	3982	-3139	-4213	-3094	14	133	-90	-53	52	44	-58	144	-106	326	88
25071	4543	-3130	-4693	-3088	22	283	1700	-46	43	35	-58	209	-170	244	88
25095	4516	-3107	-4687	-3086	22	283	1700	-38	36	34	-59	209	-170	244	88
25113	4736	-3066	-4889	-3138	160	119	230	-35	32	31	-60	251	-213	203	88
25137	5094	-3006	-5146	-3172	45	84	230	-31	22	11	-61	288	-262	139	88
25161	5359	-2972	-5285	-3124	58	-126	2550	-25	16	-2	-59	315	-321	0	88
25179	5585	-3096	-5510	-3022	50	99	1090	-22	11	-11	-59	329	-348	0	88
25209	5810	-3166	-5735	-3015	92	-22	950	-19	6	-23	-52	355	-406	0	88
25239	6073	-3197	-5977	-3055	111	-123	850	-19	5	-35	-47	389	-456	0	88
25263	6668	-3382	-6436	2992	1	56	1610	-14	4	-45	-44	420	-547	-191	88
25287	6787	-3400	-6590	2980	2	56	1610	-3	1	-47	-42	438	-571	-191	88
25305	6660	-3440	-6503	3015	406	-228	2150	7	-2	-51	-37	453	-597	-199	88
25329	7128	-3429	-6996	-2906	63	-84	-1020	10	-4	-52	-34	492	-643	-186	88
25350	7345	-3701	-7215	3192	235	-50	1140	19	-3	-55	-36	500	-712	-262	88
25380	7538	-3622	-7411	3053	-56	-125	190	27	-5	-61	-30	516	-738	-266	88
25422	7988	-3785	-7911	3111	155	-258	-350	36	-10	-68	-25	577	-842	-275	88
25527	9119	-4124	-9153	3209	10	-188	360	78	-17	-94	-15	693	-1054	-295	88
25551	9109	-4180	-9188	3239	210	-300	-650	92	-17	-101	-15	709	-1080	-295	88
25587	9552	-4355	-9684	3303	158	-153	480	115	-17	-116	-9	754	-1158	-292	88
25617	9779	-4255	-9935	3108	181	-246	-340	135	-21	-138	-7	809	-1193	-249	88
25644	10057	-4194	-10255	2926	307	-521	-20	153	-23	-155	-3	876	-1258	-214	88
25665	10207	-4218	-10427	2909	319	-426	-430	166	-25	-166	-3	900	-1277	-197	88
25683	10374	-4291	-10607	2953	269	-292	50	181	-26	-179	-3	916	-1303	-196	88
25713	10505	-4435	-10755	3055	365	-378	-510	203	-30	-206	0	934	-1363	-206	88
25731	10769	-4474	-11036	3010	412	-399	310	211	-29	-216	3	974	-1408	-187	88
25749	10758	-4370	-11048	-2926	404	-642	-170	234	-33	-236	4	996	-1430	-173	88
25785	10894	-4449	-11204	-2904	430	-779	150	260	-35	-266	5	1021	-1487	-167	88
25809	10627	-4521	-10959	2970	807	-911	-80	281	-37	-292	8	1019	-1488	-148	88
25833	10670	-4504	-11007	2936	609	-771	-110	302	-40	-312	9	1020	-1487	-134	88
25905	10079	-5030	-10420	3619	753	-1069	-50	355	-56	-385	7	911	-1556	-206	88
25935	9946	-5552	-10336	4216	757	-781	2060	373	-58	-400	4	839	-1597	-243	88
25953	9748	-5275	-10147	3919	722	-1226	-640	391	-65	-422	3	854	-1588	-207	88
25983	9724	-5717	-10156	4433	684	-806	850	407	-70	-435	0	799	-1617	-240	88
26013	9514	-5725	-9998	4449	864	-1027	1990	416	-75	-443	-5	793	-1621	-190	88
26049	9358	-5739	-10015	4306	830	-1117	810	430	-82	-454	-1	792	-1621	0	88
26067	9537	-5863	-10103	4550	558	-800	640	434	-86	-455	-1	766	-1634	-139	88
26091	8661	-5497	-9339	4154	1388	-1654	-2430	441	-90	-460	1	778	-1561	0	88
26109	8960	-5554	-9618	4182	968	-1212	-190	445	-90	-462	6	775	-1562	0	88
26133	9129	-5435	-9749	4038	769	-1042	-1020	453	-89	-473	6	798	-1551	0	88
26151	7691	-5358	-8372	4127	2174	-2511	370	457	-90	-479	5	738	-1514	0	88
26193	8706	-5504	-9304	4179	840	-1055	-80	460	-85	-488	4	745	-1510	0	88
26226	8645	-5459	-9380	3927	972	-1071	-910	463	-80	-497	7	777	-1494	209	88
26244	8564	-5496	-9286	3976	844	-1207	740	465	-82	-505	10	752	-1506	205	88
26262	8686	-5567	-9442	3975	739	-968	-50	463	-80	-507	11	757	-1505	265	88
26283	8580	-5417	-9410	3746	894	-1177	-1140	466	-79	-505	10	784	-1491	353	88
26307	8598	-5443	-9431	3800	729	-1203	610	460	-85	-498	9	765	-1500	353	88
26337	8497	-5757	-9377	4161	736	-1111	940	456	-91	-494	7	713	-1526	347	88
26367	8515	-5631	-9442	3976	736	-1175	920	450	-100	-489	10	732	-1517	433	88
26403	8338	-6081	-9340	4476	678	-1078	-140	444	-110	-484	13	649	-1554	423	88
26427	8276	-6169	-9312	4548	762	-1066	-20	442	-114	-481	20	637	-1559	441	88
26517	6898	-6443	-8011	5063	727	-1199	450	429	-142	-473	36	412	-1446	485	88
26559	6098	-6254	-7234	4970	560	-1513	50	422	-148	-464	42	316	-1347	528	88
26589	5746	-6649	-6958	5426	484	-991	740	416	-153	-454	47	216	-1305	567	88
26613	4979	-6438	-6204	5312	557	-1165	-430	410	-160	-448	52	145	-1193	617	88
26649	4682	-6549	-5945	5443	412	-857	-110	399	-170	-435	70	75	-1139	657	88
26673	3235	-6438	-4521	5554	740	-1053	400	394	-171	-428	70	-74	-954	709	88
26703	-3602	-6270	-3474	5549	614	-1230	-670	381	-169	-414	72	-204	-807	726	88
26733	-3755	-6210	-3168	5589	392	-908	330	333	-170	-402	72	-261	-723	732	88
26757	-4717	-5825	3687	5372	494	-971	-1020	305	-173	-396	69	-345	-536	797	88
26775	-5202	-5414	4335	5141	476	-1147	1450	267	-179	-378	68	-389	-417	774	88
26811	-4413	3814	4166	-4034	172	-1204	-290	212	-192	-320	73	25	13	768	88
26877	-2982	4578	3105	-4727	-98	-825	1590	123	-177	-221	75	205	31	474	88
26919	3163	4769	-2979	-5047	-71	-900	-110	76	-150	-185	74	263	42	484	88
26949	3555	4765	-3374	-5121	19	-438	-800	64	-131	-167	63	322	56	508	88
26979	3930	4915	-3768	-5332	-117	-218	10	69	-111	-146	51	383	63	494	88
27021	4294	5377	-4132	-5848	-10	-245	-370	84	-91	-126	35	500	88	466	88
27051	4501	5510	-4364	-6013	98	-171	-850	95	-73	-115	19	560	94	453	88
27105	5214	5854	-5004	-6340	20	-107	2030	114	-52	-96	-4	684	64	314	88
27129	5458	5859	-5238	-6335	15	51	970	113	-44	-87	-18	715	55	283	88
27147	5702	6049	-5430	-6524	181	-12	460	106	-43	-81	-25	776	49	258	88
27171	6098	6269	-5725	-6750	95	-72	1520	96	-37	-78	-33	838	32	211	88
27189	6267	6279	-5865	-6793	177	19	70	87	-24	-75	-42	868	32	209	88
27207	6502	6222	-6048	-6733	303	162	1300	83	-14	-75	-49	898	15	169	88
27225	6597	6398	-6122	-6950	218	2	-290	80	-5	-75	-56	928	18	177	88
27243	7094	6489	-6436	-6960	254	63	2400	77	4	-76	-61	988	-20	0	88
27264	7396	6713	-6705	-7245	174	-74	1540	76	6	-77	-63	1048	-38	0	88
27282	7551	6696	-6855	-7278	234	48	40	78	22	-79	-72	1078	-41	0	88
27306	7785	6758	-7082	-7393	438	2	270	81	34	-80	-81	1137	-61	0	88
27324	7920	6835	-7180	-7500	438	2	270	82	43	-87	-87	1167	-63	0	88
27354	8334	7038	-7559	-7771	129	117	470	91	57	-91	-99	1227	-70	0	88
27378	8523	7192	-7739	-7959	266	-8	540	100	63	-96	-108	1287	-85	0	88
27402	8706	7386	-7903	-8204	322	-197	730	109	75	-102	-118	1346	-97	0	88
27426	8920	7258	-8137	-8111	470	151	170	116	83	-103	-123	1375	-106	0	88
27450	9362	7365	-8580	-8312	489	1	140	133	94	-116	-136	1460	-164	0	88
27492	9570	7517	-8770	-8487	526	9	-150	151	108	-129	-156	1520	-168	0	88
27522	9903	7732	-9075	-8760	636	-64	510	168	122	-141	-172	1608	-186	0	88
27543	9952	8012	-9089	-9024	437	-71	-1140	187	132	-155	-192	1643	-154	0	88
27573	9900	8300	-8983	-9311	775	-132	370	208	142	-174	-198	1706	-114	0	88
27648	10148	9272	-9126	-10278	837	-356	100	266	180	-206	-255	1889	-28	0	88
27696	9856	9104	-9056	-10201	995	45	790	323	195	-233	-277	1891	11	175	88
27720	9579	9270	-8833	-10375	928	-15	-1020	350	205	-247	-291	1890	60	227	88
27765	9767	8931	-8981	-9982	1024	-94	900	361	225	-268	-321	1891	-19	152	88
27795	9991	8772	-9100	-9724	963	-22	150	367	235	-278	-334	1890	-63	0	88
27837	10027	8323	-9187	-9291	1268	-80	770	383	256	-301	-360	1886	-138	0	88
27861	8537	7174	-7899	-7957	4504	-600	3000	388	263	-313	-363	1822	-175	0	88
27891	9838	7998	-9020	-8966	1085	-80	-1170	393	271	-323	-372	1824	-161	0	88
27912	9846	7969	-9017	-8959	1012	-71	130	403	280	-335	-374	1823	-165	0	88
27936	9617	7888	-8802	-8852	1445	-181	-370	409	286	-343	-380	1824	-159	0	88
27966	9794	7703	-8997	-8710	1298	-73	470	414	294	-349	-384	1820	-197	0	88
27990	9535	7472	-8792	-8467	1977	-214	890	420	297	-353	-383	1818	-215	0	88
28014	9853	7733	-9074	-8776	1006	-124	-40	432	295	-362	-383	1818	-213	0	88
28038	9705	7447	-9001	-8490	1450	-137	440	458	296	-381	-384	1815	-250	0	88
28056	9636	7544	-8964	-8599	1295	-186	-200	482	295	-392	-382	1816	-242	0	88
28080	9573	7477	-8906	-8516	1453	-32	-570	493	297	-402	-385	1817	-232	0	88
28101	9844	7068	-9244	-8172	1357	-63	240	491	299	-403	-387	1801	-330	0	88
28128	9806	7016	-9193	-8114	1492	-166	980	482	306	-401	-393	1800	-337	0	88
28167	9851	6985	-9240	-8098	1437	-53	-30	485	308	-404	-393	1800	-336	0	88
28233	9928	6347	-9376	-7502	1007	-104	0	482	311	-421	-395	1710	-446	0	88
28266	9709	6129	-9193	-7251	1654	-149	440	480	318	-419	-402	1709	-451	0	88
28290	9599	6404	-9075	-7873	1640	-380	-1400	353	322	-292	-275	1669	-364	0	88
28320	8830	6033	-8332	-7019	1894	-323	210	480	325	-419	-406	1606	-367	0	88
28368	8825	5953	-8493	-7101	1058	-109	750	476	324	-410	-404	1548	-352	197	88
28386	7265	6260	-6941	-7220	2694	-674	-1590	473	323	-412	-400	1511	-164	256	88
28419	7799	6460	-7462	-7557	1463	-288	-340	471	324	-412	-396	1511	-159	333	88
28437	7810	6499	-7481	-7643	1364	-259	-310	466	327	-412	-395	1512	-148	378	88
28485	6835	5900	-6759	-7035	1435	19	-920	454	323	-399	-396	1337	-77	589	88
28515	6083	5651	-6171	-6822	2123	-198	-860	447	322	-396	-392	1279	-38	748	88
28551	5740	5629	-6014	-6974	1289	-194	-1080	441	320	-392	-384	1189	6	993	88
28587	5760	5710	-6181	-7268	1682	-289	-1110	430	318	-390	-383	1249	12	1233	88
28605	6122	5855	-6569	-7537	1195	-237	1000	427	315	-388	-379	1279	-6	1318	88
28629	6093	5954	-6812	-7949	1459	-213	-460	423	309	-382	-375	1338	17	1677	88
28653	6444	5945	-7397	-8266	1318	-227	1190	417	302	-379	-373	1399	-28	1994	88
28683	6543	5991	-7870	-8772	1234	-165	290	413	297	-380	-374	1458	-23	2510	88
28701	6678	6040	-8334	-9255	1156	-132	-530	408	291	-385	-373	1519	-26	2986	88
28728	6540	5925	-8574	-9516	1765	-268	80	405	286	-384	-377	1579	-37	3451	88
28788	7460	5865	-9838	-9996	1200	-3	630	394	272	-400	-396	1694	-133	4013	88
28806	7586	5951	-9998	-10155	1093	-286	1030	391	269	-408	-407	1721	-166	4103	88
28842	8075	5600	-10640	-9957	1534	-458	1240	390	252	-426	-426	1793	-307	4272	88
28872	8659	4970	-11278	-9418	2081	-596	4800	394	229	-460	-423	1841	-507	4302	88
28890	9174	4900	-11748	-9403	1390	-627	2900	400	214	-486	-420	1845	-598	4280	88
28908	9498	4787	-12056	-9283	1173	-507	1680	410	194	-508	-421	1855	-659	4270	88
28935	9922	4025	-12186	-8467	1431	-752	370	408	163	-544	-424	1832	-872	4183	88
28953	10263	-3672	-12186	-6392	1352	-651	6010	409	150	-562	-426	1635	-1203	3921	88
28977	10270	-3508	-12186	-6341	1352	-651	6010	412	112	-627	-438	1636	-1202	3877	88
29004	9999	-5373	-12186	-4189	914	-1047	5630	428	59	-673	-424	1334	-1530	3613	88
29022	9667	-5813	-12103	-3573	1030	-1418	4370	424	18	-701	-409	1230	-1615	3521	88
29043	8870	-7922	-11449	4691	923	-1422	6110	425	13	-703	-408	860	-1838	3212	88
29073	7878	-9487	-10357	6866	526	-1114	6130	415	-115	-742	-327	442	-1981	2857	88
29097	5993	-10634	-8454	8617	403	-1885	8880	401	-188	-740	-268	0	-2030	2520	88
29115	6017	-10543	-8459	8508	403	-1885	8880	394	-214	-739	-237	0	-2030	2521	88
29133	6053	-10331	-8462	8291	403	-1885	8880	384	-274	-738	-175	0	-2030	2520	88
29160	6099	-9936	-8509	7838	403	-1885	8880	371	-387	-725	-47	0	-2030	2524	88
29184	6217	-9710	-8651	7583	403	-1885	8880	338	-452	-684	25	0	-2030	2524	88
29214	6443	-9505	-8940	7302	403	-1885	8880	276	-510	-600	105	0	-2030	2516	88
29247	-10376	-10540	9051	11957	-1017	-1151	6010	211	-558	-510	166	-1898	-700	783	88
29268	-11042	-9381	10078	10988	-1521	-1426	9360	123	-586	-424	261	-1973	-446	575	88
29304	-12185	-6868	12185	9208	-1475	-940	5600	-3	-606	-291	358	-2012	205	0	88
29346	-12186	-3709	12186	6513	-1597	-415	3060	-258	-619	38	416	-1840	839	-350	88
29364	-12099	-3719	12186	6485	-1597	-415	3060	-333	-617	133	423	-1840	839	-350	88
29388	-11795	3428	12185	5246	-1883	-375	1210	-418	-612	238	432	-1727	1050	-472	88
29412	-11310	4296	12185	4260	-1988	-96	2070	-506	-547	373	442	-1610	1222	-579	88
29430	-11000	4683	12044	3785	-2122	181	2230	-534	-507	417	445	-1545	1303	-634	88
29460	-9980	5897	11292	-3506	-1988	583	490	-603	-403	530	453	-1284	1481	-802	88
29490	-9102	5795	10317	-3751	-2070	730	-1480	-628	-314	584	419	-1161	1426	-775	88
29517	-8393	5860	9607	-3885	-2006	606	-550	-647	-269	608	352	-1045	1365	-748	88
29541	-7818	5638	8909	-3842	-2710	806	-2420	-649	-224	626	309	-1023	1304	-674	88
29577	-7810	4973	8640	-3313	-1824	432	-1400	-639	-195	618	257	-990	1176	-504	88
29613	-5113	5349	6073	-4034	-5935	2195	-3900	-637	-167	613	205	-903	1089	-428	88
29649	-6506	4081	6940	-2948	-1831	483	-2900	-613	-148	592	193	-851	894	-187	88
29667	-6307	3936	6677	2922	-1651	472	-1610	-602	-142	584	184	-815	844	-142	88
29727	-4981	3508	5155	2942	-1426	630	-1770	-547	-126	532	165	-624	610	0	88
29745	-4372	3667	4558	-3136	-1652	407	-1260	-534	-123	519	159	-535	528	0	88
29787	-3772	3527	3839	-3241	-1679	628	-2190	-508	-112	493	149	-445	448	135	88
29829	-5778	3738	5914	-3064	-1469	563	80	-468	-90	453	120	-644	725	144	88
29847	-5494	3840	5642	-3235	-1352	562	110	-458	-90	443	123	-582	699	149	88
29883	-4546	3933	4838	-3381	-1034	572	-50	-443	-78	423	113	-426	590	0	88
29907	-4293	3857	4572	-3345	-1034	572	-50	-427	-73	407	102	-391	541	0	88
29925	-4977	4063	5324	-3401	-839	709	-200	-422	-66	399	94	-441	677	0	88
29949	-4307	4164	4673	-3620	-842	671	730	-410	-57	387	83	-334	601	0	88
29970	-4863	4556	5311	-3886	-849	773	920	-406	-54	385	81	-364	743	0	88
30000	-4944	4513	5388	-3823	-849	773	920	-383	-42	363	63	-364	743	0	88
30021	-3957	4487	4395	-3985	-638	732	930	-378	-34	356	54	-215	609	0	88
30051	-3692	4373	4110	-3971	-626	712	50	-362	-13	340	43	-175	559	0	88
30084	3263	4289	3037	-3991	-740	753	870	-352	-4	334	40	-48	400	-148	88
30126	4556	-3100	-4298	3198	-462	689	600	-299	16	293	10	-5	-28	-281	88
30144	4613	-3273	-4402	3368	-567	828	-130	-270	18	272	1	-11	-58	-286	88
30177	4565	-3514	-4336	3612	-497	692	1000	-234	25	229	1	-24	-117	-345	88
30195	4465	-3759	-4229	3900	-152	718	1140	-216	28	207	-1	-32	-146	-394	88
30219	4492	-3870	-4264	4029	-376	516	100	-186	24	179	-4	-48	-204	-447	88
30240	4524	-4141	-4323	4303	-269	445	1290	-175	24	168	-3	-63	-262	-480	88
30264	4408	-4409	-4255	4593	-57	284	0	-147	20	140	-7	-79	-320	-507	88
30282	4577	-4440	-4400	4626	-468	337	1250	-134	18	127	-6	-91	-348	-539	88
30306	4424	-4802	-4322	4999	-45	233	-110	-113	15	108	-7	-108	-406	-557	88
30333	4330	-5007	-4286	5210	-18	26	100	-83	11	84	-8	-128	-462	-576	88
30369	4342	-5280	-4354	5454	0	0	0	-60	8	60	-6	-144	-520	-575	88
30387	4425	-5532	-4534	5627	23	-75	-140	-48	9	51	-8	-147	-582	-530	88
30405	4386	-5669	-4516	5745	61	-139	270	-35	10	37	-4	-158	-610	-538	88
30441	4505	-5986	-4683	5993	9	-42	250	-22	13	21	3	-173	-668	-537	88
30471	4638	-6332	-4907	6295	-12	-98	680	-10	-1	11	11	-192	-756	-525	88
30501	4730	-6596	-5061	6515	-25	-113	130	-4	-5	5	15	-207	-814	-519	88
30540	4961	-6990	-5378	6807	-8	-34	-370	5	-16	-11	28	-214	-905	-483	88
30576	5078	-7314	-5588	7075	22	-197	230	10	-28	-15	37	-230	-995	-468	88
30594	5270	-7376	-5799	7079	-163	-148	-540	11	-33	-20	42	-225	-1027	-448	88
30636	5463	-7682	-6113	7288	-114	-242	-430	20	-47	-24	54	-224	-1119	-407	88
30654	5554	-7772	-6249	7323	-99	-281	-700	22	-50	-25	59	-218	-1151	-385	88
30678	5673	-8054	-6422	7583	-55	-225	160	26	-59	-29	65	-231	-1210	-382	88
30696	5769	-8175	-6557	7663	-45	-196	-420	31	-62	-34	67	-227	-1241	-365	88
30720	5885	-8350	-6737	7776	-31	-344	40	34	-67	-37	72	-227	-1302	-341	88
30753	6291	-8598	-7204	7941	-247	-245	-460	39	-89	-49	83	-219	-1395	-307	88
30771	6177	-8813	-7125	8162	102	-340	190	40	-89	-52	84	-229	-1424	-309	88
30801	6295	-9045	-7246	8401	-133	-290	820	43	-105	-62	97	-265	-1479	-338	88
30822	6500	-9037	-7494	8316	-231	-320	-1180	47	-114	-67	102	-240	-1514	-300	88
30843	6462	-9333	-7507	8612	-152	-466	-270	47	-114	-67	102	-271	-1569	-314	88
30873	6517	-9552	-7606	8812	-50	-482	470	51	-141	-75	127	-288	-1628	-312	88
30891	6743	-9604	-7876	8789	-124	-380	-680	55	-153	-79	138	-269	-1661	-278	88
30921	6874	-9916	-8046	9063	-256	-407	250	58	-184	-91	171	-306	-1747	-289	88
30939	6834	-10047	-8046	9174	-97	-509	10	60	-191	-94	179	-313	-1777	-282	88
30957	6823	-10217	-8034	9384	-98	-442	670	62	-205	-102	186	-340	-1803	-300	88
30975	6754	-10214	-7951	9405	-249	-494	670	61	-205	-103	185	-361	-1799	-312	88
30993	6629	-10182	-7821	9412	-128	-581	250	65	-221	-111	193	-368	-1797	-313	88
31014	6568	-10106	-7761	9354	-163	-676	210	69	-234	-115	200	-373	-1796	-310	88
31044	6529	-10112	-7661	9400	-452	-597	1150	69	-243	-128	209	-407	-1789	-331	88
31062	6473	-10144	-7613	9430	-309	-596	90	70	-247	-132	213	-407	-1789	-326	88
31092	6328	-10092	-7468	9397	-199	-752	310	69	-263	-135	226	-417	-1787	-318	88
31110	6465	-9888	-7604	9153	-499	-830	-470	71	-277	-136	237	-401	-1790	-297	88
31128	6049	-10104	-7191	9490	-189	-848	1180	69	-285	-132	245	-465	-1775	-348	88
31152	6149	-10026	-7292	9411	-352	-773	480	69	-302	-133	253	-461	-1777	-332	88
31170	6072	-10028	-7212	9432	-302	-797	460	68	-311	-134	261	-471	-1774	-336	88
31191	5821	-9738	-6931	9165	-647	-1407	2190	68	-318	-135	270	-499	-1767	-348	88
31209	6109	-9942	-7258	9311	-574	-804	-420	68	-321	-133	275	-480	-1772	-324	88
31227	6080	-10014	-7229	9404	-415	-696	280	67	-329	-134	281	-484	-1771	-324	88
31245	5824	-9810	-6959	9227	-467	-1198	750	67	-340	-136	291	-501	-1767	-332	88
31275	5953	-9940	-7136	9318	-333	-825	-440	70	-351	-136	301	-489	-1770	-297	88
31293	5829	-9799	-6974	9222	-553	-1045	1130	68	-364	-137	312	-514	-1762	-317	88
31311	5819	-9793	-6977	9195	-553	-1045	1130	71	-367	-137	321	-515	-1763	-317	88
31335	5790	-9742	-6946	9138	-659	-1120	890	69	-371	-137	325	-522	-1761	-309	88
31356	5706	-9902	-6891	9307	-329	-972	-90	69	-373	-139	325	-525	-1759	-294	88
31377	5625	-9961	-6787	9420	-476	-867	80	66	-379	-139	328	-560	-1749	-318	88
31401	5837	-9794	-6993	9212	-781	-882	-520	64	-387	-137	332	-539	-1755	-298	88
31431	5655	-9905	-6826	9349	-546	-897	390	63	-387	-135	336	-559	-1750	-305	88
31449	5596	-9903	-6773	9351	-473	-960	260	62	-388	-134	337	-561	-1749	-302	88
31494	5561	-9754	-6748	9176	-647	-1156	970	62	-399	-133	349	-563	-1748	-279	88
31512	5454	-9887	-6652	9344	-515	-1016	920	63	-402	-132	353	-585	-1742	-296	88
31542	5599	-9803	-6793	9184	-730	-956	-140	60	-409	-130	374	-576	-1744	-288	88
31578	5281	-10022	-6456	9528	-503	-845	1950	57	-412	-129	373	-633	-1725	-332	88
31599	5355	-9716	-6539	9136	-743	-1293	160	55	-414	-130	375	-602	-1736	-287	88
31623	5510	-9810	-6724	9216	-616	-981	-280	57	-424	-129	379	-585	-1742	-266	88
31659	5468	-9904	-6707	9296	-599	-787	150	60	-430	-123	399	-603	-1735	-282	88
31680	5500	-9830	-6759	9195	-568	-908	-190	60	-431	-121	398	-586	-1741	-261	88
31698	5382	-9694	-6637	9059	-620	-1246	1450	61	-429	-121	397	-587	-1741	-255	88
31719	5499	-9734	-6767	9064	-660	-1082	10	65	-427	-125	396	-576	-1745	-242	88
31740	5681	-9522	-6967	8755	-775	-1309	110	67	-424	-126	395	-529	-1760	-191	88
31761	5997	-9711	-7444	8744	-464	-822	-380	70	-426	-127	395	-468	-1778	0	88
31785	6033	-9127	-7402	8163	-627	-1114	-900	74	-431	-129	396	-411	-1729	0	88
31803	6039	-9141	-7404	8180	-562	-1070	390	76	-435	-131	401	-408	-1730	0	88
31821	6225	-8939	-7561	7954	-646	-1170	-690	75	-444	-133	405	-371	-1739	0	88
31839	6225	-8918	-7550	7947	-646	-1170	-690	75	-450	-136	407	-371	-1739	0	88
31863	6285	-8944	-7599	7965	-584	-1100	60	74	-447	-137	406	-361	-1741	0	88
31887	6503	-8837	-7806	7826	-552	-1062	-760	75	-447	-136	404	-318	-1749	0	88
31905	6448	-8855	-7732	7874	-259	-1140	310	77	-443	-144	394	-302	-1752	0	88
31935	6371	-8449	-7576	7487	-704	-1237	1360	80	-441	-148	395	-301	-1691	0	88
31968	6642	-7974	-7737	7007	-545	-1126	0	81	-444	-156	391	-204	-1644	0	88
31986	6315	-7748	-7369	6845	-298	-1274	1720	85	-441	-159	389	-201	-1584	0	88
32016	6733	-7262	-7677	6341	-568	-979	-570	85	-439	-162	379	-115	-1531	0	88
32034	6570	-6911	-7454	6026	-470	-1139	410	85	-436	-161	377	-90	-1473	0	88
32061	6466	-6270	-7217	5426	-632	-1111	30	90	-422	-167	365	-41	-1354	0	88
32091	6246	-5631	-6865	4861	-313	-1184	390	93	-412	-172	353	27	-1233	0	88
32115	6335	-4979	-6811	4254	-441	-850	400	95	-405	-172	344	99	-1107	0	88
32133	6111	-4372	-6506	3677	-534	-1377	690	99	-399	-175	337	135	-1041	0	88
32151	5965	-3727	-6222	3100	-251	-1217	1760	102	-389	-176	329	209	-903	0	88
32175	5980	3465	-6043	-4075	-678	-1509	-1710	110	-378	-172	316	339	-722	0	88
32193	5891	3785	-5854	-4292	-484	-1233	1630	112	-364	-172	293	377	-626	0	88
32211	5355	4801	-5121	-5188	-399	-1450	1530	111	-337	-171	270	433	-411	0	88
32253	5849	4680	-5607	-5128	-273	-877	380	116	-275	-165	211	516	-401	0	88
32271	6098	4648	-5867	-5140	-557	-854	1070	122	-255	-165	191	533	-428	0	88
32295	6398	4508	-6209	-5064	-390	-683	350	132	-235	-165	173	581	-463	0	88
32313	6330	4390	-6203	-4961	-59	-921	1180	140	-217	-161	156	597	-491	0	88
32331	6770	4147	-6557	-4652	56	-629	990	143	-200	-161	139	628	-548	-151	88
32367	7242	3937	-7048	-4514	224	-492	960	147	-186	-161	128	684	-620	-179	88
32391	7621	3692	-7474	-4321	168	-287	680	160	-153	-158	96	718	-672	-206	88
32415	7863	3574	-7710	-4259	78	-198	280	155	-127	-155	78	736	-697	-214	88
32433	8188	3715	-8042	-4499	-131	-391	-560	154	-115	-153	68	787	-731	-192	88
32475	8432	3388	-8321	-4241	223	-241	1070	159	-82	-152	50	822	-781	-211	88
32493	8565	3479	-8475	-4394	183	-317	-870	162	-72	-154	38	856	-788	-177	88
32517	8872	3468	-8907	-4607	165	-192	-570	167	-55	-158	26	919	-808	0	88
32553	9158	3444	-9208	-4647	503	-376	-530	174	-36	-163	5	992	-861	0	88
32571	9287	3492	-9338	-4741	457	-437	-270	183	-26	-169	0	1019	-876	0	88
32595	9860	3464	-9897	-4815	321	-273	-130	193	-10	-180	-15	1091	-933	0	88
32619	10197	3593	-10210	-4993	232	-234	490	207	-2	-192	-26	1151	-954	0	88
32661	10294	3490	-10302	-4943	536	-240	-280	242	19	-233	-44	1200	-989	0	88
32691	10349	3833	-10367	-5303	589	-495	-970	292	23	-266	-59	1275	-991	0	88
32727	10577	4036	-10594	-5536	533	-558	-890	322	30	-285	-75	1340	-1005	0	88
32757	11067	3725	-11125	-5267	574	-392	180	336	35	-299	-96	1381	-1101	0	88
