0	7036	3483	-6959	-4228	0	0	-270	0	0	0	0	0	0	0	99
6	3067	3236	3145	2959	2	-6	350	0	0	0	0	0	0	0	99
46	3011	3647	3286	-3215	26	41	-90	0	0	0	0	0	0	0	99
112	2900	4238	3489	-3790	-42	0	-740	0	0	0	0	0	0	0	99
157	-3002	4640	3657	-4176	-18	-4	-390	0	0	0	0	0	0	0	99
177	-3063	4748	3735	-4272	42	10	-530	0	0	0	0	0	0	0	99
197	-3096	4814	3786	-4322	161	95	-20	0	0	0	0	0	0	0	99
217	-3140	5046	3845	-4573	-26	-32	-540	0	0	0	0	0	0	0	99
246	-3267	5392	4017	-4898	39	39	-240	0	0	0	0	0	0	0	99
270	-3341	5481	4086	-4995	78	70	-640	0	0	0	0	0	0	0	99
290	-3485	5791	4261	-5297	90	-53	-660	0	0	0	0	0	0	0	99
306	-3360	5919	4179	-5417	-71	138	140	0	0	0	0	0	0	0	99
346	-3596	6225	4415	-5732	49	158	-880	0	0	0	0	0	0	0	99
366	-3738	6385	4550	-5904	2	29	-960	0	0	0	0	0	0	0	99
386	-3777	6514	4609	-6028	2	29	-960	0	0	0	0	0	0	0	99
438	-4020	6877	4866	-6396	-44	-19	-140	0	0	0	0	0	0	0	99
484	-4440	7099	5248	-6626	-14	225	-1920	0	0	0	0	0	0	0	99
536	-4883	7394	5637	-6964	28	37	-1610	0	0	0	0	0	0	0	99
589	-5342	7636	6180	-7068	190	174	-400	0	0	0	0	0	0	0	99
638	-5326	7554	6152	-6988	-41	262	-920	0	0	0	0	0	0	0	99
658	-5520	7374	6323	-6769	264	274	-610	0	0	0	0	0	0	0	99
678	-5599	7436	6400	-6829	148	87	-490	0	0	0	0	0	0	0	99
698	-5516	7310	6307	-6706	40	351	-630	0	0	0	0	0	0	0	99
718	-5496	7382	6298	-6785	-185	266	-720	0	0	0	0	0	0	0	99
738	-5700	7187	6470	-6552	235	279	-350	0	0	0	0	0	0	0	99
758	-5630	7160	6412	-6517	60	378	230	0	0	0	0	0	0	0	99
778	-5817	6966	6455	-6422	36	421	-1800	0	0	0	0	0	0	0	99
798	-5838	7156	6602	-6498	83	126	550	0	0	0	0	0	0	0	99
818	-5933	6916	6547	-6374	-28	333	-790	0	0	0	0	0	0	0	99
830	-5929	6846	6540	-6296	37	425	-180	0	0	0	0	0	0	0	99
875	-6139	6700	6693	-6151	149	346	100	0	0	0	0	0	0	0	99
895	-6155	6698	6702	-6156	62	312	-350	0	0	0	0	0	0	0	99
927	-6289	6697	6791	-6186	-106	129	240	0	0	0	0	0	0	0	99
972	-4848	5171	5219	-4799	-631	3310	-6930	0	0	0	0	0	0	0	99
996	-6314	6112	6682	-5652	69	332	-390	0	0	0	0	0	0	0	99
1072	-6375	5749	6708	-5258	323	696	290	0	0	0	0	0	0	0	99
1118	-6312	5951	6684	-5456	69	509	600	0	0	0	0	0	0	0	99
1138	-6356	6034	6732	-5537	-46	339	-420	0	0	0	0	0	0	0	99
1158	-6390	5808	6729	-5312	142	582	-1240	0	0	0	0	0	0	0	99
1223	-6200	5991	6576	-5518	-342	538	-1360	0	0	0	0	0	0	0	99
1263	-6209	6030	6634	-5509	-174	454	-60	0	0	0	0	0	0	0	99
1305	-6155	5949	6597	-5410	-73	605	200	0	0	0	0	0	0	0	99
1325	-6134	6125	6625	-5566	-99	396	850	0	0	0	0	0	0	0	99
1353	-5951	6228	6481	-5673	-336	464	1620	0	0	0	0	0	0	0	99
1373	-5921	6314	6445	-5785	-570	388	-430	0	0	0	0	0	0	0	99
1409	-5844	6386	6415	-5822	-206	409	-60	0	0	0	0	0	0	0	99
1433	-5956	6364	6513	-5794	-26	307	-220	0	0	0	0	0	0	0	99
1469	-5942	6361	6500	-5792	12	321	-190	0	0	0	0	0	0	0	99
1489	-5761	6397	6311	-5875	-353	469	-1040	0	0	0	0	0	0	0	99
1510	-5864	6295	6440	-5710	162	461	1010	0	0	0	0	0	0	0	99
1542	-5739	6411	6358	-5834	-1	415	530	0	0	0	0	0	0	0	99
1562	-5625	6419	6251	-5857	-167	517	-400	0	0	0	0	0	0	0	99
1582	-5708	6450	6358	-5859	67	350	680	0	0	0	0	0	0	0	99
1624	-5872	6401	6477	-5831	44	218	-80	0	0	0	0	0	0	0	99
1644	-5930	6155	6468	-5604	113	485	-1390	0	0	0	0	0	0	0	99
1664	-5853	6262	6441	-5680	-6	455	620	0	0	0	0	0	0	0	99
1684	-5957	6159	6495	-5592	0	486	-940	0	0	0	0	0	0	0	99
1704	-5968	6283	6522	-5709	-14	313	170	0	0	0	0	0	0	0	99
1724	-5977	6129	6496	-5572	-142	510	-1120	0	0	0	0	0	0	0	99
1744	-6075	6162	6599	-5577	11	361	410	0	0	0	0	0	0	0	99
1786	-6036	6098	6558	-5511	-96	511	240	0	0	0	0	0	0	0	99
1806	-6314	5931	6753	-5363	138	403	-990	0	0	0	0	0	0	0	99
1826	-6165	5935	6619	-5370	-110	591	-1050	0	0	0	0	0	0	0	99
1855	-6380	5933	6815	-5350	-36	309	-480	0	0	0	0	0	0	0	99
1875	-6179	5861	6629	-5287	-156	652	90	0	0	0	0	0	0	0	99
1919	-6089	5614	6445	-5117	-270	559	-10	0	0	0	0	0	0	0	99
1939	-6429	5491	6720	-4989	51	307	-1020	0	0	0	0	0	0	0	99
1968	-6368	5539	6671	-5047	34	319	-930	0	0	0	0	0	0	0	99
1976	-6370	5541	6672	-5048	34	319	-930	0	0	0	0	0	0	0	99
1988	-6360	5544	6666	-5048	34	319	-930	0	0	0	0	0	0	0	99
2033	3648	-3378	-3958	2958	-103	321	-130	0	0	0	0	0	0	0	99
2071	4160	-3144	-4414	-3139	-294	394	10	0	0	0	0	0	0	0	99
2113	4417	-2984	-4622	-3311	-290	374	390	0	0	0	0	0	0	0	99
2138	4526	-2928	-4698	-3346	72	296	130	0	0	0	0	0	0	0	99
2158	4797	3074	-4913	-3569	-40	158	410	0	0	0	0	0	0	0	99
2178	4905	3090	-4989	-3574	68	128	950	0	0	0	0	0	0	0	99
2198	5016	3185	-5082	-3676	37	71	250	0	0	0	0	0	0	0	99
2214	5173	3222	-5210	-3707	26	83	870	0	0	0	0	0	0	0	99
2262	5601	3382	-5483	-3792	53	6	170	0	0	0	0	0	0	0	99
2286	5886	3457	-5744	-3910	15	-9	-70	0	0	0	0	0	0	0	99
2302	6068	3456	-5911	-3926	-2	70	400	0	0	0	0	0	0	0	99
2335	6173	3477	-6022	-3976	249	-113	390	0	0	0	0	0	0	0	99
2359	6479	3531	-6314	-4081	180	-121	250	0	0	0	0	0	0	0	99
2379	6740	3455	-6568	-4031	77	74	1160	0	0	0	0	0	0	0	99
2399	6829	3497	-6667	-4106	0	-68	1000	0	0	0	0	0	0	0	99
2419	7038	3396	-6896	-4051	167	-88	-60	0	0	0	0	0	0	0	99
2439	7021	3396	-6881	-4044	167	-88	-60	0	0	0	0	0	0	0	99
2459	7371	3438	-7224	-4155	7	-34	-480	0	0	0	0	0	0	0	99
2488	7556	3340	-7318	-3959	272	-95	670	0	0	0	0	0	0	0	99
2508	7677	3435	-7443	-4090	117	-243	320	0	0	0	0	0	0	0	99
2528	8053	3267	-7807	-3946	138	9	1150	0	0	0	0	0	0	0	99
2548	8171	3278	-7911	-3966	97	-73	610	0	0	0	0	0	0	0	99
2577	8410	3147	-8142	-3842	139	-78	1760	0	0	0	0	0	0	0	99
2597	8587	3040	-8341	-3770	221	-172	340	0	0	0	0	0	0	0	99
2617	8772	3010	-8527	-3766	104	-100	360	0	0	0	0	0	0	0	99
2637	8631	-2900	-8431	-3652	477	-356	1110	0	0	0	0	0	0	0	99
2657	9006	-2979	-8773	-3598	154	-56	590	0	0	0	0	0	0	0	99
2693	9067	-3364	-8867	-3188	551	-378	3160	0	0	0	0	0	0	0	99
2713	9453	-3242	-9229	-3380	6	-205	-380	0	0	0	0	0	0	0	99
2749	9637	-3563	-9461	-3094	333	-265	880	0	0	0	0	0	0	0	99
2769	9693	-3586	-9526	-3093	290	-401	700	0	0	0	0	0	0	0	99
2786	9839	-3826	-9672	2962	276	-275	1650	0	0	0	0	0	0	0	99
2810	9763	-3900	-9609	3056	395	-513	1100	0	0	0	0	0	0	0	99
2848	10064	-4500	-9928	3684	415	-575	1930	0	0	0	0	0	0	0	99
2872	9554	-4592	-9458	3833	1065	-1354	3380	0	0	0	0	0	0	0	99
2920	10226	-4970	-10159	4123	432	-503	540	0	0	0	0	0	0	0	99
2962	10505	-5110	-10537	4133	495	-731	-60	0	0	0	0	0	0	0	99
2982	10469	-5143	-10505	4151	578	-679	-290	0	0	0	0	0	0	0	99
2998	10483	-5045	-10525	4006	663	-819	-830	0	0	0	0	0	0	0	99
3010	10885	-5025	-10929	3908	470	-395	-960	0	0	0	0	0	0	0	99
3038	10836	-4441	-10897	3190	752	-1048	-2190	0	0	0	0	0	0	0	99
3055	11219	-4468	-11279	3144	478	-527	-780	0	0	0	0	0	0	0	99
3072	11196	-4316	-11269	-2966	861	-660	-1900	0	0	0	0	0	0	0	99
3112	11160	-3920	-11272	-3584	1030	-1138	-2730	0	0	0	0	0	0	0	99
3152	11271	-3260	-11271	-4415	1020	-980	-2870	0	0	0	0	0	0	0	99
3196	11271	3675	-11271	-5694	1254	-803	-1280	0	0	0	0	0	0	0	99
3205	11271	4582	-11271	-6780	1077	-972	-4500	0	0	0	0	0	0	0	99
3237	11270	5003	-11270	-7293	1189	-719	-1690	0	0	0	0	0	0	0	99
3273	11269	6004	-11269	-8438	1387	-859	-2430	0	0	0	0	0	0	0	99
3298	11269	6301	-11269	-8767	1315	-650	-1900	0	0	0	0	0	0	0	99
3307	11269	6398	-11269	-8850	1445	-749	-670	0	0	0	0	0	0	0	99
3320	11269	6395	-11269	-8820	1988	-1047	-580	0	0	0	0	0	0	0	99
3360	11268	6838	-11268	-9250	1750	-979	-240	0	0	0	0	0	0	0	99
3396	11241	7189	-11267	-9616	1853	-947	-870	0	0	0	0	0	0	0	99
3413	11157	7191	-11266	-9604	1863	-916	-330	0	0	0	0	0	0	0	99
3441	11264	7023	-11264	-9487	1660	-703	320	0	0	0	0	0	0	0	99
3458	11254	6900	-11264	-9491	1724	-860	360	0	0	0	0	0	0	0	99
3482	11048	6548	-11262	-9169	2134	-1130	1530	0	0	0	0	0	0	0	99
3522	11068	6002	-11259	-8586	2104	-1313	2580	0	0	0	0	0	0	0	99
3543	11223	5906	-11258	-8512	1803	-1152	-90	0	0	0	0	0	0	0	99
3560	11213	5931	-11257	-8495	1803	-1152	-90	0	0	0	0	0	0	0	99
3600	10953	5002	-11256	-7432	2494	-1610	1700	0	0	0	0	0	0	0	99
3689	11264	3548	-11264	-5766	2202	-1805	2380	0	0	0	0	0	0	0	99
3713	11263	2908	-11263	-5148	1733	-1759	1780	0	0	0	0	0	0	0	99
3759	10799	-5124	-11260	3014	1699	-1993	3090	0	0	0	0	0	0	0	99
3776	11004	-5042	-11259	2912	1345	-1658	3090	0	0	0	0	0	0	0	99
3816	8034	-6022	-9286	4247	3168	-4814	5670	0	0	0	0	0	0	0	99
3860	8888	-8032	-10244	6342	1144	-2170	2680	0	0	0	0	0	0	0	99
3885	8660	-8499	-10038	6904	882	-2046	3560	0	0	0	0	0	0	0	99
3925	7304	-8118	-8607	6771	1255	-2748	3210	0	0	0	0	0	0	0	99
3969	6620	-7196	-7737	6038	1255	-2748	3210	0	0	0	0	0	0	0	99
4005	6584	-6828	-7627	5699	1255	-2748	3210	0	0	0	0	0	0	0	99
4022	6454	-6585	-7447	5497	1255	-2748	3210	0	0	0	0	0	0	0	99
4046	3288	-9118	-4560	8707	376	-2251	2370	0	0	0	0	0	0	0	99
4082	-3262	-9359	-3840	9084	-29	-2240	1360	0	0	0	0	0	0	0	99
4151	-4247	-8735	3147	8717	-337	-2538	1100	0	0	0	0	0	0	0	99
4168	-4892	-8684	3909	8912	-416	-2084	2490	0	0	0	0	0	0	0	99
4192	-5031	-8194	4075	8423	-618	-2380	1340	0	0	0	0	0	0	0	99
4208	-5135	-8497	4226	8861	-552	-1581	2960	0	0	0	0	0	0	0	99
4220	-5522	-7837	4681	8241	-803	-2218	2040	0	0	0	0	0	0	0	99
4244	-5619	-7369	4998	7977	-1111	-2050	3620	0	0	0	0	0	0	0	99
4292	-6217	-6801	5700	7547	-1080	-1331	2140	0	0	0	0	0	0	0	99
4332	-6206	-6245	5763	6960	-1334	-1386	500	0	0	0	0	0	0	0	99
4376	-6376	-4717	6121	5403	-2660	-2493	1800	0	0	0	0	0	0	0	99
4401	-6244	-4914	6017	5642	-1294	-1286	410	0	0	0	0	0	0	0	99
4445	-5942	-3898	5867	4564	-2278	-1491	500	0	0	0	0	0	0	0	99
4461	-5903	-3906	5819	4556	-2278	-1491	500	0	0	0	0	0	0	0	99
4473	-6120	-3875	6071	4600	-1313	-1226	2280	0	0	0	0	0	0	0	99
4501	-6657	-4487	6496	5278	-1177	-981	290	0	0	0	0	0	0	0	99
4545	-6215	-3286	6256	4017	-1444	-1016	930	0	0	0	0	0	0	0	99
4570	-5765	3173	5921	3283	-1591	-881	340	0	0	0	0	0	0	0	99
4590	-5691	3350	5875	3079	-1219	-859	730	0	0	0	0	0	0	0	99
4694	-3844	4085	4077	-3903	-1051	-636	-1910	0	0	0	0	0	0	0	99
4734	-4604	3717	4572	-3665	-779	-914	-2820	0	0	0	0	0	0	0	99
4774	-6274	3674	6036	-3597	-2093	-1689	-9130	0	0	0	0	0	0	0	99
4791	-6394	3635	6132	-3564	-1972	-1829	-9130	0	0	0	0	0	0	0	99
4823	-7311	-3567	6781	3737	-405	-694	-3250	0	0	0	0	0	0	0	99
4848	-7357	-3675	6785	3824	-263	-455	-1190	0	0	0	0	0	0	0	99
4869	-7434	-3589	6792	3667	-335	-545	-1060	0	0	0	0	0	0	0	99
4890	-7241	-3632	6592	3705	-585	-143	-50	0	0	0	0	0	0	0	99
4910	-7411	-3852	6675	3903	-239	-139	-1300	0	0	0	0	0	0	0	99
4947	-7497	-3394	6848	3494	-395	-391	1200	0	0	0	0	0	0	0	99
4967	-7358	-3451	6725	3558	-418	-44	390	0	0	0	0	0	0	0	99
5009	-7417	-3246	6828	3397	-330	-136	490	0	0	0	0	0	0	0	99
5037	-7384	-3006	6860	3183	-398	-212	-290	0	0	0	0	0	0	0	99
5154	-7056	3577	6843	-3247	-343	-87	-660	0	0	0	0	0	0	0	99
5163	-7058	3558	6838	-3231	-343	-87	-660	0	0	0	0	0	0	0	99
5183	-6835	3510	6653	-3168	-448	294	420	0	0	0	0	0	0	0	99
5203	-6900	3679	6741	-3327	-330	97	-330	0	0	0	0	0	0	0	99
5227	-6799	3785	6724	-3379	-266	188	1920	0	0	0	0	0	0	0	99
5247	-6626	3800	6571	-3405	-464	389	1670	0	0	0	0	0	0	0	99
5269	-6856	4004	6797	-3601	-240	-45	580	-157	-43	0	0	0	0	0	99
5279	-6766	3914	6683	-3532	-283	191	-590	0	0	0	0	0	0	0	99
5291	-6730	3850	6657	-3448	-184	333	550	0	0	0	0	0	0	0	99
5303	-6909	3911	6825	-3497	-11	59	250	0	0	0	0	0	0	0	99
5396	-6724	3954	6630	-3583	-247	298	-1780	0	0	0	0	0	0	0	99
5416	-6781	3929	6700	-3523	-93	268	480	0	0	0	0	0	0	0	99
5458	-6806	4143	6782	-3704	-48	24	950	0	0	0	0	0	0	0	99
5470	-6523	4118	6531	-3683	-304	429	290	0	0	0	0	0	0	0	99
5482	-6521	4113	6529	-3681	-304	429	290	0	0	0	0	0	0	0	99
5494	-6779	4127	6744	-3700	-66	77	-620	0	0	0	0	0	0	0	99
5506	-6381	4240	6447	-3787	-371	504	1660	0	0	0	0	0	0	0	99
5518	-6505	4363	6591	-3890	-184	253	540	0	0	0	0	0	0	0	99
5530	-6528	4410	6619	-3934	-134	181	160	0	0	0	0	0	0	0	99
5566	3589	4746	-3451	-5035	6	78	200	0	0	0	0	0	0	0	99
5586	3859	4665	-3708	-4971	-281	499	200	0	0	0	0	0	0	0	99
5606	3695	4874	-3527	-5161	-164	237	20	0	0	0	0	0	0	0	99
5626	3775	5063	-3550	-5329	8	383	-640	0	0	0	0	0	0	0	99
5655	4005	5472	-3655	-5709	-266	364	1390	0	0	0	0	0	0	0	99
5675	3780	5648	-3435	-5883	-91	119	-640	0	0	0	0	0	0	0	99
5695	3770	5864	-3376	-6074	134	153	850	0	0	0	0	0	0	0	99
5715	3764	6006	-3346	-6211	134	153	850	0	0	0	0	0	0	0	99
5760	3847	6478	-3322	-6657	109	86	430	0	0	0	0	0	0	0	99
5785	3896	6793	-3303	-6953	138	1	700	0	0	0	0	0	0	0	99
5811	3900	6837	-3296	-6996	234	149	-320	0	0	0	0	0	0	0	99
5831	3916	7031	-3283	-7192	145	72	70	0	0	0	0	0	0	0	99
5855	4078	7355	-3358	-7502	49	66	-200	0	0	0	0	0	0	0	99
5938	4242	8157	-3371	-8299	119	81	-180	0	0	0	0	0	0	0	99
5956	4082	8165	-3218	-8287	546	43	-50	0	0	0	0	0	0	0	99
5976	4431	8549	-3474	-8691	175	71	-270	0	0	0	0	0	0	0	99
5996	4570	8338	-3588	-8441	580	609	810	0	0	0	0	0	0	0	99
6016	4570	8657	-3550	-8770	397	246	420	0	0	0	0	0	0	0	99
6064	4634	9094	-3539	-9205	253	222	250	0	0	0	0	0	0	0	99
6084	4511	9101	-3416	-9195	526	287	-710	0	0	0	0	0	0	0	99
6108	4910	9405	-3636	-9410	465	335	-50	0	0	0	0	0	0	0	99
6136	5152	9669	-3828	-9699	417	260	470	0	0	0	0	0	0	0	99
6238	5843	10426	-4372	-10535	631	295	620	0	0	0	0	0	0	0	99
6261	5813	10370	-4356	-10477	634	288	620	0	0	0	0	0	0	0	99
6281	5972	10316	-4507	-10427	714	469	770	0	0	0	0	0	0	0	99
6337	6493	10801	-4807	-10807	697	345	520	0	0	0	0	0	0	0	99
6349	6658	10686	-4943	-10669	973	615	710	0	0	0	0	0	0	0	99
6377	6843	10959	-5058	-10938	920	380	890	0	0	0	0	0	0	0	99
6409	7134	10854	-5310	-10827	1338	686	-60	0	0	0	0	0	0	0	99
6470	8216	10802	-6220	-10752	1814	984	230	0	0	0	0	0	0	0	99
6498	8215	11035	-6194	-11007	1482	689	-170	0	0	0	0	0	0	0	99
6538	8846	11271	-6715	-11271	1173	663	-50	0	0	0	0	0	0	0	99
6570	9047	11301	-6882	-11280	1502	636	1400	0	0	0	0	0	0	0	99
6610	9413	11280	-7088	-11280	1692	749	1020	0	0	0	0	0	0	0	99
6650	9801	11282	-7455	-11282	1543	830	1830	0	0	0	0	0	0	0	99
6690	9513	9372	-7350	-9082	4814	1889	4680	0	0	0	0	0	0	0	99
6714	10236	10914	-7899	-10811	1559	489	490	0	0	0	0	0	0	0	99
6750	10379	10642	-8053	-10524	1689	670	570	0	0	0	0	0	0	0	99
6823	10255	10606	-7906	-10415	1771	655	-80	0	0	0	0	0	0	0	99
6868	9692	10739	-7394	-10525	2047	808	-1960	0	0	0	0	0	0	0	99
6892	8695	10860	-6390	-10488	2826	1065	-2940	0	0	0	0	0	0	0	99
6932	8631	11242	-6291	-10891	2081	880	-2310	0	0	0	0	0	0	0	99
6968	8383	11275	-6021	-11151	1623	935	-1310	0	0	0	0	0	0	0	99
6987	7733	10739	-5485	-10257	2914	1394	-1900	510	0	0	0	0	0	0	99
7029	7061	11254	-4775	-10695	2126	1395	-2790	0	0	0	0	0	0	0	99
7069	6385	11239	-4053	-10521	1861	1281	240	0	0	0	0	0	0	0	99
7105	5209	11272	2939	-10693	1363	1298	-2660	0	0	0	0	0	0	0	99
7153	4636	11271	3585	-10592	1330	1265	-1650	0	0	0	0	0	0	0	99
7185	3757	10994	4347	-9836	1730	1647	-1200	0	0	0	0	0	0	0	99
7202	3367	10938	4714	-9740	1696	1681	-1200	0	0	0	0	0	0	0	99
7226	3109	10795	4939	-9568	1524	1978	-2630	0	0	0	0	0	0	0	99
7251	-3699	10784	5888	-9453	1327	1674	-2560	0	0	0	0	0	0	0	99
7291	-4739	10211	6810	-8733	1142	2190	-2360	0	0	0	0	0	0	0	99
7327	-5893	9389	7763	-7812	1031	2191	-4190	0	0	0	0	0	0	0	99
7371	-6887	9146	8615	-7523	738	1716	-3810	0	0	0	0	0	0	0	99
7413	-6608	9254	8343	-7700	738	1716	-3810	0	0	0	0	0	0	0	99
7433	-6497	9302	8237	-7770	738	1716	-3810	0	0	0	0	0	0	0	99
7458	-6369	9360	8108	-7861	738	1716	-3810	0	0	0	0	0	0	0	99
7478	-6279	9396	8032	-7905	738	1716	-3810	0	0	0	0	0	0	0	99
7518	-8250	7106	9454	-5503	-473	2243	-2180	0	0	0	0	0	0	0	99
7558	-8562	5348	9381	-3827	-79	2367	-2060	0	0	0	0	0	0	0	99
7578	-9104	5356	9849	-3834	-74	1520	-1280	0	0	0	0	0	0	0	99
7594	-7872	3404	8433	3826	-9	4813	-6300	0	0	0	0	0	0	0	99
7606	-8597	4018	9115	3182	-274	2473	-1690	0	0	0	0	0	0	0	99
7618	-8535	4082	9046	3072	-274	2473	-1690	0	0	0	0	0	0	0	99
7646	-9002	3376	9257	3650	-196	1806	-1520	0	0	0	0	0	0	0	99
7702	-7979	-4307	7802	5198	-748	2392	-3230	0	0	0	0	0	0	0	99
7730	-7319	-5197	6934	5925	-1141	2567	-3620	0	0	0	0	0	0	0	99
7747	-7138	-5309	6714	5997	-1012	2271	-2020	0	0	0	0	0	0	0	99
7771	-6488	-5852	5885	6321	-1221	2068	-1450	0	0	0	0	0	0	0	99
7787	-6388	-5946	5708	6335	-995	1582	-1890	0	0	0	0	0	0	0	99
7799	-5734	-6095	5027	6361	-1463	1838	-2460	0	0	0	0	0	0	0	99
7823	-5350	-6305	4504	6381	-1478	1792	-2080	0	0	0	0	0	0	0	99
7867	-4282	-6302	3443	6191	-1295	1358	-610	0	0	0	0	0	0	0	99
7883	-3835	-6312	3000	6128	-1321	1385	-670	0	0	0	0	0	0	0	99
7895	-3809	-6195	3013	6020	-1321	1385	-670	0	0	0	0	0	0	0	99
7907	-3155	-6195	-3427	5911	-1620	1531	-1930	0	0	0	0	0	0	0	99
7920	-2945	-6140	-3603	5821	-1227	1220	-900	0	0	0	0	0	0	0	99
7944	4077	-5932	-4711	5462	-1622	1544	-1820	0	0	0	0	0	0	0	99
7960	4282	-5583	-4849	5074	-1576	1197	-850	0	0	0	0	0	0	0	99
7972	4395	-5357	-4942	4799	-1142	886	-700	0	0	0	0	0	0	0	99
7984	5347	-5044	-5788	4389	-2178	1620	1170	0	0	0	0	0	0	0	99
8008	4949	-4754	-5373	4129	-1315	1153	1290	0	0	0	0	0	0	0	99
8044	5044	-6241	-5578	5701	-733	863	2160	0	0	0	0	0	0	0	99
8064	5778	-6058	-6231	5449	-1661	1425	2060	0	0	0	0	0	0	0	99
8096	5939	-6782	-6488	6154	-968	1030	1760	0	0	0	0	0	0	0	99
8124	5993	-6647	-6434	6094	-582	884	2030	0	0	0	0	0	0	0	99
8162	5968	-6367	-6277	5905	-610	660	2200	0	0	0	0	0	0	0	99
8200	5639	-6428	-5776	6212	-279	574	2210	0	0	0	0	0	0	0	99
8242	5366	-6367	-5414	6285	-234	352	2430	0	0	0	0	0	0	0	99
8262	5193	-6414	-5169	6463	-148	347	1580	0	0	0	0	0	0	0	99
8298	4892	-6337	-4795	6523	-99	52	1690	0	0	0	0	0	0	0	99
8344	4731	-6339	-4603	6651	28	-43	170	0	0	0	0	0	0	0	99
8370	4759	-6232	-4597	6579	-216	-134	280	0	0	0	0	0	0	0	99
8390	4614	-6197	-4453	6577	-43	-336	70	0	0	0	0	0	0	0	99
8410	4687	-6316	-4507	6742	-25	-57	170	0	0	0	0	0	0	0	99
8430	4696	-6294	-4520	6715	-76	-78	-900	0	0	0	0	0	0	0	99
8442	4796	-6184	-4613	6577	-248	-145	-530	0	0	0	0	0	0	0	99
8458	4770	-6193	-4585	6598	-247	-147	-160	0	0	0	0	0	0	0	99
8482	4791	-6170	-4629	6554	-235	-167	-570	0	0	0	0	0	0	0	99
8502	4704	-6250	-4550	6659	-51	-141	360	0	0	0	0	0	0	0	99
8526	4671	-6253	-4530	6664	-51	-141	360	0	0	0	0	0	0	0	99
8538	4804	-6306	-4697	6661	-28	32	-760	0	0	0	0	0	0	0	99
8571	4899	-6174	-4834	6448	-161	-76	-1420	0	0	0	0	0	0	0	99
8591	4875	-6176	-4814	6458	-84	-98	-150	0	0	0	0	0	0	0	99
8619	5008	-6124	-4975	6341	-94	-58	-310	0	0	0	0	0	0	0	99
8656	5086	-5969	-5100	6099	-168	-222	-90	0	0	0	0	0	0	0	99
8697	5185	-5964	-5269	5995	-24	-153	-780	0	0	0	0	0	0	0	99
8717	5256	-5903	-5345	5910	-76	-155	-770	0	0	0	0	0	0	0	99
8737	5219	-5871	-5359	5815	41	-250	-1590	0	0	0	0	0	0	0	99
8749	5220	-5866	-5357	5817	41	-250	-1590	0	0	0	0	0	0	0	99
8765	5280	-5765	-5396	5710	-132	-308	-90	0	0	0	0	0	0	0	99
8789	5434	-5658	-5572	5530	-159	-295	-1170	0	0	0	0	0	0	0	99
8809	5555	-5702	-5708	5540	-66	-88	-1350	0	0	0	0	0	0	0	99
8829	5557	-5572	-5688	5415	-88	-245	950	0	0	0	0	0	0	0	99
8890	5677	-5416	-5829	5188	-74	-276	70	0	0	0	0	0	0	0	99
8931	5753	-5329	-5919	5059	-58	-237	20	0	0	0	0	0	0	0	99
8951	5779	-5206	-5936	4910	-108	-351	-570	0	0	0	0	0	0	0	99
8976	5735	-5241	-5926	4924	82	-339	-790	0	0	0	0	0	0	0	99
8984	5859	-5245	-6043	4922	-48	-179	-130	0	0	0	0	0	0	0	99
8996	5962	-5114	-6127	4766	-196	-213	-220	0	0	0	0	0	0	0	99
9037	5976	-4984	-6175	4576	-18	-303	-750	0	0	0	0	0	0	0	99
9057	6106	-4821	-6295	4370	-123	-313	-1320	0	0	0	0	0	0	0	99
9073	6172	-4787	-6345	4338	-150	-261	240	0	0	0	0	0	0	0	99
9109	6255	-4540	-6415	4049	-232	-377	-1190	0	0	0	0	0	0	0	99
9126	6282	-4694	-6426	4246	-40	-159	820	0	0	0	0	0	0	0	99
9142	6169	-4551	-6317	4089	29	-450	-290	0	0	0	0	0	0	0	99
9210	6237	-4355	-6379	3857	143	-442	90	0	0	0	0	0	0	0	99
9230	6405	-4305	-6533	3781	-42	-280	-30	0	0	0	0	0	0	0	99
9254	6480	-4260	-6612	3715	105	-147	180	0	0	0	0	0	0	0	99
9274	6350	-3867	-6493	3267	44	-707	-1370	0	0	0	0	0	0	0	99
9294	6579	-3765	-6682	3151	29	-406	640	0	0	0	0	0	0	0	99
9314	6627	-3739	-6758	3081	95	-292	-1010	0	0	0	0	0	0	0	99
9334	6745	-3456	-6851	-3041	16	-285	-650	0	0	0	0	0	0	0	99
9354	6649	-3328	-6765	-3184	169	-465	-600	0	0	0	0	0	0	0	99
9374	6948	3905	-6901	-4732	129	-484	150	0	0	0	0	0	0	0	99
9391	7243	3873	-7080	-4613	101	-282	310	0	0	0	0	0	0	0	99
9467	7849	3874	-7779	-4838	-19	-181	490	0	0	0	0	0	0	0	99
9536	8480	3957	-8399	-5021	191	-170	-220	0	0	0	0	0	0	0	99
9677	9409	3865	-9387	-5096	296	-265	330	0	0	0	0	0	0	0	99
9749	9956	3360	-9909	-4523	361	-264	920	0	0	0	0	0	0	0	99
9769	10028	3216	-9998	-4367	399	-280	1650	0	0	0	0	0	0	0	99
9789	10266	-3060	-10269	-3875	343	-179	1610	0	0	0	0	0	0	0	99
9825	10354	-3696	-10400	-3170	417	-440	1940	0	0	0	0	0	0	0	99
9841	10225	-3692	-10264	-3138	574	-524	2120	0	0	0	0	0	0	0	99
9853	10355	-4038	-10401	3036	453	-461	2510	0	0	0	0	0	0	0	99
9885	10346	-4731	-10415	3814	727	-421	2760	0	0	0	0	0	0	0	99
9977	10271	-6240	-10380	5480	590	-834	1290	0	0	0	0	0	0	0	99
10017	10310	-6708	-10463	5946	558	-898	80	0	0	0	0	0	0	0	99
10047	10252	-7043	-10420	6314	624	-1058	70	492	-74	-512	0	0	0	0	99
10134	10741	-7460	-11048	6493	612	-969	850	0	0	0	0	0	0	0	99
10170	10660	-7940	-11059	6936	949	-1139	910	0	0	0	0	0	0	0	99
10212	10759	-8470	-11218	7448	670	-1038	650	0	0	0	0	0	0	0	99
10268	9810	-9418	-10354	8607	924	-1502	730	0	0	0	0	0	0	0	99
10312	8880	-10049	-9436	9508	900	-1733	2000	0	0	0	0	0	0	0	99
10337	8899	-9956	-9425	9439	900	-1733	2000	0	0	0	0	0	0	0	99
10362	8548	-10212	-9097	9799	787	-1664	1090	0	0	0	0	0	0	0	99
10394	8121	-10492	-8703	10178	634	-1636	310	0	0	0	0	0	0	0	99
10438	7270	-10431	-7851	10281	666	-1926	1470	0	0	0	0	0	0	0	99
10474	7104	-10301	-7711	10150	678	-2129	710	0	0	0	0	0	0	0	99
10510	6957	-10409	-7619	10254	564	-2010	200	0	0	0	0	0	0	0	99
10527	6970	-10359	-7649	10172	564	-2010	200	0	0	0	0	0	0	0	99
10555	7144	-10575	-7830	10411	257	-1456	710	0	0	0	0	0	0	0	99
10632	7267	-10222	-8170	9738	383	-1811	330	0	0	0	0	0	0	0	99
10668	7538	-9588	-8503	8890	93	-2339	-1260	0	0	0	0	0	0	0	99
10704	7708	-9789	-8832	8925	352	-1857	-490	0	0	0	0	0	0	0	99
10744	8071	-9245	-9263	8172	345	-2178	-1420	0	0	0	0	0	0	0	99
10773	8227	-9486	-9453	8372	408	-1796	-590	0	0	0	0	0	0	0	99
10809	8469	-9206	-9767	7898	447	-1960	-1740	0	0	0	0	0	0	0	99
10849	8679	-9089	-10107	7551	384	-1959	-1300	0	0	0	0	0	0	0	99
10865	9136	-8870	-10484	7294	66	-1700	-1510	0	0	0	0	0	0	0	99
10921	8920	-8612	-10500	6727	159	-2341	-820	0	0	0	0	0	0	0	99
10961	8577	-8730	-10294	6754	649	-2614	-230	0	0	0	0	0	0	0	99
11001	8747	-9490	-10492	7573	328	-1512	840	0	0	0	0	0	0	0	99
11018	8216	-9444	-9997	7569	579	-2213	880	0	0	0	0	0	0	0	99
11042	8251	-9413	-9993	7575	579	-2213	880	0	0	0	0	0	0	0	99
11074	8296	-9368	-9980	7583	579	-2213	880	0	0	0	0	0	0	0	99
11102	8352	-9314	-9996	7565	579	-2213	880	0	0	0	0	0	0	0	99
11140	8424	-9255	-10034	7526	579	-2213	880	0	0	0	0	0	0	0	99
11184	4793	-11256	-6771	11001	-120	-1677	2620	0	0	0	0	0	0	0	99
11205	3625	-11257	-5581	11257	-277	-1732	3920	0	0	0	0	0	0	0	99
11217	-2951	-11258	-4790	11258	-512	-2326	3220	0	0	0	0	0	0	0	99
11229	2903	-11259	-4821	11259	-512	-2326	3220	0	0	0	0	0	0	0	99
11277	-4205	-11259	-3502	11259	-513	-2005	2260	0	0	0	0	0	0	0	99
11298	-4874	-11260	2965	11260	-791	-1844	1360	0	0	0	0	0	0	0	99
11310	-4788	-11260	-2932	11260	-791	-1844	1360	0	0	0	0	0	0	0	99
11344	-5495	-11260	3622	11260	-968	-1803	1990	0	0	0	0	0	0	0	99
11373	-6044	-11260	4202	11260	-1329	-1921	1950	0	0	0	0	0	0	0	99
11406	-6681	-7963	5106	7712	-4512	-5717	-1490	0	0	0	0	0	0	0	99
11446	-5983	-9618	4232	9343	-1771	-2312	110	0	0	0	0	0	0	0	99
11486	-5520	-9380	3741	8961	-1504	-1790	510	0	0	0	0	0	0	0	99
11503	-5234	-8782	3448	8201	-1555	-1950	-2430	0	0	0	0	0	0	0	99
11547	-4832	-7974	3099	7236	-1657	-1905	440	0	0	0	0	0	0	0	99
11568	-4691	-7781	2970	7001	-1667	-1706	-110	0	0	0	0	0	0	0	99
11593	-4705	-7049	2970	6134	-1571	-2327	-1600	0	0	0	0	0	0	0	99
11610	-4530	-7141	-2970	6252	-1306	-1610	360	0	0	0	0	0	0	0	99
11631	-4126	-6552	-3322	5546	-1621	-1474	-1710	0	0	0	0	0	0	0	99
11656	-4365	-6294	-3101	5249	-1146	-1869	-1410	0	0	0	0	0	0	0	99
11665	-4082	-5870	-3330	4762	-1629	-1878	-1010	0	0	0	0	0	0	0	99
11701	-4160	-5552	-3202	4441	-1216	-1681	-840	0	0	0	0	0	0	0	99
11743	-3969	-4507	-3267	3315	-1424	-2033	-830	0	0	0	0	0	0	0	99
11785	-3764	-3898	-3293	-3046	-1338	-1519	-570	0	0	0	0	0	0	0	99
11825	-3809	-3097	-2961	-3617	-1304	-1435	600	0	0	0	0	0	0	0	99
11865	-3411	5876	3165	-6490	-1338	-1847	1080	0	0	0	0	0	0	0	99
11905	-3165	5538	3017	-6038	-1192	-1289	2190	0	0	0	0	0	0	0	99
11926	-3006	5520	3004	-5884	-1269	-1168	4520	0	0	0	0	0	0	0	99
11951	3074	5881	2951	-6081	-1689	-1187	4890	0	0	0	0	0	0	0	99
11972	3248	5900	2920	-5964	-1323	-886	4870	0	0	0	0	0	0	0	99
12008	3455	6265	-2938	-6219	-1278	-907	2240	0	0	0	0	0	0	0	99
12048	3733	6197	-3167	-6099	-843	-385	960	0	0	0	0	0	0	0	99
12057	3710	6166	-3174	-6092	-843	-385	960	0	0	0	0	0	0	0	99
12069	3962	6114	-3368	-6005	-735	5	2480	0	0	0	0	0	0	0	99
12089	3797	6306	-3234	-6236	-662	-386	960	0	0	0	0	0	0	0	99
12113	4025	6336	-3447	-6292	-561	-76	660	0	0	0	0	0	0	0	99
12126	3981	6272	-3439	-6248	-561	-76	660	0	0	0	0	0	0	0	99
12198	4359	6506	-3753	-6517	-31	2	1180	0	0	0	0	0	0	0	99
12218	4527	6601	-3893	-6641	-96	-45	2550	0	0	0	0	0	0	0	99
12240	4860	6770	-4047	-6712	18	31	930	0	0	0	0	0	0	0	99
12260	4962	6831	-4114	-6780	93	22	720	0	0	0	0	0	0	0	99
12288	5111	7043	-4208	-7011	89	-42	490	0	0	0	0	0	0	0	99
12340	5425	7433	-4437	-7451	176	18	310	0	0	0	0	0	0	0	99
12360	5417	7400	-4442	-7433	176	18	310	0	0	0	0	0	0	0	99
12369	5468	7424	-4481	-7465	300	107	-240	0	0	0	0	0	0	0	99
12381	5554	7537	-4538	-7588	301	124	20	0	0	0	0	0	0	0	99
12421	5749	7805	-4689	-7891	417	210	-690	0	0	0	0	0	0	0	99
12445	5835	7922	-4747	-8013	392	147	480	0	0	0	0	0	0	0	99
12465	5918	8209	-4793	-8327	360	128	-180	0	0	0	0	0	0	0	99
12485	6139	8312	-4965	-8431	229	165	810	0	0	0	0	0	0	0	99
12497	6176	8324	-4993	-8443	436	274	-110	0	0	0	0	0	0	0	99
12554	6478	8760	-5193	-8894	484	289	440	0	0	0	0	0	0	0	99
12578	6291	8992	-5153	-9429	518	237	-1410	0	0	0	0	0	0	0	99
12598	6537	9106	-5202	-9258	250	199	240	0	0	0	0	0	0	0	99
12622	6770	9172	-5384	-9310	433	439	-520	0	0	0	0	0	0	0	99
12732	7242	9975	-5661	-10109	826	376	430	0	0	0	0	0	0	0	99
12756	7420	10116	-5802	-10261	598	234	790	0	0	0	0	0	0	0	99
12833	7818	10263	-6096	-10371	1189	474	880	0	0	0	0	0	0	0	99
12865	8131	10509	-6345	-10639	879	456	240	0	0	0	0	0	0	0	99
12890	8471	10659	-6610	-10779	838	462	1670	0	0	0	0	0	0	0	99
12919	8299	10616	-6446	-10702	1594	643	440	0	0	0	0	0	0	0	99
13036	9211	11208	-7235	-11269	1246	612	790	0	0	0	0	0	0	0	99
13061	9213	11160	-7261	-11270	1425	646	0	0	0	0	0	0	0	0	99
13085	9673	11038	-7676	-11269	1667	836	1170	0	0	0	0	0	0	0	99
13113	9488	11271	-7459	-11271	1554	589	-1830	0	0	0	0	0	0	0	99
13138	9310	11272	-7304	-11272	2046	908	-1960	0	0	0	0	0	0	0	99
13170	9379	11273	-7318	-11273	1421	1013	-240	0	0	0	0	0	0	0	99
13206	9072	11273	-6987	-11273	1392	879	-260	0	0	0	0	0	0	0	99
13223	8676	11273	-6635	-11273	2101	1070	-1090	0	0	0	0	0	0	0	99
13244	8731	11273	-6667	-11273	1549	1074	-810	0	0	0	0	0	0	0	99
13280	8105	11272	-6059	-11272	2181	1109	-1920	0	0	0	0	0	0	0	99
13320	7749	11271	-5687	-11271	1892	1030	-1200	0	0	0	0	0	0	0	99
13352	7266	11270	-5194	-11270	1860	1445	-2260	0	0	0	0	0	0	0	99
13373	7044	11269	-4946	-11269	1880	1169	-880	0	0	0	0	0	0	0	99
13409	6134	11269	-4021	-11269	1522	1389	-1190	0	0	0	0	0	0	0	99
13457	4124	10921	3615	-10159	2585	2414	-4130	0	0	0	0	0	0	0	99
13478	4240	10903	3511	-10140	2474	2528	-4130	0	0	0	0	0	0	0	99
13502	3705	11267	4031	-10606	1557	1985	-2160	0	0	0	0	0	0	0	99
13523	2987	11246	4640	-10475	1557	1985	-3630	0	0	0	0	0	0	0	99
13547	-3604	10332	5242	-9505	1899	2727	-2530	0	0	0	0	0	0	0	99
13563	-4307	10553	5891	-9715	1484	2103	-3250	0	0	0	0	0	0	0	99
13575	-4631	10772	6194	-9944	1017	1671	-1590	0	0	0	0	0	0	0	99
13659	-7019	9454	8228	-8418	1034	2194	-2090	0	0	0	0	0	0	0	99
13703	-7408	9193	8563	-8115	679	2266	-200	0	0	0	0	0	0	0	99
13768	-8557	8109	9520	-6889	835	2556	-910	0	0	0	0	0	0	0	99
13796	-9111	8024	9997	-6781	326	1991	-3490	0	0	0	0	0	0	0	99
13821	-9483	7321	10258	-6015	570	2387	-3040	0	0	0	0	0	0	0	99
13861	-10101	6701	10736	-5348	168	2174	-2880	0	0	0	0	0	0	0	99
13877	-10373	6383	10961	-4981	304	2187	-1160	0	0	0	0	0	0	0	99
13938	-10473	5256	10882	-3852	-176	2269	-1400	0	0	0	0	0	0	0	99
13955	-10382	5314	10796	-3936	-176	2269	-1400	0	0	0	0	0	0	0	99
13971	-9641	4169	9932	2940	-723	3776	-2540	0	0	0	0	0	0	0	99
13992	-10697	4517	10910	-3169	-55	1817	-1470	0	0	0	0	0	0	0	99
14004	-10640	4037	10803	3122	-165	2226	-1600	0	0	0	0	0	0	0	99
14029	-10510	4146	10672	2968	-165	2226	-1600	0	0	0	0	0	0	0	99
14050	-10459	4232	10624	-2954	-165	2226	-1600	0	0	0	0	0	0	0	99
14071	-10414	4317	10581	-3068	-165	2226	-1600	0	0	0	0	0	0	0	99
14119	-11174	-3342	10995	4627	-165	2226	-1140	0	0	0	0	0	0	0	99
14135	-10993	3067	10888	3960	-1233	1640	-1140	0	0	0	0	0	0	0	99
14148	-10213	-3589	10051	4762	-1304	2997	-1780	0	0	0	0	0	0	0	99
14160	-10180	-3516	10043	4708	-1304	2997	-1780	0	0	0	0	0	0	0	99
14185	-10115	-3722	9894	4855	-1146	2102	-1700	0	0	0	0	0	0	0	99
14206	-9776	-3620	9591	4726	-1146	2102	-1700	0	0	0	0	0	0	0	99
14239	-8815	-4477	8519	5453	-1476	2330	-1340	0	0	0	0	0	0	0	99
14279	-8350	-4498	8028	5384	-1090	1598	-720	0	0	0	0	0	0	0	99
14323	-7265	-4566	7103	5466	-1247	1718	-690	0	0	0	0	0	0	0	99
14359	-6581	-4636	6484	5498	-1200	1865	-360	0	0	0	0	0	0	0	99
14399	-5863	-4581	5837	5381	-1453	1870	340	0	0	0	0	0	0	0	99
14436	-5418	-4550	5446	5327	-1190	1652	-370	0	0	0	0	0	0	0	99
14456	-4698	-4581	4763	5276	-1386	1653	240	0	0	0	0	0	0	0	99
14489	-2925	-4860	3056	5366	-2234	2962	-1050	0	0	0	0	0	0	0	99
14525	-3230	-4616	3348	5113	-1163	1450	440	0	0	0	0	0	0	0	99
14573	3901	-4599	-3702	4949	-1200	1446	490	0	0	0	0	0	0	0	99
14593	4201	-4635	-4042	4889	-1243	1576	-510	0	0	0	0	0	0	0	99
14641	4491	-4313	-4322	4444	-986	1189	520	0	0	0	0	0	0	0	99
14665	4640	-5141	-4594	5221	-959	1288	1180	0	0	0	0	0	0	0	99
14681	4834	-6138	-4983	6124	-975	1323	110	0	0	0	0	0	0	0	99
14693	5346	-6044	-5443	5964	-1054	1455	810	0	0	0	0	0	0	0	99
14734	5702	-5621	-5692	5506	-669	990	1070	0	0	0	0	0	0	0	99
14754	5967	-6347	-6045	6200	-520	755	730	0	0	0	0	0	0	0	99
14767	6356	-6206	-6388	6035	-799	1014	950	0	0	0	0	0	0	0	99
14791	6235	-5991	-6211	5880	-506	671	340	0	0	0	0	0	0	0	99
14823	6414	-5720	-6348	5574	-343	551	680	0	0	0	0	0	0	0	99
14843	6320	-5707	-6258	5582	-343	551	680	0	0	0	0	0	0	0	99
14860	6385	-5444	-6326	5263	-376	316	-720	0	0	0	0	0	0	0	99
14880	6689	-5230	-6620	4971	-827	479	-1880	0	0	0	0	0	0	0	99
14905	6426	-5101	-6359	4857	-213	91	110	0	0	0	0	0	0	0	99
14947	6637	-4686	-6600	4298	-291	-18	-1600	0	0	0	0	0	0	0	99
14968	6786	-4634	-6760	4205	-316	185	-1640	0	0	0	0	0	0	0	99
14989	6705	-4353	-6731	3840	-165	-108	-1830	0	0	0	0	0	0	0	99
15010	6758	-4264	-6791	3727	-205	-56	-760	0	0	0	0	0	0	0	99
15034	6727	-4074	-6789	3494	-151	-171	-620	0	0	0	0	0	0	0	99
15063	6722	-4050	-6811	3443	-72	-80	-1260	0	0	0	0	0	0	0	99
15108	6687	-3753	-6815	3063	9	-181	-1200	0	0	0	0	0	0	0	99
15128	6715	-3745	-6860	3034	47	-76	-1100	0	0	0	0	0	0	0	99
15140	6703	-3742	-6841	3043	47	-76	-1100	0	0	0	0	0	0	0	99
15156	6506	-3267	-6648	-3285	-88	-780	-3340	0	0	0	0	0	0	0	99
15180	6688	-3445	-6837	-3110	102	-179	-1030	0	0	0	0	0	0	0	99
15201	6745	-3391	-6853	-3133	-50	-161	210	0	0	0	0	0	0	0	99
15251	6710	-3324	-6774	-3158	79	-72	320	0	0	0	0	0	0	0	99
15271	6683	-3263	-6741	-3210	21	-135	-40	0	0	0	0	0	0	0	99
15291	6425	-3265	-6476	-3148	328	-449	820	0	0	0	0	0	0	0	99
15303	6675	-3274	-6696	-3143	-1	-108	-50	0	0	0	0	0	0	0	99
15327	6657	-3295	-6652	-3083	60	-124	200	0	0	0	0	0	0	0	99
15347	6492	-3164	-6480	-3192	172	-442	140	0	0	0	0	0	0	0	99
15367	6644	-3456	-6580	2983	90	-28	2300	0	0	0	0	0	0	0	99
15391	6573	-3457	-6492	3011	88	-101	620	0	0	0	0	0	0	0	99
15403	6500	-3484	-6383	3097	118	-200	1310	0	0	0	0	0	0	0	99
15419	6415	-3580	-6284	3221	269	-259	840	0	0	0	0	0	0	0	99
15443	6550	-3622	-6398	3267	19	-82	1050	0	0	0	0	0	0	0	99
15463	6527	-3522	-6371	3156	-24	-210	180	0	0	0	0	0	0	0	99
15488	6553	-3555	-6411	3174	41	-100	-90	0	0	0	0	0	0	0	99
15508	6548	-3564	-6426	3158	41	-100	-90	0	0	0	0	0	0	0	99
15528	6454	-3459	-6362	3027	55	-302	-40	0	0	0	0	0	0	0	99
15568	6549	-3391	-6487	-2911	-1	-137	-770	0	0	0	0	0	0	0	99
15588	6587	-3250	-6552	-3111	9	-134	-200	0	0	0	0	0	0	0	99
15605	6576	-3218	-6570	-3176	57	-139	-820	0	0	0	0	0	0	0	99
15711	6600	2921	-6649	-3638	29	-225	220	0	0	0	0	0	0	0	99
15743	6612	2920	-6637	-3615	29	-225	220	0	0	0	0	0	0	0	99
15800	6545	-2988	-6430	-3302	236	-334	0	0	0	0	0	0	0	0	99
15971	8181	3152	-7895	-3778	319	-293	-130	0	0	0	0	0	0	0	99
16005	8551	3037	-8323	-3764	392	-228	-160	0	0	0	0	0	0	0	99
16025	8756	3052	-8532	-3816	282	-112	-270	0	0	0	0	0	0	0	99
16061	8917	-2928	-8736	-3681	575	-321	300	0	0	0	0	0	0	0	99
16081	8989	-2941	-8846	-3711	574	-324	300	0	0	0	0	0	0	0	99
16094	9098	-2956	-8961	-3711	499	-343	1930	0	0	0	0	0	0	0	99
16118	9240	-3124	-9084	-3536	473	-180	1200	0	0	0	0	0	0	0	99
16143	9375	-3215	-9225	-3477	395	-367	290	0	0	0	0	0	0	0	99
16183	9501	-3354	-9396	-3379	446	-346	-20	0	0	0	0	0	0	0	99
16200	9643	-3275	-9538	-3497	317	-474	-20	0	0	0	0	0	0	0	99
16229	9805	-3626	-9764	-3157	406	-380	1030	0	0	0	0	0	0	0	99
16253	9958	-3928	-9914	2991	404	-482	1480	0	0	0	0	0	0	0	99
16293	10292	-4719	-10255	3850	249	-335	1790	0	0	0	0	0	0	0	99
16318	10241	-5233	-10231	4415	501	-525	2510	0	0	0	0	0	0	0	99
16339	10407	-5307	-10422	4440	583	-403	-320	0	0	0	0	0	0	0	99
16360	10309	-5389	-10326	4536	561	-741	1510	0	0	0	0	0	0	0	99
16381	10546	-5648	-10613	4721	644	-583	-370	0	0	0	0	0	0	0	99
16421	10512	-5732	-10643	4709	722	-853	-360	0	0	0	0	0	0	0	99
16446	10747	-5731	-10870	4660	636	-625	-760	0	0	0	0	0	0	0	99
16498	10769	-6047	-10948	4929	807	-995	-1290	0	0	0	0	0	0	0	99
16538	10852	-6189	-11074	5020	919	-1211	-270	0	0	0	0	0	0	0	99
16555	11254	-6151	-11254	4903	661	-893	-840	0	0	0	0	0	0	0	99
16595	11255	-6315	-11255	4851	899	-1016	40	0	0	0	0	0	0	0	99
16623	11255	-6403	-11255	4918	1090	-1149	-50	0	0	0	0	0	0	0	99
16648	11255	-6485	-11255	4967	1176	-1097	-300	0	0	0	0	0	0	0	99
16684	11254	-5750	-11254	3932	1557	-1358	-2710	0	0	0	0	0	0	0	99
16716	11254	-5486	-11254	3517	1443	-1123	-1760	0	0	0	0	0	0	0	99
16752	11253	-5049	-11253	3012	1495	-1360	-390	0	0	0	0	0	0	0	99
16802	11251	-4446	-11251	-3542	1188	-1209	-1730	0	0	0	0	0	0	0	99
16825	11250	-4672	-11250	-3387	1519	-1311	-170	0	0	0	0	0	0	0	99
16846	11250	-4729	-11250	-3285	1954	-1478	-360	0	0	0	0	0	0	0	99
16898	11101	-4719	-11248	-3084	2411	-1869	-370	0	0	0	0	0	0	0	99
16938	11247	-4831	-11247	-3006	1708	-1531	510	0	0	0	0	0	0	0	99
16986	11245	-4945	-11245	-2918	1629	-1458	-390	0	0	0	0	0	0	0	99
17015	11020	-5142	-11250	3146	2069	-1861	840	0	0	0	0	0	0	0	99
17040	7756	-4907	-8702	3184	6135	-5673	530	0	0	0	0	0	0	0	99
17084	10473	-5645	-11247	3688	2051	-1917	1130	0	0	0	0	0	0	0	99
17105	10337	-6142	-11246	4159	1547	-1926	1810	0	0	0	0	0	0	0	99
17145	8989	-7115	-10110	5312	2216	-2446	1880	0	0	0	0	0	0	0	99
17172	9307	-7452	-10548	5531	1147	-1890	640	0	0	0	0	0	0	0	99
17212	9062	-7859	-10466	5901	1424	-1781	1710	0	0	0	0	0	0	0	99
17229	8508	-8048	-10032	6088	1667	-2363	1960	0	0	0	0	0	0	0	99
17281	8162	-8815	-9931	6807	1074	-2101	60	0	0	0	0	0	0	0	99
17305	8204	-8736	-9967	6724	1074	-2101	60	0	0	0	0	0	0	0	99
17321	8223	-8707	-9986	6695	1074	-2101	60	0	0	0	0	0	0	0	99
17345	8277	-8623	-10029	6611	1074	-2101	60	0	0	0	0	0	0	0	99
17369	8341	-8531	-10075	6528	1074	-2101	60	0	0	0	0	0	0	0	99
17409	8414	-8419	-10116	6433	1074	-2101	60	0	0	0	0	0	0	0	99
17425	8450	-8365	-10132	6387	1074	-2101	60	0	0	0	0	0	0	0	99
17437	6094	-10808	-8484	8847	1040	-2015	960	0	0	0	0	0	0	0	99
17461	5178	-10854	-7565	9073	514	-2350	2180	0	0	0	0	0	0	0	99
17501	4369	-11032	-6849	9353	381	-2251	230	0	0	0	0	0	0	0	99
17518	3597	-10832	-5987	9385	272	-2575	3570	0	0	0	0	0	0	0	99
17562	-3008	-10515	-5080	9287	109	-2465	2640	0	0	0	0	0	0	0	99
17602	-4290	-9937	-3524	9124	-164	-2457	2450	0	0	0	0	0	0	0	99
17638	-5163	-9142	3509	8722	-171	-2426	2930	0	0	0	0	0	0	0	99
17682	-6847	-8892	5426	9049	-520	-1887	3900	0	0	0	0	0	0	0	99
17722	-7495	-7197	6534	7728	-1274	-2137	4410	0	0	0	0	0	0	0	99
17743	-7502	-6938	6642	7551	-1091	-1686	2710	0	0	0	0	0	0	0	99
17768	-7885	-5933	7316	6769	-1647	-1746	2910	0	0	0	0	0	0	0	99
17812	-7569	-4587	7388	5566	-1622	-1188	2640	0	0	0	0	0	0	0	99
17844	-7183	-3724	7147	4648	-1761	-1439	2000	0	0	0	0	0	0	0	99
17917	-7130	4027	7707	3047	-1460	-775	1000	0	0	0	0	0	0	0	99
17961	-5939	5097	6623	-4207	-1900	-638	2220	0	0	0	0	0	0	0	99
17982	-5922	5078	6586	-4216	-2100	-894	2220	0	0	0	0	0	0	0	99
17998	-5438	4980	6208	-4074	-1792	-455	1350	0	0	0	0	0	0	0	99
18111	-3540	5723	4494	-5010	-1516	-3	1340	0	0	0	0	0	0	0	99
18143	-4211	6270	5195	-5484	-1230	-382	480	0	0	0	0	0	0	0	99
18179	-4990	7591	6218	-6582	-1053	-289	80	0	0	0	0	0	0	0	99
18211	-4788	7506	5970	-6578	-1081	-13	-280	0	0	0	0	0	0	0	99
18220	-4774	7445	5843	-6641	-930	60	-970	0	0	0	0	0	0	0	99
18233	-4807	7393	5844	-6588	-930	60	-970	0	0	0	0	0	0	0	99
18253	-4569	7563	5614	-6812	-1071	51	-850	0	0	0	0	0	0	0	99
18402	-4379	7280	5201	-6812	-424	446	-630	0	0	0	0	0	0	0	99
18422	-4394	7212	5189	-6768	-274	498	180	0	0	0	0	0	0	0	99
18446	-4544	7276	5303	-6864	-249	218	-330	0	0	0	0	0	0	0	99
18471	-4472	7239	5240	-6828	-193	320	240	0	0	0	0	0	0	0	99
18535	-4332	7154	5084	-6773	-179	490	610	0	0	0	0	0	0	0	99
18696	-4620	6949	5329	-6536	-30	376	70	0	0	0	0	0	0	0	99
18716	-4611	6928	5435	-6377	149	419	1170	0	0	0	0	0	0	0	99
18756	-4422	6923	5248	-6406	44	578	1450	0	0	0	0	0	0	0	99
18780	-4641	6966	5433	-6449	95	305	-650	0	0	0	0	0	0	0	99
18800	-4447	6874	5254	-6356	70	615	1290	0	0	0	0	0	0	0	99
18820	-4461	6864	5257	-6360	70	615	1290	0	0	0	0	0	0	0	99
18840	-4689	7002	5467	-6501	0	198	-980	0	0	0	0	0	0	0	99
18860	-4681	6847	5449	-6332	151	427	290	0	0	0	0	0	0	0	99
18896	-4938	6808	5681	-6271	182	244	-1170	0	0	0	0	0	0	0	99
18986	-4775	6602	5517	-6060	-47	741	-550	0	0	0	0	0	0	0	99
19006	-5235	6428	5936	-5823	396	492	-1480	0	0	0	0	0	0	0	99
19042	-5255	6448	5957	-5832	155	472	20	0	0	0	0	0	0	0	99
19074	-5241	5903	5857	-5298	231	755	-750	0	0	0	0	0	0	0	99
19094	-5344	6071	5966	-5470	67	418	0	0	0	0	0	0	0	0	99
19114	-5518	6094	6129	-5479	135	186	350	0	0	0	0	0	0	0	99
19126	-5517	6092	6123	-5484	135	186	350	0	0	0	0	0	0	0	99
19138	-5438	5982	6039	-5376	58	427	-230	0	0	0	0	0	0	0	99
19150	-5563	5840	6143	-5213	127	464	-300	0	0	0	0	0	0	0	99
19168	4103	5248	-3682	-5386	240	241	-90	0	0	0	0	0	0	0	99
19188	4302	5536	-3816	-5684	46	429	-910	0	0	0	0	0	0	0	99
19209	4232	5654	-3721	-5776	342	280	1000	0	0	0	0	0	0	0	99
19221	4445	5879	-3888	-6023	-32	377	-80	0	0	0	0	0	0	0	99
19237	4401	6005	-3822	-6142	24	425	-1450	0	0	0	0	0	0	0	99
19261	4536	6300	-3877	-6425	70	400	140	0	0	0	0	0	0	0	99
19281	4359	6454	-3677	-6555	264	276	-1440	0	0	0	0	0	0	0	99
19305	4435	6829	-3706	-6945	190	138	-590	0	0	0	0	0	0	0	99
19325	4448	6826	-3711	-6927	465	305	320	0	0	0	0	0	0	0	99
19334	4480	7185	-3702	-7306	99	61	-520	0	0	0	0	0	0	0	99
19346	4460	7181	-3694	-7306	99	61	-520	0	0	0	0	0	0	0	99
19358	4563	7202	-3787	-7336	216	278	230	0	0	0	0	0	0	0	99
19387	4616	7465	-3803	-7604	294	287	-420	0	0	0	0	0	0	0	99
19411	4594	7655	-3738	-7774	489	387	-750	0	0	0	0	0	0	0	99
19431	4563	7966	-3657	-8081	221	213	-970	0	0	0	0	0	0	0	99
19451	4605	8051	-3668	-8154	406	199	660	0	0	0	0	0	0	0	99
19471	4703	8361	-3712	-8471	267	245	250	0	0	0	0	0	0	0	99
19491	4574	8430	-3570	-8513	536	267	-1100	0	0	0	0	0	0	0	99
19511	4647	8552	-3600	-8626	495	272	350	0	0	0	0	0	0	0	99
19555	4781	9134	-3616	-9199	419	269	640	0	0	0	0	0	0	0	99
19575	4763	9107	-3597	-9171	419	269	640	0	0	0	0	0	0	0	99
19587	4728	9198	-3538	-9245	518	323	-530	0	0	0	0	0	0	0	99
19599	4717	9177	-3538	-9224	518	323	-530	0	0	0	0	0	0	0	99
19611	4540	9330	-3436	-9460	534	144	-590	0	0	0	0	0	0	0	99
19623	4629	9497	-3392	-9518	572	162	60	0	0	0	0	0	0	0	99
19695	4987	10015	-3640	-10056	644	325	-210	0	0	0	0	0	0	0	99
19724	5091	10182	-3692	-10206	707	454	200	0	0	0	0	0	0	0	99
19733	5261	10320	-3837	-10368	637	435	850	0	0	0	0	0	0	0	99
19757	5257	10513	-3810	-10558	729	477	-440	0	0	0	0	0	0	0	99
19778	5271	10594	-3815	-10640	729	477	-440	0	0	0	0	0	0	0	99
19830	5404	10633	-3901	-10654	1110	717	-220	0	0	0	0	0	0	0	99
19846	5476	10811	-3930	-10817	979	653	60	0	0	0	0	0	0	0	99
19858	5501	11041	-3940	-11070	863	380	520	0	0	0	0	0	0	0	99
19870	5488	11005	-3933	-11036	863	380	520	0	0	0	0	0	0	0	99
19883	5703	10983	-4124	-11027	796	706	80	0	0	0	0	0	0	0	99
19895	5608	11018	-4021	-11042	1059	676	-150	0	0	0	0	0	0	0	99
19908	5810	11211	-4191	-11264	833	556	620	0	0	0	0	0	0	0	99
19932	6032	11260	-4259	-11260	485	255	-150	0	0	0	0	0	0	0	99
19964	5852	10915	-4141	-10820	1388	806	270	0	0	0	0	0	0	0	99
20004	6307	11265	-4415	-11185	1326	809	640	0	0	0	0	0	0	0	99
20029	6407	11270	-4448	-11002	1445	1142	-240	0	0	0	0	0	0	0	99
20046	6337	11271	-4307	-11271	1331	714	40	0	0	0	0	0	0	0	99
20090	7707	11273	-5412	-11293	1504	641	3940	0	0	0	0	0	0	0	99
20107	8097	11275	-5773	-11275	1436	705	1700	0	0	0	0	0	0	0	99
20127	9224	11276	-6781	-11276	1296	397	2940	0	0	0	0	0	0	0	99
20175	10430	11111	-7911	-10996	1727	525	2080	0	0	0	0	0	0	0	99
20200	10805	10671	-8314	-10564	1828	347	1980	0	0	0	0	0	0	0	99
20240	10900	10457	-8469	-10354	1751	476	660	0	0	0	0	0	0	0	99
20280	10447	10429	-8139	-10325	2051	550	300	0	0	0	0	0	0	0	99
20425	8649	11154	-6351	-10836	2201	946	-900	0	0	0	0	0	0	0	99
20457	8631	11273	-6249	-11174	1554	708	-500	0	0	0	0	0	0	0	99
20474	7934	10495	-5665	-9967	3276	1685	-3050	0	0	0	0	0	0	0	99
20518	7238	11272	-4838	-10748	2302	1047	-1660	0	0	0	0	0	0	0	99
20554	7117	11272	-4664	-10597	2269	1470	-2940	0	0	0	0	0	0	0	99
20575	6641	11272	-4164	-10793	2054	1161	-2650	0	0	0	0	0	0	0	99
20611	5976	11271	-3446	-10848	1844	1203	-1970	0	0	0	0	0	0	0	99
20632	5787	11271	-3281	-10505	2270	1657	-1790	0	0	0	0	0	0	0	99
20641	5139	11271	3151	-10647	1918	1564	-3690	0	0	0	0	0	0	0	99
20673	3770	11271	4465	-10325	1919	1789	-2510	0	0	0	0	0	0	0	99
20694	3672	11271	4564	-10301	1762	1796	-1270	0	0	0	0	0	0	0	99
20726	-3117	11270	5464	-9995	1679	1911	-3190	0	0	0	0	0	0	0	99
20743	-3520	11270	5852	-10034	1357	1693	-2230	0	0	0	0	0	0	0	99
20767	-3345	11270	5657	-10055	1357	1693	-2230	0	0	0	0	0	0	0	99
20788	-5011	10310	7069	-8835	1338	2140	-3260	0	0	0	0	0	0	0	99
20805	-5794	10021	7748	-8470	1348	2051	-3740	0	0	0	0	0	0	0	99
20849	-6547	9056	8269	-7483	1062	2484	-4230	0	0	0	0	0	0	0	99
20889	-5892	8414	7482	-7012	1062	2484	-4230	0	0	0	0	0	0	0	99
20937	-5248	7789	6712	-6545	1062	2484	-4230	0	0	0	0	0	0	0	99
20969	-4837	7382	6214	-6238	1062	2484	-4230	0	0	0	0	0	0	0	99
20985	-7369	5164	8062	-3985	-543	2244	-2770	0	0	0	0	0	0	0	99
20997	-7612	4319	8105	-3188	-156	2406	-3820	0	0	0	0	0	0	0	99
21025	-7538	3411	7828	3426	-101	2400	-2480	0	0	0	0	0	0	0	99
21090	-7120	-4153	6861	4734	-584	2184	-1980	0	0	0	0	0	0	0	99
21126	-6637	-4624	6249	5105	-698	2031	-2450	0	0	0	0	0	0	0	99
21151	-6254	-4910	5809	5361	-820	2118	-3450	0	0	0	0	0	0	0	99
21191	-5228	-5438	4537	5525	-1216	1990	-2350	0	0	0	0	0	0	0	99
21200	-5201	-5365	4529	5461	-1216	1990	-2350	0	0	0	0	0	0	0	99
21240	-4124	-5410	3449	5312	-1398	1685	-2530	0	0	0	0	0	0	0	99
21256	-3795	-5464	3127	5330	-1277	1694	-1160	0	0	0	0	0	0	0	99
21268	-3330	-5333	-3099	5136	-1517	1688	-1130	0	0	0	0	0	0	0	99
21292	3121	-5276	-3698	4997	-1303	1672	-1100	0	0	0	0	0	0	0	99
21317	3511	-4906	-3940	4618	-1775	1531	-1190	0	0	0	0	0	0	0	99
21361	4249	-4391	-4626	3927	-1207	1359	-520	0	0	0	0	0	0	0	99
21382	4153	-4176	-4470	3729	-1519	1260	-520	0	0	0	0	0	0	0	99
21398	4384	-4037	-4690	3535	-1417	1359	-360	0	0	0	0	0	0	0	99
21410	4379	-3793	-4669	3277	-1110	1160	1310	0	0	0	0	0	0	0	99
21434	4671	-3071	-4768	-3207	-1212	938	70	0	0	0	0	0	0	0	99
21454	4728	3052	-4708	-3463	-975	859	1290	0	0	0	0	0	0	0	99
21494	4645	3182	-4531	-3454	-872	927	1790	0	0	0	0	0	0	0	99
21542	3173	-5810	-3594	5764	-587	475	1760	0	0	0	0	0	0	0	99
