0	-4290	6810	4835	-6614	0	-1	51	0	0	0	0	258	772	0	99
9	-5344	-5245	-5457	-5592	0	-1	52	0	0	0	0	27	10	3313	99
27	-5257	-5107	-5541	-5767	-4	0	49	0	0	0	0	56	20	3326	99
45	-5073	-4811	-5671	-6085	0	0	50	0	0	0	0	112	41	3323	99
57	-4960	-4650	-5723	-6224	-1	2	61	0	0	0	0	140	51	3306	99
72	-4838	-4485	-5783	-6365	0	2	81	0	0	0	0	169	60	3293	99
90	-4657	-4303	-5828	-6452	-1	5	126	-2	-1	-1	-1	199	63	3245	99
108	-4304	-3944	-5938	-6650	-1	9	189	-4	-3	-3	-3	260	71	3153	99
132	-3793	-3576	-6062	-6718	0	11	300	-7	-6	-6	-7	324	58	2990	99
150	-3498	-3398	-6124	-6706	1	14	406	-10	-9	-9	-10	356	45	2911	99
168	-3333	-3212	-6166	-6809	0	17	513	-13	-11	-12	-14	386	52	2911	99
186	-2979	-3048	-6245	-6741	1	21	625	-16	-14	-15	-17	418	29	2805	99
207	3474	3038	-6424	-6636	7	24	772	-20	-18	-20	-23	479	-15	2595	99
225	3849	3151	-6520	-6506	6	27	895	-24	-22	-24	-27	507	-48	2488	99
243	4609	3288	-6745	-6171	8	30	1045	-28	-25	-28	-32	555	-130	2221	99
261	4944	3365	-6832	-6028	9	32	1164	-31	-29	-32	-36	576	-164	2129	99
279	5363	3379	-6918	-5727	11	35	1308	-35	-32	-37	-41	590	-219	1985	99
300	5932	3400	-7148	-5452	16	34	1432	-37	-35	-41	-45	624	-293	1827	99
318	6236	3336	-7262	-5207	18	33	1487	-38	-37	-44	-48	631	-344	1723	99
342	6769	3205	-7491	-4789	32	34	1587	-39	-38	-48	-53	647	-436	1560	99
360	6820	3070	-7454	-4537	47	30	1620	-39	-38	-51	-55	626	-465	1504	99
381	6866	2996	-7401	-4343	57	25	1647	-38	-38	-54	-57	612	-484	1443	99
399	6905	2900	-7344	-4125	62	19	1648	-37	-38	-56	-58	593	-506	1365	99
423	6944	-3191	-7235	-3614	73	6	1660	-34	-37	-59	-60	543	-559	1235	99
441	6939	-3206	-7214	-3579	89	6	1664	-32	-36	-61	-62	542	-562	1225	99
465	6910	-3410	-7125	-3262	100	-12	1626	-28	-35	-64	-62	506	-593	1135	99
489	6888	-3556	-7033	-3005	111	-25	1631	-25	-35	-68	-63	477	-616	1071	99
507	6861	-3657	-6973	2957	124	-32	1612	-22	-34	-70	-64	459	-630	1024	99
531	6820	-3819	-6855	3245	136	-48	1598	-18	-33	-73	-65	425	-654	940	99
555	6717	-4112	-6683	3688	147	-57	1584	-15	-33	-76	-65	367	-689	848	99
573	6689	-4129	-6683	3680	158	-59	1556	-11	-32	-78	-65	367	-689	848	99
597	6637	-4212	-6584	3842	165	-81	1514	-7	-32	-81	-64	345	-700	777	99
615	6524	-4400	-6451	4107	170	-95	1477	-3	-32	-83	-62	304	-718	716	99
636	6439	-4500	-6394	4207	179	-110	1435	0	-32	-85	-61	285	-725	696	99
660	6336	-4614	-6332	4312	183	-135	1365	5	-32	-87	-58	263	-735	666	99
678	6300	-4615	-6379	4223	185	-145	1297	10	-31	-88	-56	270	-732	682	99
702	6066	-4887	-6203	4516	196	-177	1191	16	-30	-89	-52	214	-749	624	99
720	5989	-4950	-6184	4535	197	-196	1144	20	-31	-91	-49	203	-753	627	99
744	5793	-5156	-6029	4763	197	-210	1092	24	-31	-93	-46	157	-763	597	99
762	5690	-5257	-5971	4847	203	-218	1038	28	-31	-94	-44	137	-767	582	99
786	5619	-5296	-5965	4828	206	-235	976	32	-32	-95	-40	132	-767	584	99
804	5527	-5386	-5861	4963	204	-243	947	35	-32	-96	-38	107	-772	545	99
822	5386	-5512	-5769	5079	201	-252	908	38	-33	-97	-36	78	-775	539	99
846	5210	-5651	-5659	5196	211	-259	866	42	-33	-99	-33	47	-776	541	99
864	4996	-5817	-5493	5370	211	-272	815	45	-33	-100	-31	4	-776	522	99
882	4885	-5901	-5467	5389	206	-279	761	48	-33	-100	-28	-10	-776	538	99
906	4717	-6017	-5380	5460	202	-293	686	51	-33	-100	-24	-37	-775	534	99
924	4534	-6145	-5249	5581	199	-299	658	53	-34	-101	-21	-71	-773	536	99
948	4348	-6258	-5141	5655	193	-307	605	56	-35	-101	-18	-100	-768	543	99
969	4214	-6342	-5067	5707	189	-316	562	58	-35	-101	-15	-122	-765	547	99
987	4028	-6451	-4940	5799	184	-320	526	60	-36	-101	-13	-153	-759	552	99
999	3900	-6517	-4832	5875	181	-322	507	61	-36	-101	-11	-176	-753	545	99
1023	3703	-6625	-4705	5955	172	-320	475	63	-37	-100	-8	-208	-745	560	99
1041	3421	-6764	-4503	6073	166	-319	437	64	-37	-99	-5	-254	-730	575	99
1059	3147	-6846	-4222	6225	161	-323	431	64	-39	-100	-3	-302	-709	552	99
1083	2926	-6895	-3991	6335	147	-323	416	65	-41	-99	0	-341	-689	526	99
1101	2930	-6562	-3942	6003	135	-326	414	64	-42	-99	1	-305	-640	522	99
1125	-3673	-6396	-3162	5921	122	-327	383	64	-44	-98	4	-388	-512	524	99
1143	-4630	-5585	3709	5272	115	-327	384	64	-46	-97	6	-424	-267	512	99
1161	-5203	-4648	4386	4393	98	-328	363	63	-47	-96	9	-392	-52	515	99
1182	-5068	-4914	4216	4642	82	-329	344	62	-49	-94	12	-408	-110	501	99
1200	-5178	-5023	4324	4789	76	-331	341	61	-51	-93	14	-438	-113	487	99
1221	-5386	-5284	4492	5087	66	-331	341	59	-53	-92	17	-497	-127	483	99
1239	-5489	-5410	4576	5231	57	-324	328	58	-54	-89	19	-526	-131	474	99
1263	-5693	-5627	4792	5538	39	-312	341	55	-57	-86	22	-587	-137	447	99
1287	-5918	-5880	4965	5815	19	-303	331	51	-59	-82	25	-646	-145	448	99
1305	-5987	-6038	4991	5963	0	-297	321	49	-60	-79	27	-674	-159	455	99
1326	-6204	-6279	5180	6251	-17	-291	309	46	-61	-76	30	-734	-166	440	99
1344	-6336	-6339	5348	6387	-30	-280	326	42	-63	-73	32	-767	-157	417	99
1365	-6509	-6615	5481	6696	-50	-273	333	38	-65	-70	35	-824	-175	417	99
1389	-6621	-6708	5596	6827	-66	-265	319	34	-67	-65	38	-855	-173	397	99
1410	-6707	-6849	5655	6977	-83	-254	323	30	-68	-61	40	-885	-181	403	99
1428	-6860	-6866	5877	7105	-93	-242	354	26	-70	-59	41	-919	-163	368	99
1452	-7137	-7060	6202	7438	-113	-231	366	21	-72	-54	44	-991	-155	317	99
1476	-7112	-7042	6180	7416	-138	-226	363	16	-75	-49	48	-992	-154	316	99
1500	-7162	-6852	6371	7369	-159	-212	384	10	-77	-45	50	-997	-117	248	99
1518	-7161	-6809	6398	7350	-168	-205	409	6	-79	-42	51	-998	-109	248	99
1542	-7116	-6757	6407	7345	-198	-194	421	0	-82	-36	55	-998	-105	224	99
1566	-7130	-6639	6484	7285	-239	-186	414	-6	-86	-30	60	-1000	-84	187	99
1590	-7107	-6560	6510	7247	-280	-195	459	-13	-91	-27	63	-1001	-76	186	99
1608	-7126	-6476	6583	7214	-286	-185	458	-16	-92	-23	65	-1002	-59	157	99
1632	-7071	-6479	6536	7219	-308	-179	463	-22	-95	-18	68	-1001	-65	155	99
1650	-7131	-6363	6634	7140	-320	-177	457	-26	-97	-14	71	-1003	-39	135	99
1668	-7048	-6164	6803	7191	-340	-172	499	-31	-101	-11	73	-1003	-21	0	99
1686	-7097	-6090	6850	7110	-355	-167	482	-35	-102	-6	76	-1004	-2	0	99
1704	-7081	-6085	6832	7099	-363	-163	478	-38	-104	-3	78	-1004	-2	0	99
1722	-7098	-6016	6864	7040	-385	-156	483	-43	-106	1	81	-1004	11	0	99
1746	-7137	-5922	6916	6951	-406	-155	483	-48	-109	5	85	-1003	31	0	99
1764	-7117	-5913	6898	6942	-418	-149	483	-52	-111	9	87	-1003	31	0	99
1788	-7178	-5741	7016	6818	-441	-142	523	-58	-115	12	90	-1002	66	0	99
1812	-7134	-5763	6969	6831	-461	-139	521	-63	-118	17	94	-1003	58	0	99
1830	-7184	-5666	7030	6739	-472	-135	517	-66	-120	20	97	-1002	81	0	99
1854	-7097	-5475	7174	6770	-491	-129	529	-71	-123	24	100	-1000	98	-137	99
1878	-7108	-5407	7197	6706	-508	-123	518	-75	-125	29	104	-999	111	-145	99
1896	-7096	-5366	7207	6681	-520	-115	516	-79	-127	32	107	-998	117	-156	99
1917	-7074	-5322	7217	6665	-535	-108	508	-83	-129	36	110	-997	122	-179	99
1935	-7105	-5245	7253	6584	-547	-103	495	-86	-130	40	112	-995	138	-181	99
1953	-7055	-5284	7203	6622	-556	-96	486	-89	-132	44	115	-997	127	-190	99
1971	-7093	-5166	7275	6530	-564	-90	482	-92	-133	47	117	-993	151	-204	99
1989	-7056	-5107	7307	6535	-572	-84	486	-95	-134	50	119	-993	156	-244	99
2013	-7045	-5139	7254	6519	-583	-77	482	-99	-136	54	122	-993	152	-218	99
2037	-7049	-5024	7318	6456	-595	-72	449	-103	-137	59	126	-990	171	-268	99
2055	-7077	-4900	7389	6366	-602	-65	456	-106	-138	62	127	-986	195	-282	99
2079	-7016	-5062	7243	6445	-614	-57	425	-109	-139	67	131	-991	165	-254	99
2097	-7050	-5010	7257	6367	-622	-50	397	-111	-139	71	133	-989	179	-250	99
2115	-7005	-5009	7246	6398	-630	-47	406	-114	-140	73	135	-990	174	-269	99
2136	-6990	-5057	7187	6401	-638	-38	383	-117	-141	77	137	-991	167	-256	99
2160	-7013	-4956	7241	6321	-645	-33	366	-120	-141	81	140	-987	187	-277	99
2178	-6984	-4975	7213	6340	-651	-25	359	-123	-142	84	141	-988	182	-283	99
2202	-6969	-4961	7200	6322	-662	-11	349	-126	-142	88	144	-988	185	-287	99
2223	-6972	-4928	7209	6291	-666	-11	334	-129	-143	91	146	-987	191	-297	99
2244	-6959	-5016	7111	6291	-685	-1	282	-131	-142	97	149	-989	179	-274	99
2262	-6976	-4913	7176	6228	-687	3	270	-133	-143	99	151	-985	198	-304	99
2286	-6942	-4991	7101	6264	-694	10	269	-136	-143	102	152	-988	184	-282	99
2304	-6977	-4986	7087	6204	-694	12	239	-138	-143	105	154	-987	191	-263	99
2322	-6950	-4958	7101	6213	-700	11	234	-140	-143	107	156	-987	192	-292	99
2349	-6950	-4917	7106	6170	-716	9	212	-143	-144	111	158	-985	199	-304	99
2373	-6954	-4916	7089	6145	-721	11	208	-146	-145	114	160	-985	201	-291	99
2397	-6956	-4928	7055	6117	-734	15	166	-148	-145	118	163	-985	201	-291	99
2415	-6964	-4662	7210	5977	-775	11	223	-153	-149	120	164	-976	241	-335	99
2439	-6894	-4732	7157	6067	-784	15	244	-157	-150	122	164	-980	223	-341	99
2457	-6927	-4630	7215	5982	-783	19	240	-158	-150	123	165	-975	243	-351	99
2475	-6882	-4823	7077	6091	-782	21	217	-159	-150	125	166	-983	210	-316	99
2496	-6893	-4768	7109	6052	-779	26	202	-160	-149	128	167	-981	221	-334	99
2520	-6900	-4637	7196	5994	-777	24	209	-162	-150	129	168	-976	241	-374	99
2538	-6924	-4509	7274	5911	-775	31	231	-164	-150	130	168	-970	264	-386	99
2562	-6886	-4584	7221	5975	-777	31	226	-166	-151	132	169	-974	249	-385	99
2586	-6899	-4509	7263	5924	-772	39	225	-168	-151	134	169	-970	264	-398	99
2610	-6864	-4593	7195	5976	-783	44	227	-171	-151	136	170	-975	248	-380	99
2628	-6868	-4577	7201	5960	-780	47	214	-171	-151	138	171	-974	252	-387	99
2652	-6867	-4479	7261	5917	-780	51	222	-174	-151	140	171	-969	267	-415	99
2670	-6894	-4417	7288	5850	-780	53	220	-175	-151	141	171	-966	281	-410	99
2688	-6855	-4504	7234	5926	-779	60	224	-176	-151	143	171	-970	265	-404	99
2709	-6867	-4353	7328	5848	-776	60	214	-178	-151	144	172	-963	289	-453	99
2733	-6865	-4231	7400	5791	-774	66	247	-180	-151	145	171	-958	308	-473	99
2751	-6844	-4135	7466	5775	-769	71	268	-182	-152	146	170	-953	320	-512	99
2772	-6845	-4285	7364	5832	-769	72	246	-183	-151	148	171	-960	299	-467	99
2790	-6885	-4226	7387	5748	-765	68	219	-183	-150	149	172	-956	314	-464	99
2808	-6847	-4255	7375	5807	-762	79	230	-184	-150	150	172	-958	306	-478	99
2829	-6832	-4171	7427	5785	-761	85	260	-187	-151	151	171	-955	318	-499	99
2847	-6849	-4069	7479	5709	-759	86	252	-187	-150	152	172	-948	336	-518	99
2865	-6832	-4002	7523	5698	-756	90	265	-189	-151	153	171	-946	344	-546	99
2883	-6844	-3963	7538	5657	-754	88	262	-190	-151	154	171	-943	352	-546	99
2901	-6832	-4048	7488	5710	-754	91	253	-191	-150	155	172	-948	339	-532	99
2919	-6847	-4017	7499	5671	-749	94	242	-191	-150	157	172	-945	346	-532	99
2943	-6841	-4024	7494	5680	-745	96	227	-192	-149	158	172	-945	345	-542	99
2967	-6840	-4016	7497	5674	-742	98	231	-193	-149	159	172	-945	347	-541	99
2991	-6847	-3946	7529	5623	-741	101	211	-194	-148	161	173	-940	359	-563	99
3009	-6846	-3895	7550	5588	-747	98	230	-195	-149	161	173	-937	367	-563	99
3027	-6852	-3911	7535	5582	-748	99	216	-196	-148	162	173	-938	366	-557	99
3045	-6851	-3938	7522	5598	-743	99	217	-196	-148	163	173	-939	362	-550	99
3063	-6844	-4007	7478	5635	-747	101	201	-197	-148	164	174	-944	352	-540	99
3084	-6841	-3868	7556	5567	-744	104	209	-198	-148	165	174	-936	373	-579	99
3108	-6861	-3857	7553	5530	-742	102	193	-198	-147	166	174	-934	377	-571	99
3126	-6882	-3750	7598	5436	-740	105	194	-199	-147	167	174	-926	397	-577	99
3147	-6845	-3792	7594	5517	-737	106	207	-200	-147	167	174	-931	386	-596	99
3165	-6873	-3709	7626	5428	-732	107	192	-200	-146	168	174	-924	403	-599	99
3183	-6857	-3746	7601	5458	-742	113	188	-201	-146	169	174	-927	396	-599	99
3204	-6854	-3836	7552	5510	-741	116	173	-201	-145	170	175	-932	383	-584	99
3228	-6860	-3910	7504	5535	-735	116	154	-201	-144	171	175	-935	373	-564	99
3252	-6872	-3820	7557	5480	-726	122	160	-201	-144	172	174	-929	390	-580	99
3270	-6869	-3732	7605	5438	-714	122	166	-201	-143	172	173	-923	402	-605	99
3294	-6864	-3777	7568	5454	-725	132	134	-201	-142	174	174	-926	397	-605	99
3312	-6869	-3759	7571	5430	-726	138	143	-202	-142	175	174	-924	401	-595	99
3330	-6860	-3758	7576	5444	-723	137	138	-202	-141	175	174	-924	401	-608	99
3348	-6893	-3747	7571	5394	-716	137	126	-202	-141	176	173	-921	407	-588	99
3366	-6879	-3733	7582	5405	-715	141	126	-202	-140	177	173	-921	408	-604	99
3387	-6880	-3787	7553	5433	-716	142	105	-202	-139	178	173	-925	401	-600	99
3411	-6866	-3759	7569	5432	-715	149	123	-203	-139	178	173	-923	404	-607	99
3432	-6853	-3679	7608	5397	-718	154	135	-204	-139	179	172	-918	415	-628	99
3456	-6858	-3604	7642	5346	-711	160	137	-205	-139	179	171	-912	428	-639	99
3474	-6849	-3566	7672	5345	-701	160	140	-205	-138	179	171	-910	433	-661	99
3492	-6840	-3556	7667	5338	-709	170	161	-206	-139	180	170	-909	435	-650	99
3510	-6850	-3614	7637	5361	-702	173	146	-206	-138	181	170	-912	428	-636	99
3534	-6844	-3636	7633	5389	-696	174	146	-206	-137	182	170	-914	425	-640	99
3552	-6853	-3554	7657	5312	-697	185	144	-207	-136	183	169	-907	440	-642	99
3570	-6834	-3601	7644	5372	-698	186	145	-207	-135	183	169	-911	431	-651	99
3588	-6850	-3564	7649	5318	-696	192	141	-208	-134	184	168	-907	440	-641	99
3606	-6840	-3574	7649	5340	-694	196	141	-208	-133	185	168	-908	438	-648	99
3630	-6829	-3625	7623	5378	-697	203	130	-209	-132	186	167	-912	431	-648	99
3648	-6828	-3386	7727	5221	-695	206	140	-209	-132	186	166	-894	467	-692	99
3666	-6817	-3425	7716	5265	-692	210	156	-210	-131	186	165	-897	461	-686	99
3690	-6815	-3550	7661	5349	-690	218	141	-210	-129	188	165	-906	444	-670	99
3708	-6837	-3510	7665	5285	-688	220	125	-210	-128	189	164	-901	454	-662	99
3726	-6843	-3612	7620	5345	-684	221	105	-210	-127	190	164	-908	440	-647	99
3750	-6834	-3586	7642	5349	-673	224	102	-210	-125	190	163	-906	444	-669	99
3768	-6874	-3654	7589	5328	-672	225	71	-209	-123	192	163	-908	440	-628	99
3786	-6876	-3827	7507	5431	-671	225	31	-209	-122	193	164	-919	416	-609	99
3804	-6903	-3789	7511	5363	-670	225	12	-208	-120	194	164	-915	426	-600	99
3822	-6887	-3863	7477	5427	-675	225	3	-209	-120	195	164	-921	413	-600	99
3846	-6891	-3799	7503	5378	-675	226	6	-210	-119	196	163	-916	424	-608	99
3870	-6891	-3878	7463	5423	-677	227	-10	-210	-118	197	163	-921	413	-597	99
3888	-6912	-3919	7432	5414	-677	226	-29	-210	-117	198	163	-922	410	-575	99
3912	-6907	-3941	7426	5436	-675	224	-34	-210	-116	198	163	-924	407	-580	99
3930	-6921	-3867	7444	5357	-677	225	-42	-210	-116	199	163	-917	420	-580	99
3948	-6922	-3908	7440	5399	-668	223	-39	-210	-115	199	162	-921	414	-579	99
3972	-6910	-3939	7426	5430	-666	232	-47	-211	-114	200	162	-923	409	-584	99
3996	-6909	-3932	7417	5413	-674	228	-50	-211	-114	201	163	-922	410	-580	99
4017	-6912	-4001	7378	5445	-674	230	-58	-211	-114	201	163	-926	401	-562	99
4035	-6921	-3973	7384	5410	-674	235	-69	-211	-113	202	163	-923	407	-562	99
4059	-6914	-3883	7433	5368	-676	233	-73	-212	-113	202	163	-918	419	-595	99
4083	-6913	-3893	7430	5376	-676	230	-59	-212	-114	202	163	-919	418	-586	99
4104	-6917	-3923	7421	5397	-668	224	-53	-213	-114	202	163	-921	413	-577	99
4122	-6933	-3893	7439	5366	-656	223	-56	-212	-114	201	163	-918	420	-577	99
4140	-6931	-3934	7430	5404	-644	221	-58	-212	-113	201	162	-921	413	-577	99
4164	-6947	-3904	7449	5375	-629	219	-60	-212	-113	201	162	-918	420	-577	99
4182	-6952	-3908	7453	5379	-619	218	-61	-212	-113	200	161	-918	420	-577	99
4200	-6949	-3947	7443	5417	-608	216	-62	-211	-113	200	161	-921	413	-577	99
4221	-6959	-3952	7452	5424	-597	215	-62	-211	-112	200	161	-922	413	-577	99
4245	-6972	-3921	7470	5394	-585	213	-63	-211	-112	200	161	-919	420	-577	99
4263	-7012	-3760	7527	5233	-585	197	-71	-211	-113	200	161	-906	447	-579	99
4284	-6996	-3639	7585	5172	-591	193	-51	-213	-114	199	161	-898	463	-607	99
4302	-6994	-3564	7608	5113	-596	197	-35	-214	-115	200	161	-892	474	-607	99
4320	-6988	-3739	7532	5235	-597	201	-42	-214	-115	201	162	-906	448	-578	99
4341	-6934	-3449	7667	5105	-601	207	10	-217	-116	200	161	-886	485	-650	99
4359	-6939	-3463	7652	5098	-606	209	15	-218	-116	200	161	-887	484	-633	99
4377	-6913	-3454	7658	5120	-612	217	30	-219	-116	201	161	-887	483	-645	99
4395	-6921	-3359	7695	5043	-609	216	31	-219	-116	201	161	-879	498	-655	99
4419	-6879	-3313	7725	5067	-610	226	71	-221	-117	201	160	-878	501	-676	99
4443	-6894	-3257	7741	5005	-606	219	30	-220	-116	202	161	-872	511	-695	99
4467	-6839	-3008	7832	4875	-613	227	53	-222	-117	203	160	-853	541	-758	99
4485	-6827	-2996	7833	4875	-618	231	90	-224	-118	203	160	-852	542	-744	99
4506	-6814	2918	7875	4803	-617	230	86	-224	-118	204	160	-843	558	-773	99
4524	-6804	2921	7867	4800	-622	240	108	-226	-118	204	159	-842	559	-760	99
4542	-6788	-2934	7857	4869	-623	248	109	-227	-118	205	159	-849	549	-768	99
4566	-6757	2979	7888	4803	-627	261	130	-228	-118	206	158	-839	565	-786	99
4590	-6719	3089	7923	4750	-629	269	148	-230	-117	207	158	-829	578	-814	99
4608	-6701	3135	7945	4739	-629	271	150	-231	-116	207	157	-826	583	-836	99
4629	-6729	2969	7879	4824	-627	280	128	-231	-114	209	157	-838	564	-797	99
4647	-6717	3146	7920	4673	-627	288	92	-231	-112	210	158	-820	591	-836	99
4665	-6762	2902	7831	4806	-633	289	63	-231	-110	212	158	-841	562	-782	99
4689	-6750	2992	7844	4724	-628	299	47	-231	-107	213	157	-830	577	-798	99
4713	-6821	-3106	7710	4841	-633	307	-29	-230	-102	217	159	-851	545	-727	99
4731	-6883	-3229	7635	4833	-634	308	-73	-230	-100	218	159	-857	537	-668	99
4752	-6886	-3414	7569	4968	-636	310	-107	-230	-98	220	160	-873	511	-659	99
4770	-6958	-3725	7408	5071	-633	314	-166	-228	-94	222	160	-892	476	-560	99
4788	-6972	-3946	7305	5195	-633	317	-209	-228	-92	224	161	-907	446	-525	99
4812	-7018	-4170	7173	5256	-638	318	-267	-227	-90	227	162	-919	421	-456	99
4830	-7050	-4375	7056	5327	-635	312	-322	-226	-88	229	163	-930	395	-405	99
4848	-7073	-4506	6981	5370	-632	312	-378	-224	-86	231	165	-937	379	-382	99
4872	-7098	-4773	6820	5471	-634	302	-422	-223	-85	232	166	-952	342	-305	99
4890	-7122	-4606	6906	5352	-636	298	-448	-223	-84	233	167	-941	370	-348	99
4908	-7098	-4811	6792	5484	-636	299	-433	-223	-85	233	166	-954	337	-297	99
4926	-7138	-4837	6764	5442	-640	280	-465	-223	-85	233	168	-954	336	-272	99
4950	-7112	-4929	6714	5518	-644	281	-456	-223	-86	233	168	-960	318	-259	99
4968	-7132	-4957	6689	5502	-645	277	-449	-223	-87	233	168	-961	317	-227	99
4986	-7121	-5053	6638	5566	-640	268	-453	-223	-87	232	169	-966	299	-211	99
5004	-7131	-4971	6659	5484	-672	268	-454	-224	-89	233	170	-962	313	-211	99
5022	-7133	-4996	6630	5478	-689	266	-447	-225	-91	233	172	-963	309	-187	99
5043	-7088	-5083	6586	5573	-694	261	-432	-225	-92	232	172	-970	289	-187	99
5061	-7106	-4995	6635	5510	-697	258	-414	-226	-94	231	172	-965	303	-190	99
5079	-7090	-4967	6667	5531	-688	249	-391	-226	-95	230	172	-965	303	-208	99
5103	-7082	-4881	6731	5515	-685	242	-349	-226	-98	228	171	-962	313	-226	99
5121	-7093	-4708	6833	5421	-686	238	-314	-227	-100	226	171	-953	339	-252	99
5139	-7066	-4625	6895	5423	-688	236	-265	-228	-102	224	170	-951	346	-278	99
5163	-7038	-4428	7023	5371	-690	233	-207	-230	-105	222	169	-942	370	-334	99
5181	-7030	-4296	7093	5307	-692	232	-165	-231	-107	221	168	-934	388	-351	99
5199	-7020	-4221	7145	5290	-688	228	-131	-231	-109	219	168	-931	396	-367	99
5223	-6979	-3974	7297	5221	-682	226	-60	-233	-111	216	166	-918	426	-437	99
5241	-6981	-3868	7343	5147	-682	223	-31	-233	-113	215	165	-910	441	-439	99
5259	-6951	-3803	7393	5161	-682	221	-2	-234	-114	214	165	-909	446	-472	99
5277	-6930	-3534	7518	5013	-681	223	50	-235	-116	212	163	-890	483	-516	99
5295	-6893	-3481	7559	5036	-683	225	87	-236	-117	211	162	-888	486	-543	99
5319	-6875	-3295	7636	4927	-684	224	115	-237	-118	210	162	-874	510	-574	99
5343	-6833	-3102	7729	4850	-682	224	150	-238	-119	209	160	-861	533	-628	99
5361	-6835	-2942	7776	4716	-676	221	176	-238	-120	207	159	-845	557	-628	99
5382	-6770	2947	7851	4765	-668	225	245	-240	-121	205	157	-842	561	-677	99
5400	-6776	3080	7874	4631	-668	225	226	-239	-121	206	157	-828	582	-686	99
5418	-6740	3300	7944	4490	-668	224	246	-239	-121	205	156	-808	610	-726	99
5442	-6737	3188	7926	4603	-666	230	248	-239	-120	205	155	-820	594	-725	99
5463	-6740	3182	7917	4595	-665	235	238	-239	-119	206	155	-819	595	-722	99
5487	-6749	3244	7926	4522	-657	236	220	-238	-117	206	154	-811	606	-726	99
5505	-6787	3137	7895	4572	-649	237	196	-237	-114	206	153	-819	596	-702	99
5529	-6855	2915	7800	4651	-645	239	133	-235	-111	208	154	-834	574	-647	99
5547	-6910	-2941	7745	4599	-644	240	71	-233	-108	209	155	-834	574	-612	99
5565	-6992	-3386	7582	4847	-634	239	10	-230	-105	210	155	-869	519	-521	99
5655	-7233	-4246	7134	5090	-626	225	-274	-219	-93	216	159	-920	424	-294	99
5679	-7274	-4400	7045	5125	-626	222	-327	-217	-91	217	160	-928	407	-250	99
5700	-7308	-4500	6990	5145	-621	216	-363	-215	-90	217	161	-933	396	-220	99
5718	-7336	-4672	6898	5212	-611	210	-365	-214	-90	216	160	-942	374	-156	99
5742	-7338	-4650	6917	5206	-610	209	-368	-213	-89	215	160	-941	376	-168	99
5760	-7360	-4509	6994	5110	-603	200	-369	-211	-89	214	160	-931	399	-195	99
5778	-7377	-4644	6926	5171	-603	195	-377	-211	-89	213	160	-940	380	-153	99
5802	-7364	-4689	6903	5211	-606	192	-356	-210	-90	212	159	-943	371	-139	99
5915	-7353	-4341	7104	5055	-628	168	-223	-211	-97	204	156	-925	415	-178	99
5939	-7363	-4222	7167	4978	-625	163	-199	-210	-98	202	155	-917	433	-188	99
5957	-7347	-3943	7314	4841	-619	159	-146	-211	-100	199	153	-899	471	-245	99
5978	-7332	-3780	7389	4752	-616	155	-121	-211	-101	197	152	-886	492	-276	99
5996	-7321	-3678	7435	4699	-620	150	-69	-212	-104	195	151	-879	504	-276	99
6014	-7293	-3495	7527	4620	-611	147	-33	-211	-105	193	150	-866	526	-321	99
6038	-7245	-3288	7620	4534	-614	149	29	-213	-107	190	148	-852	550	-361	99
6056	-7207	-2969	7723	4319	-614	146	68	-213	-108	189	147	-823	592	-405	99
6074	-7170	-2909	7769	4339	-611	143	114	-214	-110	186	146	-821	594	-430	99
6098	-7128	3168	7853	4153	-602	144	151	-214	-111	184	144	-794	630	-468	99
6122	-7028	3526	7949	3943	-608	149	199	-215	-112	183	143	-760	671	-539	99
6140	-7049	3458	7937	3987	-601	152	211	-215	-111	182	142	-766	664	-515	99
6170	-6970	3836	7996	3687	-596	154	213	-214	-110	181	140	-723	711	-570	99
6194	-6903	4042	8023	3540	-591	160	220	-214	-108	181	139	-698	734	-609	99
6218	-6910	4060	8011	3495	-583	169	228	-214	-106	180	137	-693	740	-587	99
6236	-6942	3995	7970	3488	-583	179	192	-213	-103	182	137	-695	737	-562	99
6254	-6995	3907	7933	3493	-575	182	153	-211	-100	182	137	-700	733	-530	99
6272	-7002	3931	7924	3446	-567	183	131	-210	-98	182	136	-694	738	-530	99
6299	-7184	3523	7792	3587	-564	191	62	-208	-93	185	137	-729	704	-391	99
6320	-7191	3596	7778	3475	-556	189	3	-206	-90	186	137	-716	717	-403	99
6344	-7352	3213	7658	3622	-547	193	-72	-203	-85	187	137	-749	683	-290	99
6368	-7485	2943	7540	3666	-543	198	-151	-200	-81	189	138	-767	663	-187	99
6386	-7545	-2967	7496	3683	-533	195	-211	-197	-78	190	138	-774	655	-161	99
6410	-7698	-3236	7339	3661	-530	199	-262	-195	-75	192	139	-788	638	0	99
6428	-7723	-3153	7325	3521	-526	194	-322	-193	-72	192	139	-774	654	0	99
6446	-7776	-3606	7247	3908	-524	195	-397	-190	-69	194	141	-822	593	0	99
6470	-7790	-3468	7263	3751	-515	195	-417	-188	-67	194	140	-805	616	0	99
6491	-7815	-3499	7248	3746	-510	193	-457	-186	-66	194	140	-806	614	0	99
6509	-7941	-3547	7141	3551	-509	189	-479	-185	-65	194	141	-797	625	146	99
6527	-7985	-3609	7088	3519	-505	191	-497	-183	-64	194	140	-798	623	197	99
6545	-8035	-3586	7060	3408	-507	183	-519	-182	-63	194	141	-791	632	242	99
6569	-7989	-3339	7100	3212	-505	188	-490	-182	-63	193	139	-763	664	224	99
6593	-7946	-3001	7116	-2923	-504	183	-482	-182	-64	192	139	-721	708	223	99
6611	-7526	3095	6803	-3220	-505	191	-429	-183	-65	191	137	-641	700	217	99
6629	-7324	3716	6772	-3782	-505	188	-390	-183	-66	189	135	-556	767	186	99
6647	-6740	4227	6335	-4314	-501	193	-347	-184	-67	188	133	-431	769	172	99
6668	-6347	4817	6332	-4617	-501	196	-282	-186	-68	186	131	-354	805	0	99
6692	-6013	5294	6162	-5043	-497	196	-180	-188	-70	182	126	-268	834	0	99
6716	-3251	6425	3712	-6493	-490	201	-87	-190	-71	179	122	200	649	0	99
6734	3121	6631	3237	-6724	-478	212	-27	-191	-70	177	118	291	608	0	99
6752	3752	6761	-3107	-6885	-465	214	33	-191	-70	175	113	382	547	0	99
6773	5604	6103	-4755	-6195	-454	232	107	-192	-69	172	108	514	209	-141	99
6797	6244	5770	-5255	-5745	-438	243	193	-192	-68	169	101	539	76	-215	99
6815	6487	5479	-5513	-5459	-421	252	242	-190	-67	166	96	538	1	-202	99
6836	6790	4777	-5868	-4742	-393	268	272	-187	-63	163	90	498	-141	-216	99
6866	6799	4598	-5910	-4562	-356	262	280	-181	-59	158	82	487	-171	-208	99
6884	6737	4549	-5915	-4568	-324	255	278	-176	-56	154	78	487	-171	-168	99
6914	6793	4071	-6010	-4055	-279	244	271	-167	-51	148	70	446	-253	-197	99
6938	6778	3745	-6018	-3691	-242	231	264	-160	-47	142	64	412	-304	-223	99
6956	6674	3405	-6038	-3417	-216	220	240	-154	-43	137	60	375	-343	-187	99
6977	6624	3303	-5998	-3297	-184	204	219	-146	-40	132	56	364	-356	-207	99
6995	6526	3056	-5960	-3058	-157	187	225	-140	-37	126	52	332	-383	-191	99
7025	5770	-3460	-5429	3458	-114	163	140	-128	-31	119	47	179	-399	-173	99
7049	5274	-4019	-5097	4011	-80	143	107	-119	-27	112	43	70	-423	-145	99
7067	4855	-4343	-4740	4394	-56	131	96	-113	-24	106	40	-13	-421	-151	99
7082	4825	-4353	-4717	4404	-37	121	93	-108	-23	102	37	-13	-421	-151	99
7106	4284	-4630	-4213	4782	-13	106	89	-100	-20	94	33	-108	-397	-168	99
7130	3164	-4949	-3428	4961	10	87	59	-92	-18	88	31	-246	-303	0	99
7148	-3171	-4577	2938	4655	25	74	47	-86	-17	83	29	-268	-181	0	99
7172	-3661	-4389	3408	4499	38	49	9	-78	-15	77	27	-300	-94	0	99
7190	-3873	-4269	3617	4390	51	36	-7	-73	-14	73	26	-308	-51	0	99
7208	-3977	-4217	3708	4331	62	24	-27	-69	-12	69	25	-310	-33	0	99
7226	-4163	-4015	3913	4146	68	11	-33	-65	-12	65	24	-308	18	0	99
7241	-4299	-3760	4074	3897	70	2	-45	-62	-11	62	24	-294	72	0	99
7259	-4353	-3709	4116	3831	72	-11	-65	-58	-10	59	23	-291	84	0	99
7283	-4357	-3734	4119	3858	73	-13	-61	-55	-10	55	22	-293	80	0	99
7301	-4370	-3690	4153	3832	73	-14	-43	-53	-10	53	21	-290	87	0	99
7319	-4388	-3603	4207	3775	70	-13	-14	-52	-10	50	20	-285	101	0	99
7337	-4276	-3498	4324	3901	65	-13	7	-51	-11	48	19	-286	100	-139	99
7355	-4293	-3187	4439	3651	59	-13	25	-50	-11	46	19	-260	148	-165	99
7373	-4248	-3217	4460	3756	55	-15	51	-50	-12	43	18	-267	136	-200	99
7391	-4230	-3155	4499	3746	55	-15	79	-49	-13	41	17	-263	142	-217	99
7412	-4198	-3096	4542	3758	51	-13	109	-49	-14	39	16	-261	146	-246	99
7430	-3689	3355	4245	3149	43	-14	145	-49	-16	37	16	-137	177	-298	99
7448	-3670	3404	4256	3125	42	-17	169	-49	-17	35	15	-132	181	-300	99
7466	3490	3336	2955	3033	39	-17	176	-48	-17	34	15	28	-4	-322	99
7484	3501	3349	2965	3039	31	-20	198	-48	-18	33	15	28	-5	-322	99
7499	3714	3494	-2922	2977	25	-22	220	-49	-19	31	15	58	-12	-380	99
7517	4046	3702	-3163	-3019	21	-24	253	-49	-20	30	14	117	-24	-398	99
7541	4187	3782	-3303	-3137	21	-23	235	-47	-20	29	14	146	-31	-398	99
7559	4430	3936	-3600	-3425	23	-26	205	-45	-19	28	15	206	-39	-356	99
7577	4610	4022	-3727	-3495	25	-24	206	-44	-19	27	15	234	-49	-381	99
7595	4844	4199	-4006	-3799	28	-26	188	-42	-18	27	15	295	-53	-336	99
7613	4944	4254	-4170	-3957	31	-28	156	-40	-17	26	15	324	-57	-302	99
7631	5089	4330	-4306	-4063	38	-25	131	-38	-15	25	16	354	-64	-312	99
7652	5420	4530	-4543	-4248	43	-21	158	-37	-15	23	14	412	-77	-336	99
7670	5691	4723	-4798	-4504	48	-24	142	-34	-14	22	14	472	-83	-333	99
7688	5674	4708	-4799	-4505	56	-23	123	-32	-13	21	13	472	-83	-333	99
7706	5807	4787	-4933	-4622	63	-22	105	-30	-11	20	12	502	-89	-333	99
7724	6030	4957	-5214	-4931	67	-25	42	-26	-9	20	13	562	-91	-306	99
7736	6120	5083	-5322	-5114	71	-22	63	-25	-8	18	12	594	-83	-267	99
7760	6383	5253	-5588	-5365	79	-27	21	-22	-6	17	11	653	-92	-267	99
7778	6471	5362	-5701	-5537	87	-24	14	-19	-4	16	10	684	-86	-241	99
7796	6588	5452	-5826	-5674	92	-31	-8	-16	-3	14	9	714	-89	-238	99
7820	6756	5656	-6069	-6032	106	-36	-46	-12	0	13	8	775	-79	-183	99
7838	7016	5856	-6312	-6292	113	-33	-55	-10	1	11	6	835	-82	-175	99
7856	7101	5984	-6410	-6472	122	-35	-77	-6	3	9	5	867	-74	-164	99
7874	7344	6189	-6644	-6746	134	-38	-94	-3	5	8	3	927	-75	-155	99
7892	7340	6185	-6634	-6733	137	-35	-86	-1	7	6	1	927	-75	-155	99
7910	7402	6379	-6896	-7206	143	-34	-103	1	9	4	0	989	-51	0	99
7928	7443	6377	-6945	-7221	161	-33	-113	4	11	2	-2	999	-56	0	99
7946	7449	6339	-6958	-7185	171	-35	-114	7	13	0	-4	998	-63	0	99
7964	7387	6367	-6909	-7221	186	-36	-131	11	16	-2	-7	999	-51	0	99
7988	7305	6427	-6823	-7271	203	-38	-134	15	19	-5	-10	1000	-32	0	99
8012	7212	6487	-6731	-7326	221	-38	-143	20	22	-9	-14	1000	-11	0	99
8030	7210	6443	-6746	-7293	237	-41	-155	24	25	-11	-17	1000	-18	0	99
8048	7212	6413	-6747	-7255	253	-40	-148	27	28	-15	-21	1000	-23	0	99
8063	7147	6462	-6686	-7306	262	-46	-160	30	30	-17	-23	1001	-8	0	99
8084	7120	6479	-6635	-7290	282	-49	-130	34	32	-21	-28	1002	-3	0	99
8102	7118	6436	-6642	-7249	303	-54	-133	38	35	-25	-31	1001	-10	0	99
8126	7072	6453	-6588	-7249	322	-55	-124	43	38	-29	-36	1002	-2	0	99
8144	7057	6434	-6579	-7231	334	-55	-128	46	41	-32	-40	1002	-3	0	99
8168	6900	6545	-6418	-7326	362	-60	-137	52	45	-36	-45	1001	32	0	99
8186	6855	6557	-6380	-7340	371	-63	-147	56	47	-39	-48	1001	39	0	99
8204	6895	6492	-6421	-7270	384	-68	-137	59	49	-43	-51	1001	23	0	99
8228	6878	6485	-6388	-7238	406	-72	-114	64	52	-48	-56	1001	23	0	99
8246	6836	6491	-6350	-7243	421	-72	-119	68	55	-51	-60	1001	29	0	99
8270	6796	6496	-6309	-7240	436	-77	-118	73	58	-55	-64	1001	34	0	99
8288	6774	6499	-6274	-7224	453	-75	-103	76	60	-59	-68	1001	37	0	99
8306	6779	6462	-6283	-7184	470	-77	-101	80	63	-62	-71	1001	30	0	99
8327	6779	6445	-6271	-7150	484	-84	-82	83	65	-67	-75	1001	26	0	99
8345	6776	6425	-6266	-7123	495	-83	-76	87	67	-70	-78	1001	23	0	99
8369	6719	6484	-6166	-7132	515	-86	-33	90	69	-76	-83	1001	38	0	99
8387	6692	6418	-6204	-7127	531	-92	-100	96	73	-77	-84	1001	31	0	99
8408	6671	6385	-6212	-7118	541	-95	-129	101	76	-80	-86	1001	28	0	99
8426	6657	6379	-6187	-7095	560	-91	-115	104	78	-83	-90	1001	29	0	99
8444	6659	6353	-6188	-7064	572	-95	-109	107	80	-87	-93	1001	24	0	99
8468	6732	6285	-6231	-6962	590	-92	-63	110	82	-92	-98	1003	4	0	99
8486	6683	6312	-6179	-6984	601	-93	-64	113	84	-95	-100	1003	14	0	99
8510	6676	6286	-6168	-6949	621	-97	-54	117	87	-99	-104	1003	10	0	99
8528	6573	6390	-6040	-7023	626	-94	-41	120	89	-102	-107	1002	39	0	99
8552	6585	6326	-6078	-6982	638	-99	-62	124	92	-105	-109	1002	27	0	99
8570	6587	6300	-6082	-6954	650	-102	-59	127	94	-108	-112	1003	22	0	99
8588	6624	6251	-6112	-6895	657	-99	-44	130	95	-111	-115	1003	10	0	99
8606	6565	6304	-6041	-6933	660	-94	-38	132	97	-113	-117	1002	26	0	99
8627	6586	6251	-6074	-6889	668	-95	-45	135	99	-116	-119	1003	15	0	99
8645	6569	6274	-6028	-6880	678	-96	-13	137	100	-119	-123	1003	20	0	99
8669	6570	6243	-6033	-6850	689	-102	-13	141	103	-123	-126	1003	14	0	99
8693	6552	6246	-6007	-6840	697	-105	-2	144	105	-127	-129	1003	16	0	99
8711	6544	6238	-5994	-6825	706	-102	3	147	106	-129	-131	1003	16	0	99
8729	6487	6271	-5943	-6861	710	-103	-8	149	108	-131	-133	1002	28	0	99
8753	6525	6211	-5981	-6797	720	-108	2	153	110	-135	-136	1003	13	0	99
8771	6502	6220	-5955	-6800	726	-108	4	155	112	-137	-138	1003	17	0	99
8795	6526	6174	-5981	-6754	732	-107	9	158	114	-140	-140	1003	7	0	99
8813	6554	6141	-5999	-6709	737	-107	26	159	115	-142	-143	1003	-1	0	99
8837	6517	6158	-5960	-6721	746	-109	26	162	117	-145	-145	1003	5	0	99
8852	6553	6109	-5997	-6671	750	-107	32	164	118	-147	-147	1003	-6	0	99
8876	6450	6196	-5893	-6753	754	-109	21	167	120	-149	-149	1003	19	0	99
8897	6503	6141	-5933	-6683	759	-113	45	169	121	-151	-151	1003	3	0	99
8915	6495	6134	-5924	-6671	767	-111	48	171	123	-153	-153	1003	3	0	99
8933	6493	6116	-5931	-6662	769	-114	40	173	124	-155	-155	1003	0	0	99
8957	6491	6107	-5925	-6646	772	-118	47	175	125	-158	-157	1003	-1	0	99
8975	6478	6103	-5916	-6645	777	-118	43	177	126	-159	-158	1003	0	0	99
8999	6432	6128	-5876	-6675	780	-122	33	180	128	-161	-159	1003	8	0	99
9023	6428	6134	-5857	-6664	783	-129	51	181	129	-164	-161	1003	8	0	99
9041	6420	6120	-5860	-6660	785	-129	39	183	130	-165	-162	1003	7	0	99
9065	6479	6039	-5926	-6584	790	-129	44	185	132	-168	-164	1003	-13	0	99
9083	6457	6062	-5894	-6597	790	-131	52	187	133	-169	-166	1004	-6	0	99
9107	6423	6089	-5856	-6618	792	-134	52	188	134	-171	-168	1004	1	0	99
9125	6440	6053	-5881	-6590	795	-136	47	190	135	-173	-169	1004	-7	0	99
9149	6416	6072	-5853	-6603	796	-141	51	192	136	-175	-170	1004	-1	0	99
9173	6478	6002	-5911	-6528	798	-143	66	193	136	-177	-172	1004	-21	0	99
9191	6503	5961	-5946	-6495	797	-146	62	194	137	-178	-172	1003	-31	0	99
9209	6446	6033	-5871	-6549	798	-146	72	195	137	-179	-173	1004	-13	0	99
9227	6650	6066	-5829	-6334	797	-145	95	196	137	-181	-175	1003	-37	-157	99
9245	6587	6122	-5777	-6402	791	-149	90	197	137	-182	-175	1004	-21	-147	99
9263	6670	6056	-5827	-6301	798	-154	94	198	138	-183	-176	1003	-43	-175	99
9287	6679	6071	-5801	-6279	805	-157	103	199	138	-185	-177	1003	-43	-193	99
9305	6776	6003	-5853	-6162	800	-158	113	200	138	-186	-177	1001	-67	-226	99
9323	6769	6052	-5807	-6174	795	-156	152	199	137	-188	-179	1002	-59	-226	99
9341	6803	6003	-5850	-6132	793	-155	157	200	137	-189	-179	1001	-71	-221	99
9359	6699	6054	-5809	-6249	789	-160	136	201	137	-189	-178	1002	-50	-185	99
9386	6634	6121	-5748	-6320	784	-160	126	203	137	-190	-178	1003	-32	-183	99
9422	6612	6121	-5744	-6340	783	-165	102	205	138	-191	-178	1003	-30	-184	99
9443	6367	6089	-5779	-6587	781	-167	86	206	139	-191	-177	1004	-1	0	99
9461	6560	6102	-5758	-6387	783	-166	60	207	140	-191	-177	1004	-26	-165	99
9479	6459	6186	-5676	-6492	781	-165	73	207	140	-192	-177	1004	0	-136	99
9500	6435	6167	-5694	-6515	779	-168	26	209	141	-191	-176	1004	0	-136	99
9518	6429	6142	-5713	-6515	784	-176	3	211	142	-192	-176	1004	-4	-135	99
9542	6219	6126	-5720	-6715	788	-181	-23	213	143	-192	-175	1004	22	0	99
9566	6187	6128	-5717	-6747	785	-172	-60	214	145	-191	-175	1004	28	0	99
9584	6240	6053	-5794	-6695	785	-164	-77	215	146	-190	-174	1004	10	0	99
9608	6082	6226	-5615	-6846	778	-165	-76	215	146	-191	-174	1003	57	0	99
9632	6096	6188	-5650	-6829	781	-163	-97	216	147	-190	-174	1004	50	0	99
9650	6041	6247	-5585	-6878	779	-156	-94	216	147	-190	-174	1003	67	0	99
9674	6024	6237	-5590	-6890	776	-162	-118	217	148	-190	-174	1002	67	0	99
9689	6027	6245	-5582	-6887	774	-160	-106	217	148	-190	-174	1002	68	0	99
9707	5997	6271	-5555	-6915	771	-160	-113	217	148	-190	-174	1001	76	0	99
9725	6075	6215	-5617	-6845	772	-149	-88	216	148	-190	-175	1003	59	0	99
9749	6098	6211	-5624	-6827	769	-139	-71	215	149	-190	-176	1003	57	0	99
9779	6048	6272	-5553	-6867	766	-127	-58	214	150	-189	-177	1002	75	0	99
9803	6063	6253	-5578	-6858	763	-123	-68	214	151	-189	-177	1002	71	0	99
9827	6136	6217	-5625	-6798	757	-112	-33	213	151	-189	-179	1003	58	0	99
9845	6155	6207	-5639	-6785	754	-115	-27	212	151	-189	-179	1003	54	0	99
9869	6019	6335	-5493	-6900	750	-110	-35	212	152	-188	-180	1001	92	0	99
9893	6172	6189	-5664	-6775	748	-107	-36	211	152	-187	-180	1004	51	0	99
9917	6231	6168	-5693	-6724	745	-103	2	210	152	-187	-182	1005	41	0	99
9935	6205	6189	-5666	-6744	748	-103	-1	210	153	-187	-182	1004	48	0	99
9959	6271	6129	-5730	-6683	748	-94	7	209	153	-186	-183	1005	31	0	99
9977	6151	6257	-5594	-6794	745	-95	6	209	154	-186	-183	1003	67	0	99
9995	6154	6243	-5611	-6795	742	-95	-9	209	154	-185	-183	1004	65	0	99
10019	6228	6183	-5669	-6719	744	-85	16	208	155	-185	-185	1004	48	0	99
10043	6234	6198	-5656	-6715	740	-83	36	207	155	-186	-186	1004	50	0	99
10061	6176	6235	-5614	-6769	736	-80	9	207	156	-184	-185	1003	64	0	99
10085	6284	6147	-5714	-6674	735	-80	32	206	156	-185	-186	1005	36	0	99
10106	6425	6275	-5594	-6544	726	-74	93	204	155	-186	-188	1005	36	-135	99
10124	6241	6203	-5632	-6688	760	-82	70	206	156	-187	-189	1004	51	0	99
10148	6264	6142	-5691	-6662	766	-77	33	207	158	-185	-189	1005	40	0	99
10172	6446	6235	-5610	-6493	758	-72	68	206	158	-186	-190	1005	28	-156	99
10196	6304	6155	-5703	-6646	750	-73	66	205	156	-184	-189	1005	36	0	99
10214	6541	6196	-5666	-6413	751	-73	84	204	156	-185	-190	1006	9	-179	99
10238	6568	6219	-5643	-6387	751	-72	112	203	155	-186	-191	1006	9	-195	99
10262	6525	6244	-5622	-6434	745	-69	108	203	156	-185	-191	1006	19	-179	99
10286	6734	6136	-5731	-6228	742	-70	126	202	155	-186	-191	1006	-24	-248	99
10304	6680	6186	-5686	-6287	738	-67	129	202	155	-185	-192	1006	-9	-235	99
10328	6577	6214	-5659	-6391	736	-69	86	204	156	-184	-190	1006	8	-204	99
10352	6524	6174	-5691	-6434	746	-80	15	206	159	-183	-189	1006	8	-191	99
10370	6486	6183	-5680	-6471	745	-78	2	207	159	-183	-189	1006	15	-178	99
10385	6400	6214	-5642	-6547	745	-86	-19	207	159	-183	-188	1005	30	-156	99
10403	6424	6183	-5679	-6529	742	-95	-40	208	160	-183	-188	1006	21	-163	99
10427	6344	6251	-5612	-6611	734	-101	-48	208	159	-182	-187	1005	41	-153	99
10451	6132	6197	-5654	-6808	734	-106	-81	209	160	-182	-187	1004	63	0	99
10469	6017	6277	-5557	-6902	736	-108	-114	211	162	-181	-186	1002	90	0	99
10487	6067	6213	-5634	-6865	733	-101	-137	211	163	-180	-186	1003	75	0	99
10511	5984	6270	-5562	-6929	738	-105	-156	212	164	-179	-186	1002	94	0	99
10529	5851	6380	-5427	-7031	735	-104	-169	213	164	-179	-186	999	128	0	99
10550	5815	6358	-5444	-7061	738	-104	-230	215	166	-177	-185	998	130	0	99
10574	5731	6413	-5362	-7112	735	-100	-240	215	167	-176	-185	995	150	0	99
10598	5666	6484	-5275	-7158	729	-96	-224	214	167	-176	-186	992	170	0	99
10622	5551	6517	-5205	-7229	737	-107	-281	217	169	-176	-185	989	188	0	99
10640	5640	6482	-5269	-7174	726	-94	-249	215	169	-175	-187	991	174	0	99
10664	5631	6514	-5232	-7178	725	-88	-222	214	169	-176	-188	991	181	0	99
10688	5501	6581	-5112	-7246	728	-86	-244	215	170	-175	-188	984	208	0	99
10703	5482	6601	-5081	-7253	731	-84	-234	215	171	-175	-189	984	214	0	99
10727	5615	6543	-5185	-7175	725	-75	-194	213	170	-176	-190	989	189	0	99
10751	5569	6586	-5115	-7187	729	-79	-170	212	170	-177	-192	986	201	0	99
10775	5549	6589	-5099	-7193	734	-70	-177	212	171	-176	-192	985	206	0	99
10799	5683	6505	-5225	-7109	737	-62	-159	212	172	-176	-194	991	178	0	99
10817	5661	6530	-5190	-7119	739	-62	-147	211	172	-176	-194	990	185	0	99
10841	5599	6556	-5139	-7151	741	-53	-166	211	174	-175	-195	987	198	0	99
10865	5673	6562	-5156	-7107	729	-50	-103	208	173	-175	-197	989	191	0	99
10889	5547	6644	-5015	-7164	735	-41	-99	208	174	-175	-198	982	221	0	99
10913	5640	6587	-5104	-7110	733	-32	-90	207	176	-174	-199	987	202	0	99
10943	5577	6643	-5020	-7142	729	-23	-75	205	177	-174	-201	983	221	0	99
10961	5359	6591	-5018	-7298	735	-19	-95	206	179	-173	-201	977	245	136	99
10985	5578	6658	-4996	-7132	726	-17	-50	204	178	-173	-203	982	225	0	99
11009	5475	6706	-4901	-7179	730	-15	-67	204	180	-172	-204	976	247	0	99
11033	5485	6670	-4951	-7186	736	-22	-110	205	181	-171	-203	979	240	0	99
11057	5462	6652	-4964	-7202	741	-29	-150	206	183	-171	-203	979	240	0	99
11075	5446	6638	-4973	-7214	745	-33	-179	207	184	-170	-203	979	240	0	99
11102	5394	6640	-4954	-7245	750	-40	-218	208	186	-169	-202	977	247	0	99
11126	5649	6433	-5261	-7107	755	-45	-251	209	187	-168	-202	991	182	0	99
11150	5695	6435	-5268	-7073	748	-21	-211	207	188	-167	-204	992	181	0	99
11174	5730	6407	-5301	-7043	748	-17	-205	207	188	-167	-205	992	173	0	99
11198	5767	6427	-5285	-7011	746	-11	-148	205	188	-168	-207	993	172	0	99
11216	5658	6494	-5178	-7073	753	-10	-160	205	189	-168	-208	989	196	0	99
11237	5651	6490	-5177	-7074	759	-7	-169	206	190	-168	-208	989	197	0	99
11261	5723	6460	-5226	-7023	757	0	-138	204	190	-168	-210	991	185	0	99
11282	5756	6446	-5243	-6995	758	1	-119	204	190	-169	-211	992	179	0	99
11306	5800	6433	-5262	-6959	762	5	-89	203	190	-169	-213	994	172	0	99
11324	5736	6476	-5191	-6989	764	5	-87	203	190	-170	-213	990	186	0	99
11348	5777	6449	-5232	-6964	763	8	-84	203	190	-170	-214	992	178	0	99
11366	5750	6492	-5176	-6976	761	8	-56	203	190	-170	-215	990	188	0	99
11390	5817	6451	-5232	-6927	764	15	-39	202	190	-171	-216	993	174	0	99
11408	5758	6495	-5182	-6971	763	11	-51	202	188	-169	-214	991	187	0	99
11432	5777	6479	-5199	-6954	765	17	-47	203	189	-170	-215	991	183	0	99
11456	5842	6442	-5254	-6910	763	18	-32	202	189	-170	-216	994	169	0	99
11474	5887	6419	-5279	-6868	773	14	-4	202	189	-172	-218	996	159	0	99
11492	5718	6515	-5133	-6979	773	14	-46	204	191	-171	-217	989	196	0	99
11510	5739	6505	-5142	-6958	773	16	-32	203	191	-172	-218	990	192	0	99
11534	5730	6519	-5122	-6958	776	21	-21	203	191	-172	-219	989	196	0	99
11552	5709	6533	-5096	-6966	775	21	-18	203	191	-172	-219	988	201	0	99
11576	5662	6572	-5041	-6994	772	19	-14	203	192	-172	-220	986	212	0	99
11600	5715	6548	-5074	-6952	773	24	10	203	192	-173	-221	987	203	0	99
11615	5739	6522	-5110	-6940	774	24	0	203	192	-173	-221	989	196	0	99
11636	5694	6550	-5061	-6960	778	23	1	204	193	-173	-222	987	206	0	99
11654	5720	6536	-5081	-6942	779	25	9	204	193	-174	-222	988	201	0	99
11678	5752	6523	-5107	-6925	776	33	17	203	194	-173	-223	990	196	0	99
11702	5679	6570	-5021	-6955	788	34	25	204	194	-174	-224	986	213	0	99
11720	5626	6587	-4989	-6990	783	34	-1	204	195	-173	-223	984	222	0	99
11741	5512	6676	-4847	-7042	782	37	18	204	195	-174	-224	977	251	0	99
11765	5589	6613	-4936	-6996	786	41	13	204	196	-174	-225	981	232	0	99
11783	5563	6640	-4895	-7006	790	43	27	204	196	-174	-226	980	240	0	99
11807	5549	6647	-4877	-7007	795	44	31	204	197	-174	-226	979	243	0	99
11825	5448	6706	-4755	-7035	809	47	47	204	197	-175	-228	973	266	0	99
11849	5512	6655	-4840	-7009	812	54	29	204	199	-174	-228	977	251	0	99
11867	5440	6690	-4769	-7040	810	59	22	204	200	-173	-228	973	267	0	99
11891	5505	6651	-4838	-7012	806	61	21	204	200	-173	-228	976	253	0	99
11909	5507	6663	-4830	-7015	800	62	30	203	200	-172	-228	976	255	0	99
11927	5513	6660	-4832	-7008	802	63	35	203	200	-172	-229	976	254	0	99
11951	5504	6664	-4820	-7007	804	67	38	202	201	-172	-230	975	257	0	99
11969	5440	6695	-4761	-7039	800	69	27	202	202	-171	-230	972	271	0	99
11993	5455	6694	-4775	-7040	794	73	26	201	203	-170	-230	973	270	0	99
12011	5496	6674	-4809	-7016	793	75	36	200	203	-170	-230	974	262	0	99
12029	5492	6670	-4805	-7012	801	74	37	200	204	-170	-231	974	263	0	99
12050	5417	6713	-4731	-7050	797	75	30	200	204	-169	-231	970	279	0	99
12068	5408	6719	-4727	-7062	789	78	21	199	205	-168	-231	969	282	0	99
12089	5458	6693	-4770	-7032	792	81	32	199	205	-168	-232	972	273	0	99
12107	5347	6749	-4655	-7073	797	84	30	199	206	-168	-232	965	296	0	99
12128	5426	6719	-4729	-7046	789	85	39	198	206	-167	-232	970	282	0	99
12146	5313	6771	-4612	-7083	794	96	36	198	207	-167	-233	962	306	0	99
12170	5338	6744	-4649	-7071	796	91	24	198	208	-166	-233	963	298	0	99
12188	5247	6795	-4548	-7104	802	89	29	198	208	-167	-234	958	318	0	99
12212	5288	6778	-4585	-7087	798	89	36	197	208	-166	-235	960	311	0	99
12230	5234	6806	-4534	-7114	795	89	28	197	209	-166	-235	957	322	0	99
12248	5283	6782	-4582	-7093	791	86	32	196	209	-166	-235	959	312	0	99
12272	5137	6867	-4417	-7146	787	90	43	195	209	-165	-235	948	345	0	99
12290	5079	6890	-4362	-7164	792	82	39	196	209	-166	-236	945	355	0	99
12314	5061	6897	-4343	-7169	791	81	38	195	209	-165	-236	943	358	0	99
12344	4941	6955	-4215	-7206	783	82	40	195	209	-165	-236	933	383	0	99
12362	4833	7008	-4092	-7231	785	79	52	194	209	-165	-237	924	404	0	99
12380	4908	6976	-4177	-7219	779	75	45	194	209	-165	-236	930	390	0	99
12404	4680	7059	-3949	-7278	777	74	35	194	209	-165	-236	911	431	0	99
12440	4353	7172	-3608	-7336	768	77	41	193	209	-164	-235	880	491	0	99
12464	4131	7216	-3396	-7361	771	74	27	194	209	-164	-235	859	526	0	99
12482	4017	7237	-3292	-7378	771	74	14	194	209	-163	-235	848	545	0	99
12506	3695	6954	-3019	-7044	767	80	15	193	209	-162	-235	774	544	0	99
12524	3327	6998	3145	-7035	769	81	13	193	210	-162	-235	733	599	0	99
12542	3102	7008	3367	-7011	766	86	13	193	210	-161	-235	705	630	0	99
12560	2987	7010	3477	-6997	761	86	12	192	210	-160	-234	690	645	0	99
12581	-3183	6679	3794	-6604	763	87	18	191	210	-160	-235	605	643	0	99
12599	-3545	6319	4088	-6196	766	91	11	190	210	-158	-235	519	636	0	99
12620	-4087	5565	4490	-5378	762	98	-7	189	211	-156	-234	367	594	0	99
12644	-4464	5435	4807	-5229	751	107	-49	187	212	-151	-232	306	625	0	99
12662	-4989	4772	5170	-4547	779	160	-119	188	219	-145	-232	175	602	0	99
12683	-5340	3742	5330	-3498	797	200	-163	187	223	-140	-231	20	498	0	99
12707	-5373	-3066	5235	3340	774	210	-140	181	221	-136	-230	-103	352	0	99
12722	-5318	-3549	4919	3592	765	218	-130	178	221	-133	-229	-127	276	144	99
12740	-5423	-3656	5208	3952	743	231	-130	174	220	-129	-227	-182	274	0	99
12758	-5727	-4114	5249	4234	728	242	-125	170	219	-126	-226	-251	248	141	99
12782	-5658	-4548	5337	4916	710	256	-99	164	217	-121	-223	-324	174	0	99
12806	-5574	-4643	5284	5048	692	269	-50	157	213	-117	-221	-334	151	0	99
12830	-5440	-4834	5140	5236	651	269	-33	149	208	-112	-216	-348	106	0	99
12848	-5333	-4935	5041	5346	626	271	-9	144	204	-108	-212	-354	77	0	99
12872	-5155	-5114	4843	5501	582	266	-7	137	198	-103	-206	-360	26	0	99
12890	-5071	-5138	4769	5527	548	262	8	131	193	-99	-201	-360	11	0	99
12908	-4991	-5173	4686	5551	514	255	9	126	188	-95	-195	-361	-5	0	99
12926	-4946	-5164	4642	5536	483	245	10	121	182	-91	-190	-360	-11	0	99
12950	-4838	-5202	4520	5545	441	232	-1	114	175	-85	-182	-358	-33	0	99
12968	-4790	-5195	4460	5514	397	223	-17	109	170	-80	-175	-358	-39	0	99
12986	-4816	-5122	4487	5433	365	207	-26	104	164	-77	-168	-359	-27	0	99
13010	-4744	-5133	4403	5420	327	189	-37	97	156	-72	-160	-358	-41	0	99
13028	-4673	-5137	4333	5413	295	181	-36	92	150	-68	-153	-356	-53	0	99
13043	-4612	-5140	4267	5399	267	174	-42	88	145	-64	-148	-354	-62	0	99
13067	-4516	-5135	4179	5386	227	163	-35	81	137	-60	-140	-351	-76	0	99
13085	-4484	-5108	4155	5359	199	152	-29	76	131	-56	-134	-350	-79	0	99
13103	-4460	-5079	4129	5319	168	141	-35	72	125	-53	-127	-350	-80	0	99
13127	-4003	-4867	3709	5034	132	126	-38	66	117	-48	-119	-276	-110	0	99
13145	-3916	-4844	3645	5018	104	121	-16	61	111	-46	-113	-271	-119	0	99
13169	-3293	-4235	3127	4315	75	109	-15	55	103	-42	-106	-131	-110	0	99
13187	-3773	-3927	3647	4085	52	98	-6	51	97	-39	-100	-164	-3	0	99
13205	-3879	-4023	3743	4206	36	89	3	47	92	-37	-95	-194	-7	0	99
13223	-4001	-4115	3839	4306	15	78	-5	43	87	-34	-89	-224	-7	0	99
13241	-4128	-4182	3963	4404	-5	70	7	39	81	-32	-84	-254	-3	0	99
13259	-4381	-4387	4182	4650	-21	60	12	36	76	-30	-79	-314	-4	0	99
13283	-4633	-4566	4412	4880	-47	49	27	31	68	-27	-73	-374	-1	0	99
13301	-4754	-4650	4525	4993	-61	44	39	27	63	-25	-68	-404	0	0	99
13319	-5014	-4864	4734	5231	-80	31	24	25	59	-22	-63	-464	-2	0	99
13334	-5144	-4956	4849	5344	-88	22	28	22	55	-21	-59	-494	-1	0	99
13358	-5420	-5148	5071	5557	-111	12	7	19	49	-18	-52	-554	2	0	99
13376	-5531	-5240	5179	5683	-123	6	26	15	44	-16	-48	-585	0	0	99
13394	-5666	-5328	5290	5781	-138	0	17	13	40	-14	-44	-614	3	0	99
13412	-5806	-5408	5409	5878	-151	-5	13	10	36	-12	-39	-644	7	0	99
13433	-5910	-5529	5490	6011	-160	-15	11	7	31	-10	-34	-675	0	0	99
13451	-6142	-5775	5674	6285	-173	-20	5	5	28	-7	-30	-734	-8	0	99
13469	-6421	-5982	5903	6521	-188	-25	-7	2	24	-5	-25	-795	-4	0	99
13487	-6580	-6030	6058	6601	-199	-32	2	0	20	-3	-22	-825	6	0	99
13505	-6678	-6142	6142	6733	-219	-38	10	-3	15	-1	-17	-856	0	0	99
13529	-6944	-6354	6349	6961	-240	-50	-14	-6	10	1	-11	-916	0	0	99
13547	-7136	-6653	6481	7277	-250	-55	-25	-8	7	3	-7	-975	-21	0	99
13565	-7339	-6653	6684	7313	-265	-57	-19	-11	3	5	-3	-1006	3	0	99
13589	-7283	-6684	6633	7346	-279	-61	-7	-15	-1	8	1	-1007	-9	0	99
13607	-7280	-6668	6627	7326	-282	-70	-10	-18	-4	10	4	-1007	-9	0	99
13631	-7271	-6617	6639	7291	-298	-70	6	-22	-10	13	9	-1008	-3	0	99
13649	-7295	-6560	6676	7243	-309	-73	13	-26	-13	16	12	-1009	7	0	99
13673	-7297	-6539	6658	7197	-325	-83	-12	-29	-18	20	18	-1009	9	0	99
13712	-7346	-6447	6697	7093	-332	-93	-34	-35	-24	26	26	-1008	27	0	99
13730	-7315	-6419	6690	7087	-349	-90	-8	-39	-29	29	29	-1008	27	0	99
13754	-7348	-6286	6767	6994	-375	-94	27	-45	-35	33	33	-1007	51	0	99
13778	-7351	-6188	6816	6937	-394	-96	67	-51	-41	36	36	-1007	65	0	99
13805	-7338	-6152	6811	6906	-409	-103	74	-55	-47	39	41	-1006	67	0	99
13829	-7342	-6046	6867	6846	-428	-99	119	-60	-52	42	45	-1005	83	0	99
13847	-7396	-5959	6916	6748	-438	-105	99	-62	-56	44	49	-1003	102	0	99
13871	-7299	-5566	7232	6756	-453	-101	163	-68	-62	46	52	-998	145	-217	99
13889	-7271	-5629	7154	6768	-469	-105	161	-71	-65	48	56	-1000	131	-189	99
13913	-7318	-5370	7328	6623	-481	-103	185	-75	-70	51	60	-993	175	-240	99
13937	-7250	-5349	7323	6660	-497	-98	202	-79	-75	53	64	-995	169	-271	99
13961	-7246	-5123	7467	6568	-513	-94	238	-84	-79	56	67	-988	202	-332	99
13991	-7229	-4978	7550	6513	-529	-91	271	-90	-85	59	72	-985	221	-368	99
14009	-7233	-4935	7560	6470	-534	-83	268	-92	-87	61	75	-984	228	-368	99
14033	-7218	-4833	7608	6421	-544	-76	265	-96	-90	65	79	-980	242	-404	99
14057	-7190	-4736	7648	6382	-561	-67	290	-101	-94	68	82	-977	254	-426	99
14078	-7178	-4617	7708	6323	-573	-63	304	-104	-97	71	85	-973	270	-456	99
14102	-7156	-4536	7736	6284	-584	-51	313	-108	-99	74	89	-970	281	-477	99
14120	-7154	-4525	7718	6250	-595	-43	308	-111	-101	77	91	-969	284	-466	99
14144	-7133	-4482	7729	6234	-601	-41	303	-115	-104	80	95	-968	288	-487	99
14162	-7142	-4349	7793	6143	-605	-35	301	-117	-105	83	97	-961	310	-513	99
14180	-7106	-4368	7769	6172	-613	-22	311	-120	-107	86	99	-963	304	-516	99
14198	-7130	-4245	7819	6061	-620	-22	304	-123	-108	88	102	-956	326	-526	99
14216	-7110	-4385	7715	6124	-628	-15	273	-125	-109	92	105	-963	304	-498	99
14240	-7085	-4270	7767	6074	-638	-6	272	-128	-110	95	108	-958	320	-541	99
14258	-7096	-4141	7821	5975	-643	0	281	-131	-112	98	109	-951	342	-553	99
14276	-7055	-4324	7701	6090	-650	11	271	-134	-112	101	111	-961	311	-520	99
14294	-7075	-4237	7731	6002	-655	12	242	-135	-113	104	114	-956	327	-535	99
14312	-7075	-4328	7653	6016	-665	13	208	-137	-113	107	117	-960	315	-509	99
14336	-7051	-4281	7670	6003	-666	23	204	-140	-114	111	119	-958	321	-534	99
14354	-7065	-4203	7683	5912	-684	31	188	-143	-115	114	122	-953	336	-534	99
14411	-6995	-4239	7587	5909	-742	66	162	-152	-117	125	129	-955	328	-531	99
14429	-7000	-4258	7555	5887	-751	68	150	-154	-118	128	131	-956	327	-513	99
14453	-6983	-4345	7495	5935	-749	70	109	-155	-117	131	134	-961	313	-515	99
14471	-6995	-4344	7477	5899	-750	78	109	-157	-118	133	135	-959	317	-493	99
14501	-6959	-4497	7367	5984	-754	88	81	-160	-118	137	138	-967	292	-471	99
14519	-6992	-4403	7408	5888	-754	91	64	-161	-118	140	140	-961	311	-477	99
14540	-6952	-4480	7357	5959	-755	97	58	-163	-118	142	141	-966	296	-480	99
14558	-6956	-4552	7296	5968	-757	101	52	-165	-118	144	142	-969	287	-445	99
14576	-6951	-4591	7257	5971	-761	107	27	-166	-118	147	144	-970	282	-438	99
14600	-6936	-4695	7181	6019	-760	107	7	-168	-118	150	145	-975	266	-417	99
14624	-6933	-4706	7160	6010	-760	115	-14	-170	-118	153	147	-975	266	-417	99
14648	-6943	-4580	7233	5938	-757	123	-7	-172	-118	154	147	-969	287	-445	99
14666	-6931	-4662	7174	5975	-756	126	-10	-173	-118	156	148	-973	274	-420	99
14684	-6920	-4634	7190	5973	-755	126	-9	-175	-119	157	149	-972	277	-436	99
14708	-6924	-4592	7208	5939	-753	128	-4	-177	-119	159	150	-969	285	-438	99
14726	-6920	-4580	7212	5932	-752	130	-6	-178	-119	160	151	-969	287	-443	99
14744	-6900	-4548	7233	5938	-751	135	7	-180	-120	161	151	-968	290	-460	99
14762	-6909	-4481	7264	5886	-754	135	6	-182	-120	162	152	-965	301	-469	99
14780	-6897	-4480	7264	5897	-752	137	4	-183	-121	163	152	-965	301	-478	99
14801	-6871	-4485	7251	5912	-764	144	27	-185	-122	165	153	-966	298	-473	99
14825	-6888	-4450	7264	5869	-760	142	20	-187	-122	166	154	-963	305	-471	99
14843	-6921	-4368	7298	5779	-759	143	20	-188	-123	167	154	-958	323	-463	99
14867	-6870	-4492	7232	5898	-756	144	13	-189	-123	168	155	-966	298	-468	99
14885	-6899	-4518	7202	5865	-755	140	-5	-189	-123	170	157	-966	298	-441	99
14903	-6889	-4479	7227	5858	-756	135	-6	-190	-124	170	157	-965	301	-462	99
14924	-6881	-4489	7222	5871	-753	131	-7	-191	-124	171	158	-966	299	-466	99
14942	-6899	-4256	7355	5736	-753	135	17	-193	-125	171	158	-953	336	-509	99
14960	-6875	-4340	7309	5803	-752	136	31	-194	-126	172	158	-959	321	-493	99
14984	-6860	-4449	7243	5868	-749	133	29	-195	-127	172	159	-965	302	-469	99
15008	-6873	-4552	7168	5888	-747	130	-12	-195	-126	174	161	-969	289	-441	99
15032	-6894	-4424	7248	5809	-743	119	0	-196	-128	174	161	-963	309	-464	99
15050	-6894	-4457	7223	5819	-742	119	-5	-196	-128	174	162	-964	304	-453	99
15074	-6875	-4319	7314	5782	-740	124	21	-198	-129	174	162	-958	323	-501	99
15092	-6889	-4311	7313	5758	-739	122	15	-198	-129	175	162	-957	326	-493	99
15110	-6898	-4304	7314	5742	-737	118	9	-198	-130	175	163	-957	328	-491	99
15134	-6891	-4398	7257	5792	-736	114	-6	-198	-130	176	164	-962	312	-474	99
15158	-6893	-4327	7301	5758	-734	113	5	-199	-131	176	164	-959	323	-490	99
15188	-6881	-4203	7377	5714	-733	117	38	-201	-132	176	164	-953	340	-520	99
15209	-6886	-4198	7380	5706	-733	108	36	-201	-133	176	164	-953	340	-520	99
15227	-6839	-4092	7410	5663	-779	128	93	-206	-135	177	165	-948	352	-528	99
15251	-6798	-4202	7330	5740	-807	140	110	-208	-136	179	166	-956	332	-500	99
15269	-6815	-4103	7385	5671	-805	136	116	-208	-137	179	166	-950	349	-514	99
15287	-6814	-4031	7433	5642	-799	136	128	-208	-137	178	166	-946	359	-534	99
15305	-6798	-3944	7489	5623	-798	135	143	-209	-138	178	165	-942	369	-568	99
15329	-6802	-3900	7520	5604	-789	133	152	-209	-138	177	165	-940	376	-578	99
15347	-6820	-3901	7516	5582	-782	136	142	-209	-138	178	165	-939	379	-568	99
15365	-6812	-3848	7550	5568	-780	136	142	-209	-138	178	165	-936	385	-593	99
15389	-6821	-3768	7591	5515	-774	136	151	-209	-138	178	165	-931	399	-603	99
15407	-6828	-3797	7577	5523	-769	138	145	-209	-137	178	165	-932	396	-593	99
15425	-6821	-3743	7613	5511	-763	136	144	-209	-137	178	165	-929	402	-620	99
15449	-6826	-3759	7608	5519	-757	135	167	-209	-138	177	164	-930	400	-601	99
15479	-6844	-3789	7592	5519	-747	136	143	-208	-137	178	164	-931	399	-595	99
15527	-6860	-3706	7625	5445	-735	141	135	-208	-136	178	164	-924	414	-604	99
15545	-6845	-3773	7602	5512	-729	142	128	-208	-136	179	164	-929	402	-609	99
15566	-6851	-3812	7580	5527	-725	144	121	-207	-136	179	164	-931	397	-598	99
15590	-6858	-3675	7638	5428	-727	151	110	-208	-135	180	165	-921	420	-626	99
15608	-6859	-3609	7670	5388	-722	153	122	-208	-136	180	164	-917	430	-635	99
15632	-6838	-3662	7654	5454	-718	158	128	-209	-136	181	164	-921	420	-640	99
15653	-6829	-3586	7692	5418	-716	164	135	-209	-136	181	164	-916	431	-661	99
15671	-6853	-3628	7665	5412	-710	163	119	-209	-135	182	164	-918	428	-639	99
15689	-6850	-3698	7630	5457	-709	167	106	-209	-134	183	164	-922	418	-631	99
15707	-6867	-3588	7671	5359	-709	169	103	-209	-134	184	164	-914	437	-638	99
15725	-6867	-3505	7710	5307	-706	170	107	-209	-134	184	164	-907	450	-655	99
15749	-6848	-3569	7695	5384	-700	171	108	-210	-133	184	163	-913	438	-664	99
15770	-6854	-3637	7659	5416	-698	176	96	-209	-132	185	163	-917	430	-648	99
15791	-6861	-3616	7670	5395	-672	46	0	-215	-117	200	163	-913	440	-652	99
15806	-6869	-3675	7636	5416	-695	177	77	-209	-131	186	163	-919	427	-636	99
15824	-6883	-3665	7630	5383	-695	182	62	-209	-130	187	163	-917	432	-629	99
15842	-6877	-3711	7610	5420	-696	183	55	-210	-129	187	163	-920	425	-628	99
15863	-6890	-3852	7533	5481	-698	184	41	-210	-128	188	164	-929	406	-586	99
15887	-6898	-3792	7554	5427	-696	180	20	-209	-128	189	164	-924	416	-602	99
15905	-6895	-3769	7565	5415	-695	182	21	-210	-127	190	164	-922	420	-609	99
15929	-6902	-3851	7522	5453	-692	186	15	-210	-126	190	164	-927	410	-585	99
15947	-6927	-3708	7582	5330	-693	181	4	-210	-126	191	164	-916	434	-602	99
15977	-6904	-3822	7533	5428	-693	189	12	-211	-126	191	164	-925	415	-589	99
15995	-6918	-3809	7529	5395	-693	193	-1	-211	-125	192	164	-923	420	-584	99
16019	-6917	-3899	7486	5450	-690	193	-15	-211	-124	193	164	-928	407	-571	99
16037	-6948	-3898	7477	5406	-684	192	-28	-211	-123	193	164	-927	412	-550	99
16055	-6951	-3943	7457	5433	-680	190	-48	-210	-123	194	165	-929	405	-550	99
16076	-6932	-3904	7485	5438	-679	192	-31	-211	-123	194	164	-928	409	-569	99
16094	-6920	-3872	7490	5418	-691	200	-9	-213	-123	195	164	-926	414	-564	99
16112	-6915	-3864	7489	5412	-691	200	-3	-214	-123	195	164	-925	414	-562	99
16136	-6908	-3910	7474	5454	-691	203	-2	-214	-123	195	164	-929	407	-560	99
16160	-6901	-3839	7509	5418	-689	206	0	-215	-123	196	164	-924	417	-581	99
16184	-6881	-3688	7582	5346	-690	215	34	-217	-124	196	163	-915	439	-610	99
16202	-6883	-3754	7538	5368	-690	218	22	-217	-123	197	164	-918	430	-590	99
16226	-6888	-3808	7511	5394	-696	217	-6	-217	-122	199	165	-922	423	-590	99
16250	-6895	-3817	7496	5379	-701	216	-33	-218	-122	200	166	-922	423	-590	99
16274	-6909	-3790	7495	5331	-706	215	-57	-218	-121	201	167	-919	429	-590	99
16292	-6913	-3796	7485	5322	-710	214	-73	-218	-120	202	167	-919	429	-590	99
16310	-6908	-3837	7463	5349	-713	213	-88	-218	-120	203	168	-922	423	-590	99
16334	-6935	-3442	7617	5038	-716	210	-104	-219	-120	204	168	-891	485	-649	99
16352	-6948	-3509	7585	5066	-710	199	-112	-218	-119	204	168	-895	476	-629	99
16370	-6941	-3517	7588	5086	-707	202	-108	-219	-119	204	167	-896	475	-634	99
16394	-6940	-3452	7614	5041	-707	201	-97	-220	-119	204	167	-891	484	-639	99
16412	-6903	-3333	7671	5004	-707	211	-63	-221	-119	204	166	-883	499	-672	99
16430	-6871	-3242	7723	4989	-700	220	-38	-222	-119	204	164	-877	509	-706	99
16454	-6886	-3290	7689	4990	-701	228	-51	-223	-118	205	165	-879	506	-683	99
16472	-6875	-3233	7712	4959	-702	232	-48	-223	-118	206	165	-875	514	-697	99
16496	-6860	-3162	7745	4930	-699	232	-32	-224	-118	206	164	-870	522	-714	99
16514	-6853	-3202	7737	4973	-689	241	-11	-225	-118	206	163	-873	517	-703	99
16532	-6820	-3069	7783	4905	-695	247	6	-227	-118	206	162	-863	534	-734	99
16556	-6751	2938	7887	4850	-689	260	59	-229	-118	206	160	-849	557	-802	99
16574	-6754	2981	7883	4792	-687	266	68	-229	-118	206	160	-842	565	-787	99
16592	-6705	3151	7951	4721	-691	269	88	-231	-118	206	159	-830	585	-840	99
16616	-6687	3159	7963	4736	-685	280	91	-232	-115	207	158	-828	586	-856	99
16640	-6726	3012	7901	4787	-670	291	51	-231	-110	208	157	-837	574	-819	99
16664	-6725	2979	7878	4789	-671	311	25	-232	-105	210	156	-837	574	-819	99
16682	-6784	-3110	7762	4929	-665	319	-16	-231	-101	212	156	-858	541	-748	99
16703	-6822	-3248	7707	4981	-659	319	-86	-230	-96	214	156	-867	528	-736	99
16721	-6845	-3315	7659	4974	-654	334	-100	-230	-92	215	155	-868	525	-699	99
16739	-6907	-3754	7469	5199	-651	338	-185	-228	-87	218	156	-899	470	-614	99
16757	-6978	-3902	7373	5184	-646	343	-275	-226	-82	220	157	-905	460	-563	99
16775	-7001	-3991	7330	5212	-644	336	-337	-225	-79	222	158	-910	451	-562	99
16799	-7014	-4250	7202	5350	-640	338	-352	-224	-77	223	157	-926	416	-498	99
16817	-7060	-4583	7008	5466	-639	336	-419	-223	-74	225	158	-944	373	-401	99
16835	-7065	-4594	6997	5460	-640	339	-436	-223	-72	226	158	-944	373	-401	99
16859	-7075	-4728	6921	5517	-641	331	-468	-222	-71	227	159	-951	354	-374	99
16883	-7082	-4777	6889	5531	-641	326	-485	-222	-71	227	159	-954	348	-363	99
16925	-7130	-4905	6798	5527	-641	315	-514	-221	-70	228	160	-958	334	-296	99
17021	-7117	-5195	6623	5681	-651	274	-530	-220	-75	227	162	-976	283	-224	99
17039	-7072	-5204	6628	5745	-652	276	-464	-222	-77	225	161	-978	275	-222	99
17063	-7077	-5255	6592	5760	-647	272	-462	-222	-78	224	161	-980	268	-197	99
17081	-7071	-5128	6680	5721	-650	268	-420	-223	-80	223	161	-975	284	-227	99
17099	-7045	-5116	6695	5751	-652	264	-389	-224	-82	222	160	-976	281	-236	99
17123	-7054	-4943	6804	5669	-658	260	-350	-225	-85	220	160	-969	307	-267	99
17141	-7037	-4923	6820	5684	-663	254	-309	-226	-88	219	160	-969	306	-265	99
17159	-7017	-4870	6856	5684	-664	249	-278	-226	-90	218	160	-967	309	-281	99
17180	-7006	-4757	6931	5653	-665	244	-239	-227	-92	216	159	-963	323	-308	99
17198	-7020	-4582	7040	5561	-663	236	-211	-228	-94	215	159	-954	349	-341	99
17216	-6990	-4501	7101	5569	-660	233	-162	-229	-97	213	158	-952	356	-369	99
17240	-7011	-4440	7134	5517	-663	222	-152	-229	-99	212	159	-949	365	-366	99
17258	-6984	-4269	7231	5459	-666	220	-99	-230	-101	210	158	-940	386	-405	99
17282	-6949	-4049	7361	5390	-671	217	-46	-232	-104	208	157	-929	412	-468	99
17339	-6859	-3554	7628	5215	-677	220	113	-236	-111	204	154	-901	472	-576	99
17387	-6818	-3119	7808	4960	-672	221	206	-238	-115	201	152	-867	530	-632	99
17405	-6773	-3058	7851	4986	-679	223	236	-240	-116	200	152	-866	533	-671	99
17423	-6728	2920	7928	4911	-680	226	261	-240	-117	200	151	-853	553	-723	99
17447	-6693	3079	7995	4839	-678	227	307	-242	-119	199	149	-841	572	-752	99
17465	-6707	3112	7993	4782	-679	224	280	-241	-118	199	150	-836	579	-752	99
17483	-6720	3037	7963	4823	-678	224	257	-240	-117	200	151	-842	569	-743	99
17504	-6714	3094	7993	4796	-667	223	280	-240	-117	199	149	-837	577	-749	99
17522	-6691	3263	8040	4673	-667	228	271	-240	-116	199	149	-821	600	-785	99
17540	-6759	2998	7934	4793	-667	226	224	-239	-114	200	150	-841	570	-718	99
17561	-6788	2975	7918	4771	-665	227	183	-237	-112	201	151	-841	571	-713	99
17585	-6817	2963	7897	4730	-653	228	141	-236	-109	202	151	-838	574	-704	99
17603	-6931	-2989	7784	4661	-652	230	72	-233	-106	204	152	-843	569	-599	99
17627	-7015	-3694	7512	5085	-651	228	-26	-230	-102	206	154	-899	476	-480	99
17648	-7080	-3901	7400	5131	-645	225	-122	-227	-99	209	156	-910	454	-434	99
17672	-7146	-4061	7310	5148	-628	222	-205	-223	-95	210	157	-917	439	-391	99
17690	-7232	-4230	7201	5132	-624	216	-279	-220	-93	211	159	-924	426	-315	99
17714	-7225	-4566	7035	5339	-624	217	-316	-218	-91	212	160	-946	375	-260	99
17732	-7263	-4696	6943	5346	-625	214	-374	-216	-90	213	161	-951	361	-217	99
17750	-7317	-4719	6920	5293	-622	207	-416	-214	-89	214	162	-950	364	-191	99
17774	-7389	-5203	6604	5420	-619	198	-472	-211	-88	214	164	-972	301	0	99
17798	-7370	-5322	6540	5505	-621	188	-501	-209	-88	214	165	-979	279	0	99
17819	-7343	-5362	6509	5545	-633	183	-496	-209	-89	213	166	-981	268	0	99
17843	-7366	-5363	6516	5532	-628	176	-512	-207	-89	212	167	-982	269	0	99
17861	-7385	-5323	6537	5491	-630	168	-514	-207	-90	211	167	-979	276	0	99
17885	-7386	-5324	6547	5504	-627	161	-501	-206	-92	210	167	-980	274	0	99
17909	-7354	-5407	6505	5586	-623	148	-496	-205	-93	208	168	-985	255	0	99
17927	-7414	-5256	6601	5462	-619	146	-477	-204	-94	206	167	-978	284	0	99
17945	-7373	-5324	6567	5544	-624	138	-456	-204	-96	205	167	-983	267	0	99
17969	-7408	-5215	6640	5466	-621	130	-429	-204	-98	202	167	-977	285	0	99
17993	-7422	-5101	6710	5402	-622	122	-380	-204	-101	200	166	-972	302	0	99
18017	-7470	-4874	6838	5239	-625	114	-322	-205	-104	197	166	-959	340	0	99
18035	-7500	-4689	6937	5108	-624	109	-271	-206	-107	194	165	-948	370	0	99
18059	-7532	-4534	7022	4995	-619	99	-233	-206	-109	191	164	-938	395	0	99
18083	-7512	-4503	7055	5017	-617	92	-175	-206	-112	188	163	-938	395	0	99
18107	-7417	-4137	7291	4963	-619	89	-119	-207	-115	186	162	-922	434	-165	99
18125	-7386	-3892	7417	4853	-616	88	-61	-208	-117	183	160	-906	465	-216	99
18149	-7343	-3461	7607	4614	-618	84	11	-210	-120	180	159	-874	522	-293	99
18167	-7340	-3392	7630	4564	-619	86	38	-210	-122	179	158	-869	531	-288	99
18185	-7284	-3144	7739	4456	-615	87	85	-211	-123	178	157	-850	560	-350	99
18203	-7211	3099	7883	4179	-611	88	143	-212	-125	176	155	-810	616	-423	99
18221	-7189	3097	7883	4204	-623	94	184	-213	-127	175	154	-812	614	-413	99
18239	-7133	3374	7956	4021	-623	103	223	-214	-127	174	153	-785	649	-452	99
18257	-6980	3906	8087	3700	-614	107	277	-216	-128	172	151	-732	708	-563	99
18281	-6929	3982	8120	3699	-615	117	328	-217	-128	171	148	-726	714	-582	99
18302	-6861	4166	8137	3569	-620	132	360	-218	-127	171	147	-704	735	-602	99
18320	-6835	4261	8130	3473	-618	141	345	-218	-125	172	146	-690	748	-612	99
18338	-6841	4280	8122	3436	-610	144	332	-217	-123	172	145	-685	753	-608	99
18356	-6789	4464	8105	3249	-608	152	325	-217	-121	173	144	-658	776	-615	99
18374	-6891	4226	8053	3365	-602	161	286	-216	-118	174	144	-681	756	-554	99
18392	-6903	4278	8023	3258	-593	161	243	-214	-115	175	143	-669	767	-545	99
18416	-6974	4198	7937	3178	-592	172	183	-213	-111	178	143	-667	768	-476	99
18434	-7128	3885	7854	3294	-584	170	117	-210	-108	179	143	-696	743	-381	99
18452	-7156	3901	7812	3198	-575	174	43	-208	-103	181	144	-686	751	-374	99
18476	-7402	3377	7654	3381	-564	170	-84	-203	-98	184	145	-732	707	-220	99
18494	-7483	3320	7578	3278	-555	167	-189	-199	-93	187	147	-728	710	-178	99
18512	-7566	3104	7516	3374	-548	172	-251	-196	-90	188	147	-746	690	-135	99
18536	-7728	-2923	7376	3317	-539	170	-340	-192	-85	190	148	-756	680	0	99
18560	-7808	-3237	7343	3576	-531	160	-410	-185	-82	188	146	-790	640	0	99
18581	-8002	-3644	7142	3624	-526	159	-507	-181	-77	190	148	-815	607	179	99
18599	-8092	-3739	7051	3538	-522	165	-585	-178	-74	192	149	-815	607	252	99
18620	-8151	-3898	6991	3596	-516	160	-651	-175	-71	193	150	-827	591	278	99
18638	-8258	-4062	6885	3559	-510	159	-691	-173	-69	194	150	-833	582	387	99
18656	-7994	-4021	6508	3332	-503	157	-727	-171	-67	194	150	-777	555	455	99
18680	-7983	-3964	6525	3296	-508	167	-738	-170	-66	195	150	-772	564	435	99
18704	-7662	-3768	6199	3002	-510	164	-720	-170	-66	193	149	-703	552	475	99
18722	-7657	-3744	6206	2988	-507	170	-703	-170	-66	193	147	-701	556	479	99
18746	-7303	-3325	5886	-3326	-503	165	-682	-170	-66	191	146	-603	573	518	99
18770	-6769	3147	5563	-3963	-505	171	-639	-171	-67	190	144	-473	607	474	99
18794	-6183	3634	5232	-4339	-497	179	-538	-173	-68	187	140	-364	604	414	99
18818	-4891	4421	4239	-5141	-496	184	-453	-175	-69	184	136	-131	557	358	99
18839	-3273	4887	2972	-5564	-488	192	-342	-177	-70	180	130	96	418	250	99
18863	4066	4864	-4065	-5453	-479	207	-199	-180	-72	176	123	257	216	145	99
18887	4723	4793	-4425	-5135	-465	219	-94	-182	-71	172	117	298	120	0	99
18905	5040	4607	-4691	-4913	-452	230	-12	-182	-71	169	111	311	52	0	99
18926	5442	4055	-5076	-4312	-437	242	93	-183	-70	164	104	293	-81	0	99
18944	5501	3966	-5086	-4157	-418	247	165	-182	-69	160	98	286	-102	0	99
18968	5845	3797	-5163	-3702	-386	251	233	-179	-67	155	91	280	-175	-163	99
18992	5855	3675	-5133	-3510	-359	247	280	-176	-64	149	84	266	-195	-177	99
19016	5858	3470	-5046	-3159	-320	237	303	-170	-61	143	77	236	-230	-250	99
19034	5828	3396	-5002	-3049	-295	227	313	-166	-58	138	72	225	-239	-264	99
19058	5751	3210	-4939	2966	-262	218	307	-160	-54	133	67	200	-259	-278	99
19076	5725	3153	-4873	3086	-236	202	329	-155	-52	127	62	189	-268	-302	99
19100	5639	3009	-4782	3275	-202	193	340	-148	-49	120	57	166	-281	-316	99
19124	5470	-3038	-4674	3527	-168	179	326	-141	-45	113	52	127	-300	-312	99
19142	5334	-3196	-4599	3663	-149	165	299	-135	-42	109	50	101	-309	-304	99
19166	5077	-3451	-4447	3886	-116	144	270	-126	-39	102	46	55	-318	-280	99
19184	4948	-3555	-4419	3914	-96	131	227	-119	-36	98	44	43	-320	-248	99
19202	4913	-3557	-4403	3902	-80	113	191	-113	-34	93	43	44	-319	-259	99
19220	4531	-3856	-4223	4086	-62	92	145	-106	-32	89	41	-13	-318	-182	99
19238	4277	-3988	-3965	4292	-44	74	122	-100	-31	84	40	-60	-309	-220	99
19262	4089	-4094	-3881	4328	-27	59	94	-93	-29	79	38	-80	-304	-179	99
19280	3319	-4073	-3407	4092	-12	44	59	-87	-27	75	37	-135	-202	0	99
19298	3227	-4112	-3402	4051	-3	19	-32	-80	-25	72	38	-138	-200	0	99
19322	-3158	-4052	2939	4035	7	-1	-73	-73	-23	68	37	-197	-120	0	99
19340	-3332	-4008	3098	3995	19	-9	-93	-68	-22	64	36	-209	-93	0	99
19358	-3409	-3991	3171	3984	25	-13	-96	-65	-21	61	35	-214	-82	0	99
19376	-3669	-3790	3429	3790	30	-23	-126	-61	-20	58	35	-219	-20	0	99
19394	-3727	-3751	3483	3748	35	-31	-135	-57	-19	55	34	-219	-9	0	99
19412	-3766	-3715	3528	3721	39	-30	-131	-55	-18	53	33	-219	0	0	99
19433	-3741	-3766	3486	3754	40	-31	-144	-52	-17	51	32	-218	-11	0	99
19445	-3782	-3720	3535	3716	40	-31	-141	-51	-17	49	32	-218	0	0	99
19469	-3842	-3653	3611	3665	42	-34	-132	-48	-16	46	31	-217	17	0	99
19487	-3886	-3590	3665	3609	42	-37	-131	-47	-16	45	30	-215	31	0	99
19505	-3888	-3587	3674	3613	42	-38	-123	-46	-16	43	29	-215	31	0	99
19523	3131	3032	-3174	-3165	36	-35	-99	-45	-16	41	28	28	-1	0	99
19541	3285	3156	-3280	-3284	37	-39	-68	-45	-17	39	27	59	-3	0	99
19559	3568	3379	-3512	-3535	36	-37	-55	-44	-17	37	26	119	-6	0	99
19574	3723	3487	-3631	-3649	31	-35	-37	-44	-17	36	26	149	-10	0	99
19586	3993	3708	-3635	-3644	31	-37	-19	-44	-18	35	25	179	-14	-153	99
19610	4169	3833	-3732	-3729	29	-35	18	-43	-18	32	23	209	-19	-171	99
19628	4499	4053	-3959	-3926	30	-33	42	-43	-18	30	22	268	-28	-201	99
19646	4677	4152	-4078	-4004	31	-29	62	-42	-18	29	21	297	-37	-218	99
19664	5008	4369	-4308	-4197	34	-26	84	-41	-18	27	19	356	-47	-249	99
19682	5162	4443	-4450	-4297	36	-22	96	-41	-18	26	18	386	-55	-239	99
19700	5268	4533	-4580	-4452	43	-22	82	-39	-16	25	17	416	-55	-218	99
19721	5395	4633	-4697	-4579	52	-22	65	-37	-15	25	17	446	-56	-222	99
19739	5606	4856	-4934	-4910	55	-18	55	-35	-14	24	16	507	-48	-181	99
19757	5705	4955	-5057	-5072	60	-19	37	-34	-12	23	15	538	-46	-162	99
19775	6001	5145	-5308	-5296	66	-22	25	-32	-11	22	14	597	-56	-176	99
19793	6168	5240	-5429	-5382	70	-19	34	-30	-10	21	13	626	-63	-191	99
19811	6231	5338	-5556	-5583	75	-19	14	-28	-8	20	12	657	-55	-146	99
19823	6337	5455	-5664	-5744	77	-19	-3	-27	-7	20	12	688	-51	-140	99
19847	6439	5601	-5967	-6167	86	-20	-38	-23	-4	19	11	748	-40	0	99
19865	6712	5818	-6200	-6424	95	-19	-36	-21	-3	17	9	809	-42	0	99
19883	6864	5895	-6335	-6521	101	-20	-34	-19	-2	15	7	839	-51	0	99
19901	6913	6077	-6375	-6732	109	-23	-55	-16	0	14	6	870	-30	0	99
19919	6928	6008	-6428	-6698	111	-21	-89	-13	2	13	5	869	-42	0	99
19940	7146	6267	-6611	-7000	122	-21	-100	-10	4	11	3	930	-31	0	99
19958	7450	6429	-6886	-7209	131	-22	-102	-8	5	9	1	989	-46	0	99
19976	7399	6563	-6815	-7333	141	-22	-100	-5	7	7	0	1000	-19	0	99
19994	7372	6585	-6771	-7333	154	-25	-80	-3	8	4	-3	1000	-13	0	99
20012	7437	6466	-6863	-7236	164	-22	-94	0	11	2	-5	1000	-39	0	99
20030	7385	6518	-6792	-7265	176	-23	-78	2	12	0	-8	1000	-25	0	99
20051	7337	6520	-6760	-7276	194	-25	-96	6	15	-3	-11	1000	-19	0	99
20069	7272	6578	-6679	-7313	207	-24	-85	9	17	-5	-14	1000	-2	0	99
20087	7289	6555	-6683	-7273	221	-25	-64	12	19	-9	-18	1001	-8	0	99
20111	7319	6491	-6714	-7202	235	-24	-54	16	22	-13	-22	1001	-22	0	99
20129	7226	6571	-6607	-7263	250	-24	-49	19	24	-16	-26	1001	1	0	99
20147	7207	6549	-6598	-7245	268	-31	-56	23	27	-19	-29	1001	0	0	99
20165	7223	6500	-6623	-7198	278	-26	-58	27	30	-21	-32	1001	-9	0	99
20186	7147	6538	-6549	-7231	298	-29	-65	31	33	-25	-36	1001	5	0	99
20204	7128	6529	-6529	-7213	313	-36	-59	35	36	-28	-40	1001	5	0	99
20228	7055	6556	-6459	-7233	336	-38	-64	40	40	-32	-45	1001	18	0	99
20246	7047	6530	-6453	-7202	353	-38	-61	44	43	-35	-49	1001	15	0	99
20267	6903	6608	-6333	-7294	371	-42	-100	49	47	-38	-53	1000	45	0	99
20285	6731	6518	-6389	-7425	386	-46	-124	54	50	-40	-56	1000	55	137	99
20309	6838	6576	-6296	-7276	403	-45	-125	59	54	-44	-60	1000	48	0	99
20327	6595	6596	-6234	-7470	410	-48	-89	61	56	-48	-65	998	84	149	99
20351	6732	6610	-6186	-7292	437	-55	-121	67	60	-52	-69	999	65	0	99
20369	6575	6551	-6220	-7418	447	-55	-107	71	63	-56	-72	999	78	136	99
20387	6553	6504	-6243	-7413	457	-56	-121	74	66	-58	-75	1000	74	155	99
20411	6491	6506	-6196	-7422	478	-57	-140	80	70	-62	-79	999	82	154	99
20429	6348	6553	-6107	-7515	487	-63	-153	84	72	-65	-81	997	107	187	99
20453	6599	6579	-6069	-7251	501	-65	-129	88	75	-70	-86	1000	75	0	99
20471	6458	6493	-6125	-7356	513	-64	-116	91	77	-73	-89	999	82	138	99
20489	6437	6451	-6140	-7347	526	-62	-122	94	80	-76	-92	999	79	157	99
20507	6391	6466	-6092	-7354	541	-61	-121	98	83	-79	-95	999	87	157	99
20525	6385	6465	-6072	-7334	548	-63	-102	100	84	-82	-99	999	87	157	99
20543	6386	6457	-6053	-7302	562	-59	-106	104	87	-85	-102	999	86	141	99
20561	6581	6493	-6008	-7097	569	-57	-64	105	89	-88	-106	1001	64	0	99
20579	6523	6539	-5931	-7119	579	-58	-48	108	90	-92	-109	1000	78	0	99
20603	6412	6421	-6014	-7192	596	-54	-39	112	94	-95	-113	1000	77	133	99
20621	6575	6452	-5967	-7009	608	-50	-18	114	96	-98	-117	1001	59	0	99
20645	6583	6438	-5949	-6965	624	-47	13	117	99	-103	-121	1001	56	0	99
20663	6527	6476	-5883	-6987	635	-46	20	120	101	-105	-124	1000	69	0	99
20687	6579	6404	-5936	-6913	644	-48	30	123	103	-109	-128	1001	51	0	99
20705	6575	6390	-5929	-6894	653	-44	35	125	106	-111	-131	1001	50	0	99
20729	6509	6418	-5864	-6916	668	-42	30	129	109	-114	-134	1001	63	0	99
20753	6605	6319	-5945	-6800	682	-44	62	132	111	-118	-139	1002	35	0	99
20777	6585	6305	-5933	-6789	692	-47	56	135	114	-121	-142	1002	35	0	99
20795	6534	6341	-5874	-6815	699	-47	60	138	116	-123	-144	1002	47	0	99
20819	6489	6352	-5838	-6830	706	-49	49	141	118	-126	-147	1001	54	0	99
20843	6482	6339	-5835	-6819	714	-47	45	145	121	-129	-149	1002	53	0	99
20867	6486	6312	-5836	-6786	728	-49	53	148	123	-132	-152	1003	48	0	99
20885	6497	6287	-5848	-6760	733	-47	56	150	125	-134	-154	1003	43	0	99
20900	6459	6299	-5818	-6778	739	-52	45	152	126	-136	-156	1003	49	0	99
20918	6398	6340	-5754	-6814	746	-53	42	154	128	-138	-158	1002	63	0	99
20942	6430	6260	-5817	-6761	758	-58	19	158	131	-140	-160	1003	46	0	99
20966	6459	6223	-5838	-6715	763	-55	34	160	133	-143	-162	1003	37	0	99
20990	6422	6249	-5797	-6734	762	-52	34	162	135	-145	-165	1003	46	0	99
21008	6397	6253	-5775	-6738	770	-57	31	165	136	-147	-166	1003	49	0	99
21032	6391	6239	-5772	-6726	775	-62	30	167	138	-149	-168	1003	47	0	99
21068	6345	6227	-5752	-6734	791	-62	1	172	142	-152	-171	1003	51	0	99
21095	6401	6165	-5803	-6667	795	-64	17	174	143	-154	-173	1003	34	0	99
21119	6410	6155	-5801	-6644	798	-64	32	175	144	-157	-175	1003	31	0	99
21143	6367	6196	-5751	-6677	792	-61	33	177	145	-158	-177	1003	43	0	99
21167	6374	6172	-5775	-6665	793	-67	23	179	145	-159	-177	1003	37	0	99
21197	6343	6166	-5763	-6676	798	-69	1	182	147	-160	-178	1003	40	0	99
21221	6304	6184	-5733	-6702	799	-81	-10	184	148	-162	-179	1003	46	0	99
21239	6282	6207	-5704	-6717	796	-82	-4	185	149	-163	-180	1003	52	0	99
21263	6164	6300	-5587	-6805	799	-83	-17	187	150	-164	-181	1001	81	0	99
21284	6129	6301	-5574	-6827	802	-82	-43	189	152	-165	-182	1001	86	0	99
21308	6118	6273	-5586	-6820	814	-91	-65	192	154	-166	-183	1001	82	0	99
21326	6127	6276	-5585	-6814	805	-85	-55	192	154	-167	-183	1001	82	0	99
21356	6123	6278	-5580	-6816	797	-90	-53	193	155	-168	-184	1001	82	0	99
21380	6167	6243	-5616	-6774	796	-90	-39	194	155	-170	-185	1002	71	0	99
21434	6083	6300	-5539	-6835	793	-97	-54	197	156	-172	-186	1001	89	0	99
21458	6042	6343	-5478	-6857	797	-95	-37	197	157	-174	-188	1000	101	0	99
21482	6026	6312	-5509	-6873	794	-100	-88	200	158	-173	-187	1000	98	0	99
21500	6064	6287	-5538	-6840	794	-100	-73	200	158	-174	-188	1001	89	0	99
21533	6079	6269	-5546	-6814	795	-102	-61	201	159	-176	-189	1001	84	0	99
21551	5993	6336	-5460	-6877	795	-103	-70	202	159	-176	-189	999	105	0	99
21575	5944	6365	-5423	-6917	791	-101	-89	203	160	-176	-189	997	116	0	99
21599	5740	6322	-5439	-7090	795	-108	-100	204	161	-177	-189	995	137	144	99
21620	5925	6370	-5407	-6924	794	-109	-93	205	161	-178	-190	997	118	0	99
21638	5964	6360	-5425	-6895	787	-103	-68	204	161	-179	-191	998	112	0	99
21656	5885	6414	-5352	-6951	788	-106	-82	205	161	-179	-191	996	130	0	99
21680	5942	6376	-5403	-6910	786	-111	-69	205	161	-180	-191	998	116	0	99
21698	6030	6328	-5469	-6842	782	-110	-35	204	160	-181	-192	1000	97	0	99
21719	5958	6411	-5368	-6894	780	-108	-14	204	160	-182	-193	998	119	0	99
21743	6020	6353	-5439	-6847	779	-108	-17	205	160	-183	-193	1000	102	0	99
21764	5969	6409	-5369	-6881	779	-106	-3	205	160	-183	-194	998	117	0	99
21788	5952	6412	-5363	-6896	780	-111	-17	206	160	-184	-194	998	119	0	99
21806	6096	6329	-5475	-6786	773	-107	32	204	159	-185	-195	1002	88	0	99
21830	6110	6314	-5491	-6773	767	-106	32	204	159	-185	-195	1001	84	0	99
21854	6129	6331	-5475	-6756	763	-105	70	204	158	-186	-196	1001	84	0	99
21875	6131	6332	-5475	-6755	761	-103	72	204	158	-187	-196	1001	84	0	99
21899	6129	6315	-5495	-6761	761	-108	48	205	158	-187	-195	1002	81	0	99
21917	6102	6358	-5447	-6781	760	-106	68	204	158	-187	-196	1001	91	0	99
21941	6229	6263	-5563	-6679	757	-106	95	204	157	-188	-197	1004	60	0	99
21965	6292	6238	-5597	-6628	753	-105	132	203	156	-189	-198	1004	48	0	99
21989	6251	6267	-5566	-6666	751	-103	116	203	156	-188	-197	1004	58	0	99
22013	6249	6276	-5559	-6670	747	-99	120	203	156	-188	-197	1004	60	0	99
22031	6255	6274	-5561	-6664	748	-99	125	203	156	-189	-198	1004	59	0	99
22055	6257	6270	-5563	-6659	743	-101	127	203	156	-188	-198	1003	58	0	99
22073	6314	6213	-5628	-6612	739	-102	125	203	156	-188	-198	1004	42	0	99
22091	6191	6223	-5585	-6695	771	-103	29	207	160	-187	-197	1004	60	0	99
22115	6078	6335	-5455	-6788	770	-100	31	207	161	-187	-197	1001	92	0	99
22139	6101	6307	-5491	-6775	769	-101	19	207	161	-186	-197	1002	85	0	99
22163	6040	6359	-5432	-6828	763	-107	11	207	161	-186	-196	1001	100	0	99
22193	6065	6319	-5490	-6824	749	-95	-24	207	163	-184	-195	1002	93	0	99
22211	6009	6378	-5427	-6875	741	-96	-25	207	162	-184	-195	1000	109	0	99
22235	6038	6365	-5440	-6846	741	-71	-8	206	164	-182	-196	1000	107	0	99
22259	5990	6407	-5387	-6882	741	-55	-10	206	165	-181	-196	999	122	0	99
22280	6047	6354	-5456	-6843	740	-54	-17	206	165	-181	-196	1001	107	0	99
22304	5982	6395	-5396	-6888	738	-54	-30	206	166	-180	-196	998	122	0	99
22322	5945	6433	-5355	-6919	734	-58	-29	205	166	-180	-196	997	132	0	99
22346	5981	6399	-5394	-6892	733	-48	-31	205	167	-180	-196	998	124	0	99
22370	6009	6423	-5372	-6865	731	-39	23	203	166	-180	-198	998	125	0	99
22394	6086	6367	-5452	-6816	723	-37	28	203	166	-180	-198	1000	107	0	99
22412	6112	6362	-5460	-6796	723	-38	49	202	165	-181	-199	1001	103	0	99
22436	5985	6446	-5346	-6890	726	-36	20	203	167	-180	-198	998	133	0	99
22460	6034	6409	-5395	-6855	724	-31	24	202	167	-179	-199	999	122	0	99
22490	6120	6336	-5475	-6776	732	-31	44	202	168	-180	-200	1001	100	0	99
22514	5982	6454	-5325	-6877	732	-25	40	201	169	-179	-200	997	137	0	99
22538	5902	6506	-5249	-6928	737	-21	28	202	170	-179	-201	994	156	0	99
22556	5900	6500	-5261	-6936	732	-26	12	202	170	-178	-201	995	155	0	99
22580	5907	6507	-5261	-6937	725	-28	20	202	170	-178	-201	995	155	0	99
22604	5933	6486	-5279	-6907	727	-26	33	201	170	-178	-202	995	149	0	99
22664	6021	6442	-5351	-6852	722	-42	60	201	170	-180	-204	999	129	0	99
22718	6043	6435	-5361	-6834	718	-44	75	200	170	-181	-205	999	125	0	99
22742	6028	6452	-5346	-6851	713	-48	73	201	170	-181	-205	999	129	0	99
22760	5859	6540	-5208	-6960	719	-52	24	202	171	-180	-204	993	164	0	99
22784	5823	6514	-5221	-6982	733	-54	-30	205	173	-179	-203	993	165	0	99
22808	5933	6457	-5313	-6913	727	-53	0	204	172	-180	-204	997	142	0	99
22832	5836	6521	-5215	-6969	728	-48	-8	204	173	-179	-204	993	165	0	99
22850	5850	6486	-5259	-6966	731	-49	-40	205	174	-178	-203	995	158	0	99
22865	5906	6486	-5272	-6925	725	-45	11	203	173	-179	-205	996	151	0	99
22883	5940	6482	-5288	-6905	722	-44	32	203	172	-180	-205	997	146	0	99
22907	5773	6548	-5178	-7020	720	-47	-44	205	174	-178	-203	991	178	0	99
22925	5842	6525	-5223	-6978	717	-44	-14	204	174	-178	-205	994	166	0	99
22949	5786	6461	-5252	-6991	764	-53	-104	208	178	-178	-205	995	163	0	99
22973	5646	6533	-5135	-7079	758	-52	-143	209	180	-177	-204	988	193	0	99
22994	5756	6494	-5214	-7015	750	-50	-101	208	179	-177	-205	993	173	0	99
23018	5627	6585	-5072	-7084	753	-50	-99	208	179	-177	-206	987	203	0	99
23036	5688	6540	-5143	-7053	752	-52	-105	208	180	-177	-206	990	189	0	99
23060	5664	6580	-5098	-7071	741	-48	-86	206	179	-177	-207	988	199	0	99
23084	5696	6555	-5142	-7062	730	-43	-99	206	180	-175	-206	990	192	0	99
23108	5697	6550	-5155	-7069	720	-39	-112	206	180	-174	-206	990	192	0	99
23126	5698	6547	-5164	-7075	713	-36	-123	206	181	-173	-206	990	192	0	99
23150	5669	6562	-5146	-7100	703	-32	-138	206	181	-172	-205	988	199	0	99
23174	5669	6557	-5158	-7108	695	-29	-153	206	182	-171	-205	988	199	0	99
23198	5844	6436	-5339	-7004	688	-9	-147	205	183	-170	-205	995	161	0	99
23222	5727	6497	-5229	-7064	699	-10	-163	206	185	-170	-206	991	185	0	99
23240	5719	6501	-5220	-7066	700	-2	-165	206	185	-169	-206	990	188	0	99
23261	5727	6511	-5208	-7056	705	1	-143	205	186	-170	-207	991	189	0	99
23279	5761	6487	-5241	-7034	706	0	-139	205	186	-170	-208	992	182	0	99
23303	5656	6557	-5130	-7091	704	1	-142	205	187	-170	-208	987	206	0	99
23321	5769	6469	-5253	-7020	709	2	-143	205	187	-170	-209	992	179	0	99
23333	5717	6508	-5191	-7045	717	3	-136	206	188	-171	-210	990	191	0	99
