6	4231	4287	3844	3707	0	0	1197	-1	-1	-1	0	57	13	-2634	99
30	4355	4423	3761	3560	0	-2	1153	0	0	0	1	87	19	-2637	99
48	4586	4642	3567	3293	0	-4	1122	0	0	0	2	146	32	-2633	99
72	4809	4946	3385	2923	0	-4	1079	1	1	1	3	204	45	-2626	99
84	4891	5099	3313	-3067	0	-5	1052	2	2	2	4	233	55	-2608	99
102	5008	5189	3185	-3204	0	-8	1002	3	4	4	5	261	64	-2589	99
120	5051	5324	3117	-3379	0	-8	951	4	5	5	7	290	74	-2569	99
138	5085	5469	3046	-3596	0	-11	879	6	7	7	9	317	89	-2519	99
162	5114	5573	2985	-3758	0	-13	794	8	10	9	11	344	104	-2487	99
174	5236	5826	-2946	-4083	0	-15	758	9	11	10	12	397	135	-2421	99
201	5237	5983	-2964	-4281	3	-12	657	13	15	13	14	423	150	-2397	99
246	5309	6437	-3063	-4870	10	-14	518	17	20	16	17	498	206	-2297	99
264	5322	6644	-3113	-5160	15	-10	456	20	23	18	18	542	255	-2208	99
276	5298	6809	-3091	-5354	19	-9	417	21	25	19	18	564	279	-2174	99
294	5193	7212	-3022	-5871	25	-9	348	24	28	20	19	599	341	-2067	99
324	4938	7379	2991	-6088	38	-17	216	29	33	22	22	630	407	-1978	99
348	5073	7559	-2922	-6314	47	-12	136	33	37	23	23	647	435	-1941	99
366	5011	7619	2927	-6382	55	-2	92	35	40	24	23	663	465	-1906	99
378	4878	7916	3061	-6690	59	-3	63	36	42	24	23	677	497	-1870	99
396	4850	8068	3088	-6865	62	-3	17	38	44	25	23	706	558	-1806	99
432	4487	8609	3428	-7458	79	7	-50	43	50	25	21	730	668	-1682	99
450	4307	8591	3592	-7423	88	8	-117	46	54	26	21	732	711	-1643	99
468	4324	8903	3573	-7783	104	17	-136	48	58	26	19	770	758	-1586	99
492	4078	9101	3812	-7973	114	29	-189	51	63	27	17	768	843	-1532	99
510	3974	9374	3939	-8240	122	35	-203	52	66	27	15	782	872	-1532	99
552	3249	9393	4514	-8286	145	69	-284	57	76	30	10	718	999	-1358	99
564	3014	9330	4703	-8229	151	76	-313	59	79	30	9	687	1022	-1305	99
582	-3324	9165	5120	-8074	165	86	-356	61	84	31	6	613	1068	-1198	99
600	-3300	9096	5094	-8038	172	94	-405	63	89	33	4	613	1068	-1198	99
627	-3762	8890	5452	-7837	183	123	-458	66	97	35	0	546	1103	-1109	99
645	-4043	8377	5630	-7378	204	144	-528	68	104	38	-1	492	1129	-1031	99
654	-4171	8511	5744	-7539	213	155	-562	70	108	39	-3	461	1142	-986	99
666	-4479	8380	6002	-7401	217	165	-583	70	112	40	-5	420	1158	-935	99
690	-4884	8222	6307	-7219	233	188	-618	71	120	43	-10	343	1183	-841	99
732	-5385	7891	6658	-6879	240	224	-667	71	132	47	-17	246	1207	-725	99
750	-5363	7749	6609	-6720	240	233	-702	71	136	50	-19	229	1210	-708	99
774	-5568	7573	6796	-6518	245	260	-681	69	141	52	-25	178	1219	-667	99
801	-5983	7200	7096	-6141	243	288	-669	66	147	56	-30	102	1228	-592	99
837	-6201	6813	7227	-5755	244	313	-655	62	153	60	-36	18	1232	-516	99
849	-6342	6881	7340	-5834	246	337	-637	59	155	63	-38	-7	1232	-487	99
867	-6637	6753	7614	-5676	241	354	-623	57	158	65	-41	-32	1232	-477	99
891	-6706	6521	7594	-5492	239	369	-609	53	161	68	-45	-95	1228	-407	99
915	-6880	6317	7724	-5287	234	393	-584	49	165	72	-48	-110	1228	-375	99
939	-7070	6153	7859	-5132	225	407	-579	46	168	75	-50	-178	1220	-341	99
957	-7089	5870	7877	-4812	227	431	-540	42	170	77	-54	-192	1218	-354	99
975	-7212	6002	7976	-5018	230	455	-496	38	172	80	-57	-218	1213	-324	99
1002	-7171	5889	7940	-4922	214	468	-468	32	174	83	-60	-236	1210	-317	99
1038	-7433	5625	8105	-4639	197	483	-445	25	177	88	-62	-303	1194	-265	99
1062	-7384	5631	8084	-4611	177	498	-393	19	178	91	-64	-307	1194	-279	99
1080	-7496	5501	8147	-4488	163	504	-393	15	178	95	-64	-340	1185	-246	99
1104	-7559	5443	8175	-4448	142	511	-367	10	178	98	-65	-357	1180	-225	99
1137	-7733	5136	8272	-4111	125	522	-341	3	178	103	-65	-403	1165	-195	99
1155	-7018	4883	7507	-4008	106	541	-309	-1	178	107	-65	-421	1094	-141	99
1185	-7372	4908	7857	-3974	51	580	-251	-11	176	114	-64	-421	1094	-148	99
1209	-7553	4581	7865	-3748	36	582	-239	-16	175	118	-64	-474	1073	0	99
1227	-7692	4627	8009	-3774	17	589	-228	-21	174	121	-63	-482	1070	0	99
1269	-7591	4353	7870	-3479	-24	595	-238	-30	171	130	-59	-526	1049	0	99
1287	-7569	4373	7871	-3487	-45	609	-225	-34	170	134	-57	-527	1048	0	99
1305	-7786	4541	8096	-3625	-59	606	-195	-39	167	136	-57	-522	1051	0	99
1323	-7581	4548	7914	-3641	-77	604	-174	-44	165	139	-55	-522	1051	0	99
1353	-7709	4373	8014	-3426	-97	605	-135	-51	161	143	-54	-540	1042	0	99
1371	-7542	4519	7883	-3592	-119	609	-116	-55	158	147	-52	-536	1044	0	99
1398	-7722	4401	8048	-3448	-149	596	-109	-61	155	150	-49	-544	1039	0	99
1416	-7633	4590	8007	-3641	-159	593	-68	-66	152	152	-49	-523	1050	0	99
1437	-7633	4543	7991	-3590	-175	597	-39	-70	149	155	-48	-530	1047	0	99
1455	-7587	4535	7969	-3590	-186	597	-16	-74	147	157	-47	-529	1048	0	99
1491	-6847	4578	7218	-3764	-207	594	54	-83	142	160	-46	-439	958	0	99
1533	-6044	4697	6428	-4008	-238	595	69	-91	137	166	-42	-328	871	0	99
1569	4498	3801	-4291	-4038	-262	590	96	-98	133	171	-39	204	122	0	99
1590	4413	4004	-4155	-4219	-270	586	121	-102	130	172	-38	232	132	0	99
1608	4551	4087	-4267	-4334	-276	584	132	-104	128	173	-37	256	150	0	99
1626	4471	4417	-4169	-4647	-280	581	147	-106	127	173	-36	309	180	0	99
1650	4493	4826	-4126	-5051	-281	575	162	-106	124	172	-35	355	219	0	99
1668	4441	4829	-4083	-5034	-281	560	141	-106	123	172	-33	355	219	0	99
1692	4637	5232	-4191	-5446	-279	547	159	-105	121	170	-33	436	260	0	99
1710	4686	5496	-4087	-5578	-275	537	175	-104	119	167	-33	466	268	-141	99
1737	4612	5829	-4063	-6007	-256	509	182	-101	117	163	-33	541	317	0	99
1770	4632	6296	-4001	-6477	-229	482	192	-97	115	156	-34	586	359	0	99
1788	4611	6299	-3977	-6467	-218	455	174	-93	113	153	-34	586	359	0	99
1806	4851	6482	-4049	-6535	-205	435	193	-91	112	149	-35	645	378	-139	99
1830	4817	6885	-4084	-7064	-177	416	230	-88	110	143	-37	693	414	0	99
1848	4752	7007	-3991	-7168	-158	393	228	-84	109	138	-37	716	436	0	99
1866	4945	7371	-4124	-7554	-137	378	266	-81	107	133	-40	765	470	0	99
1884	5013	7576	-4052	-7628	-124	356	259	-77	106	129	-40	798	474	-134	99
1902	5074	7563	-4094	-7608	-102	341	281	-74	105	123	-42	826	486	-145	99
1926	5021	7995	-4085	-8162	-80	315	273	-68	105	117	-43	870	529	0	99
1956	5092	8291	-4090	-8456	-35	302	285	-60	105	109	-47	920	562	0	99
1968	5568	8561	-4368	-8624	-22	289	285	-57	105	106	-48	984	573	-163	99
1986	5544	8546	-4343	-8590	-13	284	337	-55	104	101	-50	984	573	-163	99
2016	5409	8814	-4170	-8846	14	262	363	-48	104	92	-54	1033	607	-158	99
2034	5608	8726	-4336	-8720	42	255	372	-44	105	87	-57	1068	607	-190	99
2061	5757	9125	-4399	-9127	80	242	394	-37	106	79	-61	1125	631	-207	99
2085	6121	9560	-4644	-9573	110	232	429	-32	107	72	-66	1215	653	-252	99
2103	6114	9825	-4619	-9830	127	223	435	-27	108	67	-69	1236	677	-238	99
2127	6429	9838	-4864	-9828	156	220	465	-22	111	61	-74	1309	668	-301	99
2151	6493	10189	-4892	-10195	183	218	480	-16	114	55	-80	1355	709	-290	99
2175	6599	10312	-4966	-10335	211	212	482	-10	117	49	-85	1408	740	-294	99
2193	6578	10291	-4962	-10311	240	217	480	-5	121	46	-90	1408	740	-294	99
2211	6748	10609	-5071	-10637	264	225	480	-1	125	42	-95	1461	768	-305	99
2241	6867	10652	-5157	-10674	299	229	491	6	132	36	-103	1517	791	-324	99
2259	6918	10960	-5177	-10995	328	239	499	10	137	32	-109	1542	806	-326	99
2286	6996	11154	-5208	-11159	368	251	492	18	145	27	-118	1590	844	-331	99
2304	7311	11110	-5453	-11103	396	257	496	23	150	23	-125	1659	841	-381	99
2322	7363	11434	-5458	-11453	430	277	515	27	156	19	-132	1684	860	-383	99
2346	7361	11368	-5472	-11373	469	292	524	34	166	14	-143	1713	870	-395	99
2376	7554	11812	-5578	-11784	521	308	488	44	179	9	-156	1809	947	-410	99
2406	7401	11970	-5445	-11943	580	353	568	51	192	2	-175	1825	979	-403	99
2424	7504	11862	-5553	-11816	617	375	562	57	202	0	-185	1854	990	-418	99
2454	7767	12009	-5756	-11971	679	414	587	66	218	-5	-204	1925	984	-479	99
2472	7787	12201	-5736	-12128	723	439	582	73	229	-9	-215	1970	1027	-480	99
2490	8109	12307	-6012	-12261	764	465	584	79	241	-12	-228	2012	1012	-523	99
2514	8110	12315	-5967	-12328	822	499	576	88	257	-16	-244	2063	1045	-564	99
2550	8386	12316	-6191	-12316	906	552	564	102	284	-22	-272	2152	1068	-616	99
2568	8383	12316	-6192	-12316	962	589	563	109	299	-25	-288	2176	1087	-632	99
2592	8501	12316	-6234	-12316	1025	644	571	118	320	-29	-309	2231	1111	-678	99
2610	8745	12316	-6440	-12316	1070	669	564	125	335	-32	-325	2268	1105	-718	99
2628	8677	12316	-6401	-12242	1126	716	561	132	352	-34	-342	2280	1148	-723	99
2646	8551	12316	-6243	-12316	1178	755	548	140	369	-37	-358	2276	1156	-735	99
2664	8234	12316	-5947	-12316	1228	795	528	147	386	-39	-375	2248	1209	-748	99
2688	8047	12169	-5791	-11832	1274	832	531	156	406	-42	-397	2230	1241	-784	99
2712	8083	12315	-5764	-12018	1328	893	523	164	429	-44	-419	2231	1240	-848	99
2748	7273	11801	-5034	-11354	1419	978	464	178	464	-46	-450	2105	1335	-845	99
2760	7312	11717	-5072	-11341	1472	1030	453	183	477	-46	-462	2105	1335	-845	99
2778	6900	12125	-4609	-11675	1513	1085	451	188	494	-47	-478	2052	1415	-848	99
2802	6825	12275	-4494	-11795	1564	1147	402	195	517	-46	-496	2032	1443	-863	99
2823	5840	12180	-3571	-11592	1593	1192	364	200	534	-45	-511	1916	1595	-798	99
2841	5787	12312	-3482	-11801	1628	1242	304	205	551	-43	-523	1899	1614	-819	99
2871	5060	9149	-3050	-8215	1656	1321	196	212	578	-38	-541	1726	1714	-808	99
2919	3993	12149	4076	-11277	1850	1664	253	219	629	-29	-582	1598	1833	-815	99
2943	3476	11826	4518	-10897	1851	1710	175	222	645	-24	-592	1510	1906	-775	99
2955	3252	11907	4801	-10889	1851	1735	151	222	653	-22	-598	1451	1951	-819	99
2973	2981	11902	5072	-10848	1838	1771	141	221	663	-18	-605	1412	1980	-841	99
2997	-3410	11435	5559	-10313	1850	1837	79	221	680	-11	-615	1253	2013	-823	99
3012	-3355	11440	5472	-10335	1831	1860	40	219	687	-6	-620	1253	2013	-823	99
3048	-4439	10817	6462	-9519	1795	1935	-56	213	707	9	-631	1016	2076	-810	99
3069	-4355	10154	6306	-8871	1779	1988	-78	208	718	18	-637	948	2042	-810	99
3114	-3899	9013	5621	-7864	1739	2105	-112	191	738	42	-649	847	1824	-807	99
3144	-3568	8511	5199	-7489	1707	2175	-139	177	748	59	-653	797	1715	-807	99
3174	-3211	7703	4681	-6791	1673	2237	-168	162	756	78	-655	720	1552	-809	99
3210	-6931	5936	7777	-4786	1530	2277	-281	139	760	106	-647	-48	1740	-426	99
3234	-7164	5576	7935	-4416	1449	2322	-296	122	761	125	-643	-156	1703	-429	99
3246	-7496	5201	8157	-4071	1397	2325	-338	113	760	135	-638	-250	1691	-380	99
3264	-7094	4632	7715	-3517	1322	2342	-384	100	759	150	-632	-276	1627	-400	99
3288	-7216	3933	7623	-2933	1232	2366	-461	82	758	170	-622	-389	1480	-348	99
3306	-6838	3896	7242	-2965	1151	2376	-476	67	754	185	-615	-397	1415	-368	99
3354	-6784	-3096	6885	3739	939	2405	-585	27	742	226	-588	-556	1197	-302	99
3384	-6102	-3897	6024	4389	806	2405	-643	1	730	250	-568	-645	1045	-266	99
3408	-6861	-3479	6777	4109	683	2403	-721	-19	719	271	-548	-689	1052	-264	99
3426	-6810	-3336	6740	3991	604	2371	-749	-34	707	284	-534	-689	1052	-264	99
3462	-5911	-3985	5669	4464	426	2345	-888	-62	684	314	-500	-711	810	-181	99
3480	-5293	-4635	4785	4836	340	2321	-899	-78	669	327	-483	-716	635	0	99
3504	-4546	-4583	4078	4695	216	2274	-917	-98	648	343	-460	-654	522	0	99
3528	-3975	-4505	3523	4530	100	2231	-903	-119	625	358	-438	-588	408	0	99
3552	-3585	-4331	3214	4351	-17	2185	-831	-141	600	370	-417	-536	378	0	99
3573	-3057	-4238	-3065	4173	-104	2137	-803	-158	579	380	-398	-454	284	0	99
3591	3628	-3904	-3620	3884	-187	2098	-750	-173	560	388	-382	-353	218	-170	99
3618	3666	-3782	-3550	3765	-296	2036	-658	-193	532	395	-358	-304	184	-200	99
3636	3864	-3726	-3781	3651	-354	1988	-624	-204	514	398	-343	-258	144	-206	99
3666	4541	-3317	-4261	3215	-461	1939	-475	-221	484	399	-320	-101	54	-374	99
3696	4867	-3183	-4514	3082	-531	1861	-390	-231	456	397	-297	-48	25	-414	99
3726	4674	-3142	-4086	3280	-583	1775	-281	-239	428	389	-276	-71	35	-646	99
3753	-3825	-3712	4344	4344	-616	1706	-176	-244	404	381	-259	-433	205	-737	99
3771	-3376	-3456	3943	4034	-622	1636	-158	-244	390	375	-247	-378	178	-768	99
3798	-5879	-4436	6266	5456	-637	1547	-141	-244	369	366	-230	-757	309	-789	99
3816	-5797	-4507	6168	5521	-635	1473	-153	-241	356	359	-218	-763	293	-794	99
3852	-5809	-4614	6142	5625	-633	1332	-157	-237	331	345	-197	-773	266	-797	99
3894	-5879	-4915	6117	5868	-619	1181	-176	-230	304	329	-175	-794	191	-776	99
3912	-5687	-5093	5886	5994	-616	1114	-186	-227	293	322	-166	-799	169	-767	99
3969	-5647	-5547	5688	6303	-619	950	-296	-217	264	307	-136	-813	58	-720	99
3987	-5487	-5615	5455	6294	-616	896	-313	-214	256	301	-128	-815	20	-666	99
4011	-5492	-5698	5448	6419	-619	828	-355	-210	244	295	-116	-816	1	-670	99
4023	-5437	-5852	5368	6586	-614	799	-353	-209	238	291	-111	-814	-27	-676	99
4047	4035	3230	-3560	-3060	-610	744	-360	-205	226	284	-101	17	-23	-643	99
4065	4228	3242	-3827	-3165	-603	699	-366	-202	217	279	-94	36	-47	-572	99
4092	4400	3118	-4029	-3049	-609	641	-372	-199	204	272	-83	74	-94	-563	99
4128	4800	3149	-4505	-3154	-609	556	-396	-192	188	262	-70	136	-159	-499	99
4146	5121	3321	-4765	-3357	-615	524	-383	-189	179	257	-64	154	-183	-513	99
4164	5125	3008	-4830	-3060	-614	489	-370	-185	171	251	-59	195	-227	-489	99
4182	5191	3056	-4901	-3126	-595	461	-347	-181	165	244	-56	215	-249	-491	99
4203	5414	3082	-5113	-3184	-574	423	-336	-175	157	237	-52	256	-293	-482	99
4221	5624	2995	-5322	-3113	-555	389	-324	-170	151	230	-49	276	-315	-474	99
4248	5643	2995	-5375	-3117	-527	350	-305	-162	143	220	-46	297	-337	-471	99
4272	5869	2912	-5612	-3088	-492	313	-292	-154	137	210	-43	340	-379	-455	99
4308	6279	2980	-6031	-3285	-437	259	-258	-143	127	195	-40	407	-440	-423	99
4326	6428	2928	-6172	-3230	-412	232	-253	-137	123	188	-39	428	-461	-419	99
4353	6920	2932	-6668	-3321	-377	191	-237	-128	117	177	-37	491	-527	-411	99
4374	7052	2929	-6801	-3325	-353	168	-201	-122	111	169	-36	510	-550	-418	99
4392	7312	2972	-7084	-3423	-331	139	-185	-116	107	161	-35	554	-592	-406	99
4416	7394	-2941	-7191	-3332	-308	109	-169	-108	102	152	-34	574	-614	-405	99
4431	7433	-2977	-7240	-3321	-285	92	-155	-103	99	146	-34	594	-637	-407	99
4449	7577	-2986	-7387	-3339	-255	70	-139	-97	96	138	-34	614	-658	-407	99
4497	8171	-2963	-7967	-3469	-191	24	-97	-81	89	120	-34	702	-740	-387	99
4515	8397	-2923	-8168	-3523	-169	6	-87	-75	86	113	-34	724	-761	-381	99
4539	8713	-2989	-8457	-3494	-146	-14	-43	-69	82	103	-34	763	-808	-387	99
4557	8798	-2955	-8538	-3520	-127	-31	-15	-63	79	96	-35	776	-837	-403	99
4611	9504	-3297	-9213	-3208	-71	-88	83	-48	69	73	-37	829	-990	-487	99
4635	9540	-3461	-9241	-3015	-48	-108	144	-41	65	63	-38	829	-1029	-521	99
4653	9674	-3530	-9361	-2953	-31	-125	195	-36	61	55	-39	824	-1071	-560	99
4683	9809	-3704	-9528	2998	1	-162	227	-26	57	42	-40	840	-1134	-586	99
4725	10183	-3994	-9950	3190	47	-199	271	-12	52	24	-41	878	-1219	-602	99
4743	10245	-4393	-10047	3619	70	-218	301	-6	49	16	-42	849	-1312	-688	99
4782	10722	-4424	-10602	3511	112	-263	291	9	45	0	-41	920	-1409	-660	99
4812	10751	-4462	-10669	3526	143	-305	305	21	40	-13	-41	937	-1433	-656	99
4830	10968	-4714	-10940	3708	168	-327	305	29	38	-22	-42	956	-1493	-662	99
4848	11045	-4541	-11043	3468	193	-345	289	38	37	-30	-41	987	-1510	-636	99
4872	11266	-4483	-11302	3278	219	-384	246	50	35	-40	-40	1044	-1544	-594	99
4929	11641	-4654	-11752	3252	297	-476	147	82	30	-69	-36	1106	-1647	-566	99
4953	11730	-4412	-11884	-2924	327	-515	100	96	28	-82	-34	1193	-1659	-486	99
4971	11825	-4372	-11993	-3027	361	-551	55	108	27	-92	-33	1232	-1668	-449	99
4995	11885	-4388	-12045	-3015	404	-590	21	124	26	-107	-32	1253	-1690	-437	99
5007	11907	-4186	-12070	-3264	425	-613	0	132	25	-115	-31	1297	-1695	-396	99
5037	12166	-4007	-12297	-3538	498	-693	-73	156	23	-138	-31	1388	-1738	-316	99
5055	12069	-3992	-12279	-3498	533	-735	-102	171	22	-152	-31	1388	-1738	-316	99
5073	12162	-4418	-12295	-3052	572	-768	-90	184	20	-167	-32	1374	-1825	-343	99
5085	12295	-4462	-12295	-3038	593	-791	-77	193	18	-177	-34	1376	-1861	-343	99
5115	11878	-4421	-12220	-3029	655	-856	-90	218	16	-202	-36	1430	-1857	-283	99
5145	12294	-5276	-12294	3609	718	-934	-110	245	12	-229	-39	1352	-2061	-343	99
5169	12095	-4994	-12293	3278	779	-1009	-126	269	9	-254	-41	1410	-2058	-286	99
5187	12234	-5878	-12292	4208	824	-1050	-86	285	6	-273	-44	1309	-2195	-356	99
5220	11630	-6541	-12260	4923	894	-1143	-20	315	-1	-308	-48	1166	-2273	-393	99
5238	11560	-6496	-12116	4898	926	-1196	14	331	-5	-328	-49	1166	-2273	-393	99
5262	11536	-6916	-12096	5323	983	-1271	-14	355	-9	-353	-49	1110	-2302	-381	99
5280	11086	-6645	-11677	5017	1017	-1318	0	372	-13	-373	-49	1140	-2287	-319	99
5298	11226	-6733	-11797	5093	1049	-1373	-2	389	-17	-392	-48	1113	-2300	-300	99
5319	11148	-6821	-11724	5116	1078	-1424	1	407	-21	-413	-48	1101	-2306	-244	99
5349	11119	-6681	-11735	4890	1140	-1501	-59	435	-25	-442	-45	1155	-2279	-159	99
5367	11147	-6429	-11833	4469	1168	-1541	-73	450	-28	-458	-44	1187	-2263	0	99
5391	11804	-6157	-12283	4132	1199	-1584	-59	468	-32	-480	-42	1252	-2228	0	99
5415	11648	-6189	-12283	4034	1238	-1655	-42	485	-37	-502	-41	1240	-2166	193	99
5439	9333	-5449	-10131	3394	1343	-1833	-166	510	-41	-529	-38	1222	-2107	252	99
5469	11182	-5503	-11990	3128	1421	-1949	-276	534	-44	-554	-35	1323	-2044	448	99
5487	11012	-5030	-11912	-3262	1432	-1946	-273	544	-44	-564	-34	1385	-2004	560	99
5505	11260	-4827	-12219	-3625	1443	-1945	-288	553	-44	-574	-32	1440	-1964	717	99
5541	10214	-4305	-11318	-4167	1481	-1963	-293	571	-45	-593	-31	1474	-1863	961	99
5553	10962	-4330	-12041	-4225	1511	-1994	-338	579	-45	-601	-30	1496	-1844	1041	99
5589	10876	-4500	-12048	-4061	1534	-1988	-280	593	-46	-619	-33	1474	-1862	1137	99
5610	10641	-4429	-11898	-4157	1548	-2000	-266	602	-47	-629	-34	1470	-1866	1253	99
5640	10448	-5582	-11896	-2912	1577	-1996	-154	611	-49	-644	-39	1298	-1990	1272	99
5664	10428	-5776	-11912	3098	1581	-1999	7	616	-55	-657	-45	1261	-2012	1298	99
5682	10455	-5709	-11885	3063	1577	-2000	79	620	-58	-666	-47	1261	-2012	1298	99
5700	9915	-6471	-11479	3883	1586	-1999	188	623	-61	-675	-51	1110	-2100	1299	99
5730	9415	-7810	-11175	5336	1576	-2012	335	628	-69	-689	-53	860	-2214	1280	99
5748	9094	-7872	-10927	5392	1561	-2014	435	630	-75	-696	-54	824	-2228	1318	99
5769	8941	-8099	-10797	5663	1545	-2041	507	633	-82	-705	-53	743	-2256	1314	99
5799	8581	-9016	-10530	6720	1493	-2055	664	633	-95	-715	-50	520	-2318	1251	99
5811	7466	-9493	-9524	7373	1469	-2060	725	632	-101	-718	-49	345	-2290	1252	99
5829	7527	-9388	-9566	7288	1447	-2081	784	632	-109	-723	-45	345	-2290	1252	99
5856	6677	-9843	-8766	7955	1394	-2108	898	630	-124	-729	-39	128	-2252	1210	99
5892	6814	-9629	-8865	7774	1318	-2137	1050	626	-145	-736	-29	128	-2252	1207	99
5922	6946	-9460	-8984	7623	1254	-2160	1168	621	-164	-739	-18	128	-2252	1209	99
5958	7098	-9286	-9119	7437	1175	-2185	1301	612	-189	-739	-3	127	-2251	1210	99
5988	-5684	-11770	3410	11324	1084	-2242	1402	603	-214	-739	12	-1165	-1742	994	99
6006	-6272	-11340	4086	11066	1015	-2259	1443	596	-228	-736	23	-1242	-1612	948	99
6030	-6350	-10603	4243	10413	913	-2278	1491	584	-248	-728	40	-1235	-1463	935	99
6054	-7551	-9889	5533	10036	807	-2263	1565	568	-268	-715	56	-1368	-1251	859	99
6078	-7299	-9740	5268	9851	704	-2311	1572	553	-291	-703	75	-1368	-1251	859	99
6120	-8161	-8344	6505	8802	484	-2317	1599	519	-329	-671	111	-1450	-829	744	99
6144	-8196	-7904	6615	8373	356	-2304	1599	498	-349	-649	133	-1439	-724	728	99
6159	-8507	-6834	7110	7350	275	-2292	1598	484	-361	-635	145	-1435	-582	708	99
6189	-8403	-5783	7287	6368	103	-2282	1577	455	-385	-606	173	-1326	-332	687	99
6216	-8111	-5754	7074	6288	-37	-2237	1563	428	-403	-577	196	-1277	-272	697	99
6246	-7764	-4215	7063	4762	-196	-2172	1554	396	-422	-544	221	-1122	-66	649	99
6288	-8416	-4112	7842	4839	-391	-2080	1563	351	-446	-500	253	-1193	140	600	99
6312	-8293	4057	7961	-3489	-513	-2026	1541	325	-458	-472	272	-1122	199	602	99
6333	-7657	3392	7405	3055	-608	-1992	1535	303	-468	-451	287	-971	302	570	99
6369	-7026	4421	7003	-4179	-767	-1897	1493	265	-479	-411	311	-798	398	545	99
6381	-6379	4973	6501	-4801	-815	-1862	1479	253	-481	-398	318	-626	445	524	99
6426	-6328	5347	6502	-5278	-955	-1730	1329	211	-478	-349	340	-495	603	651	99
6450	-6467	5272	6630	-5088	-1005	-1677	1219	192	-473	-325	347	-508	592	651	99
6471	-5493	5237	5712	-5197	-1039	-1606	1186	175	-467	-305	349	-364	547	675	99
6501	-7677	5982	7898	-5676	-1074	-1511	1112	152	-455	-277	351	-535	908	850	99
6525	-7537	6106	7746	-5859	-1073	-1425	1058	136	-443	-257	349	-491	930	940	99
6543	-7445	5712	7599	-5496	-1080	-1372	1007	125	-434	-242	347	-477	936	990	99
6555	-7509	5836	7607	-5697	-1080	-1335	971	118	-427	-232	346	-468	941	1070	99
6573	-7504	5634	7574	-5501	-1072	-1280	941	107	-418	-219	342	-453	947	1104	99
6606	-7672	5315	7504	-5384	-1055	-1193	848	91	-399	-196	336	-452	946	1269	99
6624	-7757	5199	7496	-5338	-1034	-1138	807	83	-387	-184	330	-443	950	1338	99
6636	-7565	5159	7308	-5293	-1018	-1095	810	77	-380	-178	326	-421	960	1327	99
6654	-7790	5332	7520	-5459	-995	-1024	832	69	-369	-168	318	-407	966	1324	99
6678	-7440	5291	7191	-5410	-966	-935	865	58	-354	-156	307	-380	977	1302	99
6696	-7474	5281	7240	-5377	-942	-867	893	50	-343	-147	299	-362	984	1283	99
6717	-7440	5280	7194	-5390	-910	-804	890	43	-331	-137	290	-347	990	1295	99
6735	-7414	5300	7145	-5413	-883	-742	903	37	-319	-129	281	-335	993	1289	99
6759	-7343	5352	7114	-5418	-842	-660	920	29	-304	-118	269	-311	1002	1254	99
6777	-7271	5250	7040	-5303	-812	-594	935	24	-293	-111	260	-308	1003	1249	99
6807	-7076	5564	6959	-5533	-762	-496	977	15	-275	-99	245	-252	1018	1155	99
6831	-6959	5695	6907	-5623	-725	-427	1025	8	-262	-91	232	-226	1024	1115	99
6849	-6926	5795	6895	-5673	-699	-382	1048	3	-252	-85	223	-208	1028	1089	99
6888	-6692	5988	6779	-5779	-637	-279	1133	-6	-233	-74	202	-153	1038	979	99
6906	-6573	6088	6694	-5891	-612	-240	1153	-10	-224	-69	194	-133	1041	953	99
6924	-6409	6054	6564	-5840	-585	-195	1168	-13	-214	-63	185	-103	1045	892	99
6945	-6196	6373	6436	-6150	-556	-149	1186	-17	-204	-58	175	-58	1048	830	99
6963	-6117	6328	6385	-6080	-532	-109	1199	-20	-194	-53	166	-37	1049	788	99
6987	-6092	6343	6354	-6107	-499	-59	1195	-24	-182	-46	156	-31	1049	776	99
7005	-6064	6480	6349	-6250	-477	-26	1182	-26	-173	-41	148	-15	1050	757	99
7029	-5920	6431	6232	-6183	-448	10	1172	-28	-161	-35	139	6	1050	715	99
7047	-5782	6560	6141	-6301	-429	43	1171	-31	-152	-31	131	24	1050	677	99
7071	-5699	6658	6094	-6403	-401	80	1157	-33	-141	-25	122	54	1049	639	99
7089	-5705	6640	6081	-6379	-383	102	1137	-34	-133	-21	115	54	1049	639	99
7113	-5482	6666	5905	-6395	-362	129	1122	-36	-122	-16	107	91	1046	586	99
7131	-5512	6688	5917	-6440	-344	154	1098	-37	-114	-11	100	90	1047	592	99
7149	-5470	6864	5905	-6611	-328	173	1080	-39	-106	-8	94	115	1044	565	99
7167	-5360	6645	5783	-6370	-309	195	1054	-39	-98	-4	88	115	1045	556	99
7209	-5267	6753	5710	-6491	-267	248	1005	-41	-81	4	75	143	1040	517	99
7218	-5192	6985	5678	-6726	-258	257	980	-41	-77	6	72	159	1039	504	99
7242	-5206	6766	5660	-6503	-240	277	941	-42	-67	11	66	154	1039	513	99
7260	-5082	7051	5581	-6810	-229	287	929	-43	-61	14	61	182	1034	483	99
7299	-5220	7027	5700	-6780	-194	306	866	-43	-48	20	51	173	1036	479	99
7317	-4901	6851	5435	-6581	-178	322	858	-44	-42	22	45	210	1029	433	99
7335	-4895	7133	5452	-6897	-166	330	836	-44	-36	25	41	220	1027	429	99
7353	-4865	7117	5406	-6890	-152	341	809	-44	-30	28	37	220	1027	438	99
7377	-4776	6949	5326	-6686	-142	345	778	-45	-23	31	32	233	1024	412	99
7395	-4926	7092	5512	-6814	-125	357	761	-45	-18	33	27	229	1025	402	99
7425	-4903	7033	5498	-6716	-104	367	749	-46	-10	36	19	230	1025	365	99
7449	-4692	6625	5257	-6314	-80	382	730	-46	-2	38	13	214	967	340	99
7473	-4681	6708	5315	-6356	-64	390	737	-47	3	39	7	220	966	284	99
7491	-4627	6872	5286	-6547	-52	396	724	-47	7	41	3	225	964	294	99
7509	-4809	6643	5440	-6254	-42	398	707	-47	12	42	0	200	969	276	99
7545	4304	6893	-3620	-7070	-15	406	721	-49	20	44	-9	675	567	220	99
7575	4591	7230	-3760	-7368	5	412	714	-48	27	45	-16	735	588	168	99
7593	4703	7638	-3790	-7760	21	413	709	-48	31	45	-20	788	618	143	99
7617	4841	8008	-3756	-8023	39	413	721	-47	36	44	-26	852	634	0	99
7629	4839	8170	-3740	-8188	49	409	730	-46	38	43	-29	874	655	0	99
7653	5001	8558	-3868	-8603	79	412	717	-43	44	41	-35	937	671	0	99
7671	4967	8494	-3847	-8503	87	397	701	-41	47	39	-38	961	689	0	99
7698	5085	8615	-3948	-8643	124	396	719	-37	52	35	-46	1001	684	0	99
7707	5215	8834	-4051	-8887	136	395	731	-35	53	34	-48	1030	695	0	99
7737	5420	9037	-4236	-9118	163	387	722	-30	59	30	-56	1102	695	0	99
7803	6085	9760	-4612	-9781	237	377	708	-16	73	19	-73	1264	717	-194	99
7827	6241	9785	-4720	-9791	266	374	713	-11	79	15	-80	1300	715	-224	99
7845	6527	10027	-4931	-10036	289	371	713	-7	83	12	-85	1367	717	-272	99
7869	6585	10094	-4974	-10104	322	372	700	-1	90	8	-93	1395	728	-279	99
7902	6728	10445	-5056	-10449	370	378	668	6	101	3	-103	1476	766	-304	99
7920	6866	10645	-5157	-10658	397	378	656	11	106	0	-109	1508	771	-321	99
7941	6922	10901	-5199	-10922	425	377	645	17	112	-2	-116	1559	803	-321	99
7959	7212	10918	-5461	-10940	448	377	626	22	118	-5	-122	1604	780	-370	99
7983	7182	10948	-5436	-10980	484	388	603	29	127	-9	-131	1625	808	-367	99
8001	7383	11153	-5581	-11203	502	392	583	34	134	-11	-137	1677	838	-375	99
8025	7513	10435	-5711	-10398	558	421	587	41	145	-15	-149	1750	825	-440	99
8043	7775	11465	-5856	-11492	595	435	588	46	153	-18	-158	1782	826	-460	99
8082	7934	11747	-5972	-11762	657	457	548	58	172	-24	-176	1858	876	-480	99
8118	8086	11780	-6086	-11771	719	479	500	70	192	-28	-196	1920	885	-518	99
8142	8464	11683	-6404	-11660	769	508	499	77	207	-31	-211	1987	885	-573	99
8160	8485	12123	-6374	-12091	805	528	492	83	218	-34	-223	2041	912	-596	99
8184	8639	12092	-6528	-12055	852	554	477	91	234	-37	-239	2071	918	-616	99
8223	8577	12286	-6429	-12286	935	608	429	105	261	-42	-265	2162	1007	-654	99
8253	8624	12286	-6463	-12286	1004	655	360	117	285	-45	-284	2204	1059	-667	99
8271	8480	12286	-6341	-12286	1047	685	304	124	301	-45	-296	2208	1119	-652	99
8283	7348	12286	-5227	-12286	1073	707	248	129	312	-45	-304	2134	1368	-499	99
8301	7364	12286	-5246	-12286	1104	732	130	138	329	-43	-316	2134	1368	-499	99
8331	6795	12286	-4758	-12286	1157	815	-27	150	360	-38	-338	2074	1510	-411	99
8343	5072	12285	-3175	-12285	1178	845	-87	155	372	-36	-347	1875	1751	-229	99
8385	-3582	12284	5212	-11808	1229	967	-301	169	416	-23	-381	1450	2117	0	99
8403	-5463	12284	6727	-11334	1242	1020	-355	172	433	-17	-397	1150	2295	316	99
8427	-7211	11018	8035	-9908	1243	1088	-469	175	457	-5	-416	807	2437	532	99
8445	-8560	10443	9103	-9300	1250	1170	-580	177	476	7	-429	532	2511	711	99
8469	-10201	9242	10370	-8067	1226	1248	-713	176	498	24	-444	151	2562	932	99
8499	-11944	7208	11469	-6292	1176	1330	-855	169	519	47	-458	-343	2543	1348	99
8523	-12280	5974	12280	-5030	1112	1416	-973	159	535	71	-464	-671	2477	1409	99
8547	-12280	5085	12280	-4339	1046	1486	-1014	142	545	93	-469	-870	2414	1527	99
8565	-12281	4612	12281	-3980	981	1533	-1037	125	550	112	-469	-993	2367	1580	99
8586	-12280	3000	12280	3265	905	1599	-1079	105	556	135	-467	-1275	2228	1754	99
8622	-12280	-3421	12280	3874	761	1682	-1074	62	558	176	-460	-1459	2112	1757	99
8652	-12280	-4139	12280	4710	597	1782	-987	20	553	214	-451	-1619	1992	1741	99
8676	-12280	-3626	12280	4366	472	1828	-954	-11	545	244	-439	-1620	1992	1631	99
8700	-12279	-3555	11411	4354	338	1870	-855	-46	532	272	-427	-1542	1976	1524	99
8730	-12278	-3401	11661	4333	167	1939	-709	-91	513	307	-410	-1588	1940	1438	99
8748	-12278	-3216	11846	4234	70	1969	-634	-118	501	328	-399	-1597	1932	1372	99
8790	-12276	2973	11637	3901	-162	2031	-419	-180	470	375	-373	-1573	1952	1283	99
8817	-11333	3774	11113	3243	-296	2077	-246	-219	451	402	-357	-1412	1998	966	99
8829	-10941	4149	10896	-2901	-356	2106	-153	-237	443	414	-351	-1322	1987	837	99
8847	-10337	3995	10265	2901	-438	2142	-32	-263	431	430	-341	-1255	1887	835	99
8886	-9467	3743	9366	2903	-596	2210	193	-313	408	463	-321	-1155	1736	836	99
8916	-8920	3513	8776	2933	-704	2256	339	-348	392	486	-306	-1089	1637	835	99
8940	-8669	3376	8486	2950	-781	2289	437	-373	382	502	-295	-1056	1587	835	99
8970	-5969	6780	7347	-5548	-853	2317	531	-401	371	520	-283	-396	1741	-415	99
8994	-5154	6999	6692	-5772	-879	2346	586	-420	366	532	-275	-279	1702	-571	99
9030	-4891	6323	6239	-5238	-913	2389	661	-444	360	549	-265	-291	1517	-598	99
9066	-4725	6042	6044	-4940	-935	2388	598	-462	357	565	-253	-267	1429	-705	99
9084	-3991	5689	5288	-4670	-953	2401	551	-469	357	573	-247	-263	1368	-710	99
9102	-3819	5452	5099	-4430	-964	2407	529	-477	356	580	-242	-217	1255	-793	99
9123	-3811	5304	4983	-4347	-969	2413	480	-484	356	588	-237	-239	1190	-756	99
9153	-4019	5707	5314	-4641	-984	2384	370	-492	355	598	-228	-200	1227	-842	99
9171	-3315	5162	4542	-4194	-989	2381	337	-497	354	604	-224	-180	1109	-867	99
9195	-3076	5070	4332	-4085	-987	2377	333	-503	353	609	-220	-150	1053	-924	99
9219	3709	4448	3281	-3595	-992	2362	296	-509	351	614	-215	-109	876	-969	99
9237	3369	4631	3425	-3794	-996	2348	271	-512	350	617	-212	-93	817	-984	99
9261	3808	4220	-3065	-3442	-989	2321	212	-512	348	620	-208	-53	700	-1042	99
9273	3779	4009	-3170	-3284	-986	2308	164	-511	347	621	-206	-51	640	-1028	99
9297	4031	3802	-3498	-3184	-982	2281	63	-507	346	624	-202	-30	520	-1024	99
9318	4198	3363	-3699	3018	-972	2259	-24	-501	345	624	-198	-27	460	-1008	99
9342	3888	3178	-3600	3001	-969	2218	-196	-491	345	623	-190	-39	338	-848	99
9372	4119	-3066	-4025	3177	-980	2148	-453	-475	342	620	-178	-39	216	-652	99
9384	4235	-3040	-4211	3042	-978	2104	-532	-468	340	617	-173	-29	156	-581	99
9402	4513	-3335	-4540	3237	-978	2037	-642	-458	335	610	-166	-20	96	-512	99
9432	4727	-3575	-4984	3141	-980	1933	-854	-441	327	600	-151	14	-57	-267	99
9462	3743	-3005	-4053	-3290	-967	1799	-1003	-423	315	584	-137	-36	134	0	99
9480	-3257	3498	3073	-3757	-957	1712	-1105	-411	308	574	-128	-94	325	0	99
9504	-5041	4753	5118	-4578	-938	1599	-1181	-398	296	559	-118	-191	713	0	99
9534	-4941	4912	5086	-4697	-914	1458	-1236	-382	281	539	-107	-166	718	0	99
9588	-5126	4889	5166	-4772	-851	1237	-1305	-354	256	503	-89	-152	720	245	99
9615	-5001	4992	5096	-4856	-820	1140	-1278	-342	243	485	-83	-122	725	259	99
9633	-5239	4946	5284	-4819	-794	1078	-1275	-334	235	473	-79	-135	723	313	99
9669	-4859	5263	5073	-5081	-746	978	-1177	-320	219	449	-74	-66	733	254	99
9696	-4655	5416	4906	-5252	-710	904	-1112	-310	208	431	-71	-23	734	259	99
9726	-4604	5611	4930	-5396	-673	838	-1033	-300	197	412	-68	20	734	216	99
9792	-4153	5849	4601	-5620	-586	697	-864	-277	174	373	-64	105	726	185	99
9813	-4186	5896	4669	-5615	-555	661	-800	-271	168	360	-63	119	724	157	99
9855	-3949	6137	4468	-5900	-503	593	-698	-257	157	338	-63	179	709	156	99
9873	-3810	6040	4349	-5795	-478	568	-647	-252	152	328	-63	194	705	137	99
9897	3504	-3077	-3518	2992	-445	543	-575	-245	147	315	-64	24	-15	0	99
9906	3747	-3216	-3772	3109	-435	533	-561	-242	145	311	-64	50	-32	0	99
9939	3955	-2998	-3945	-2969	-397	501	-461	-233	138	295	-65	99	-66	0	99
9957	4087	2927	-4075	-3136	-379	478	-417	-228	134	286	-65	126	-80	0	99
9975	4155	2936	-4126	-3142	-363	448	-416	-221	131	278	-63	151	-96	0	99
9999	4464	2914	-4435	-3162	-333	424	-368	-214	127	267	-64	200	-131	0	99
10023	4657	3043	-4612	-3333	-315	393	-341	-206	122	256	-63	225	-148	0	99
10047	4828	3065	-4803	-3390	-289	356	-317	-198	118	245	-62	272	-186	0	99
10065	5135	3081	-5123	-3467	-267	334	-295	-192	115	236	-62	319	-224	0	99
10095	5445	3175	-5456	-3614	-233	292	-284	-181	110	223	-61	395	-272	0	99
10119	5736	3291	-5708	-3773	-196	255	-277	-172	107	213	-61	421	-287	0	99
10140	6029	3401	-5974	-3934	-181	227	-263	-165	103	204	-60	469	-322	0	99
10158	6012	3412	-5946	-3934	-170	203	-252	-159	100	196	-59	469	-322	0	99
10176	6270	3380	-6201	-3945	-153	180	-235	-153	97	189	-59	514	-363	0	99
10194	6484	3380	-6406	-3981	-139	161	-204	-148	93	181	-59	535	-385	0	99
10212	6553	3432	-6472	-4051	-126	140	-181	-142	90	173	-58	558	-405	0	99
10242	6952	3424	-6873	-4119	-98	103	-162	-132	86	160	-57	622	-470	0	99
10260	7199	3379	-7118	-4122	-85	86	-133	-127	83	152	-57	644	-492	0	99
10278	7317	3377	-7238	-4137	-73	69	-103	-122	80	145	-57	661	-520	0	99
10293	7581	3417	-7510	-4242	-60	53	-92	-117	78	139	-57	705	-560	0	99
10311	7906	3333	-7837	-4208	-47	34	-82	-111	75	132	-57	747	-603	0	99
10377	8290	3355	-8226	-4304	13	-29	-46	-89	68	105	-57	816	-661	0	99
10395	8330	3376	-8291	-4350	29	-46	-32	-83	66	98	-57	838	-683	0	99
10425	8830	3531	-8755	-4603	56	-70	-38	-72	65	87	-57	919	-725	0	99
10455	9002	3507	-8944	-4615	78	-93	-26	-62	62	76	-57	969	-760	0	99
10485	9523	3623	-9447	-4828	109	-118	-21	-51	61	64	-58	1043	-811	0	99
10503	9566	3382	-9536	-4593	126	-134	22	-46	58	55	-59	1032	-873	0	99
10527	9937	3431	-9904	-4711	152	-159	47	-38	56	45	-61	1087	-900	0	99
10545	9927	3371	-9924	-4663	168	-178	66	-31	55	37	-62	1096	-937	0	99
10554	10090	3380	-10087	-4703	176	-188	78	-28	54	33	-62	1118	-956	0	99
10578	9780	3366	-9796	-4672	198	-213	109	-20	52	22	-64	1147	-969	0	99
10602	10408	3329	-10402	-4707	242	-247	85	-8	52	11	-65	1194	-1006	0	99
10614	10578	3467	-10572	-4890	256	-257	89	-3	51	5	-66	1216	-1028	0	99
10644	10754	3386	-10769	-4844	286	-286	83	9	51	-7	-68	1266	-1061	0	99
10656	10824	3355	-10847	-4832	303	-297	77	15	51	-12	-69	1274	-1099	0	99
10680	11029	3347	-11078	-4865	330	-321	84	26	50	-24	-71	1314	-1144	0	99
10710	11089	3520	-11116	-5072	375	-362	49	43	50	-39	-72	1382	-1157	0	99
10734	11421	3642	-11435	-5235	415	-388	14	57	52	-51	-74	1436	-1186	0	99
10770	11669	3754	-11655	-5382	473	-425	-38	79	53	-70	-77	1509	-1193	0	99
10794	11737	3626	-11775	-5292	513	-456	-15	93	53	-85	-81	1526	-1267	0	99
10815	11717	3378	-11821	-5056	551	-487	-16	106	53	-99	-84	1522	-1317	0	99
10857	12015	3524	-12078	-5276	627	-554	-56	137	53	-128	-89	1606	-1358	0	99
10881	11929	3534	-12056	-5303	685	-602	-71	156	54	-146	-93	1650	-1399	0	99
10917	12270	3339	-12270	-5181	757	-671	-76	184	54	-175	-99	1685	-1496	0	99
10935	12017	3316	-12150	-5107	813	-723	-91	201	54	-192	-102	1704	-1520	0	99
10959	12269	3249	-12269	-5115	874	-772	-77	222	54	-214	-107	1730	-1582	0	99
10977	12269	-2902	-12269	-4740	914	-813	-53	237	53	-232	-111	1707	-1650	0	99
11031	12271	-3078	-12271	-4582	1042	-948	13	285	49	-288	-122	1740	-1745	0	99
11052	12270	-3670	-12270	-4021	1090	-1000	29	304	47	-309	-125	1697	-1869	0	99
11070	11860	-3880	-12221	-3667	1125	-1041	79	320	45	-328	-129	1640	-1919	0	99
11118	11794	-5487	-12266	3796	1217	-1175	203	363	33	-381	-137	1375	-2117	0	99
11148	11264	-5494	-11904	3868	1269	-1276	237	391	25	-413	-139	1339	-2140	0	99
11172	10660	-7084	-11416	5697	1295	-1353	310	411	15	-439	-139	1027	-2306	-172	99
11184	10687	-7041	-11424	5652	1305	-1389	358	420	10	-451	-140	1027	-2306	-172	99
11214	9941	-8043	-10822	6776	1319	-1478	445	441	-3	-481	-137	784	-2400	-239	99
11238	9869	-8222	-10760	6984	1319	-1555	484	457	-15	-502	-133	711	-2422	-254	99
11265	9598	-8739	-10592	7528	1308	-1624	504	473	-28	-521	-125	605	-2451	-236	99
11277	9085	-8787	-10105	7637	1301	-1658	501	480	-35	-530	-121	518	-2471	-250	99
11295	9318	-9357	-10386	8212	1280	-1689	536	487	-45	-541	-115	443	-2486	-262	99
11319	8475	-9435	-9608	8385	1265	-1779	538	499	-60	-556	-105	312	-2445	-240	99
11331	7759	-9859	-8980	8928	1250	-1812	552	503	-68	-563	-100	150	-2459	-250	99
11349	8000	-10198	-9277	9230	1220	-1860	579	508	-80	-572	-92	127	-2461	-212	99
11367	6470	-9694	-7788	8868	1211	-1940	571	516	-93	-583	-83	51	-2403	-201	99
11388	7422	-9780	-8730	8823	1189	-2034	537	523	-108	-593	-70	54	-2404	-141	99
11418	6893	-10109	-8393	9106	1132	-2091	527	529	-128	-601	-53	-30	-2404	0	99
11442	5366	-9331	-6863	8467	1096	-2162	523	533	-146	-609	-38	-139	-2339	0	99
11472	6359	-10393	-7895	9490	1032	-2247	501	537	-168	-616	-19	-173	-2337	0	99
11496	5992	-10620	-7556	9804	978	-2257	534	536	-184	-618	-5	-307	-2323	0	99
11526	5330	-10721	-7058	9846	911	-2308	529	536	-205	-621	14	-402	-2249	197	99
11550	5132	-10713	-6951	9777	855	-2322	540	534	-221	-621	29	-450	-2239	293	99
11568	4887	-10814	-6744	9891	802	-2331	546	532	-234	-621	41	-493	-2229	319	99
11586	4854	-10775	-6773	9783	757	-2347	526	530	-246	-619	54	-494	-2230	383	99
11619	4562	-10879	-6552	9911	673	-2363	518	525	-268	-616	77	-573	-2210	442	99
11637	4350	-11103	-6375	10172	626	-2367	546	521	-281	-614	88	-634	-2193	453	99
11661	4324	-11081	-6437	10080	559	-2375	539	516	-297	-610	106	-663	-2185	550	99
11673	4355	-11067	-6462	10052	522	-2374	536	513	-305	-607	114	-663	-2185	551	99
11703	4446	-10978	-6551	9968	434	-2373	527	505	-325	-600	135	-663	-2185	547	99
11721	4495	-10924	-6597	9909	382	-2372	522	500	-337	-596	148	-663	-2185	550	99
11742	4548	-10845	-6635	9855	326	-2370	518	494	-351	-590	163	-663	-2185	551	99
11760	4594	-10816	-6684	9803	278	-2368	517	489	-363	-585	175	-663	-2185	550	99
11790	-4929	-11726	-3293	11125	208	-2366	516	480	-382	-577	196	-1184	-1851	811	99
11814	-4864	-11746	-3349	11143	185	-2368	538	473	-397	-573	210	-1229	-1820	829	99
11856	-5161	-11052	2964	10543	77	-2373	578	456	-425	-561	237	-1269	-1642	899	99
11907	-6328	-9218	4377	9047	-64	-2357	639	429	-457	-540	269	-1295	-1213	917	99
11925	-6456	-9022	4538	8924	-121	-2336	680	417	-468	-531	280	-1292	-1126	904	99
11943	-6761	-8357	4900	8304	-177	-2322	713	405	-480	-521	290	-1288	-1037	899	99
11976	-6828	-7470	5135	7456	-280	-2279	736	384	-497	-499	309	-1223	-821	905	99
12000	-6773	-7189	5159	7164	-356	-2240	776	366	-510	-483	322	-1203	-741	890	99
12018	-6639	-6737	5085	6656	-420	-2219	761	353	-518	-469	333	-1162	-691	916	99
12042	-6953	-5416	5625	5373	-501	-2182	761	335	-528	-450	346	-1118	-515	903	99
12063	-6867	-5663	5585	5664	-596	-2195	720	320	-538	-435	360	-1084	-441	888	99
12087	-6812	-4790	5676	4777	-672	-2136	725	301	-545	-415	372	-1000	-318	882	99
12126	-6356	-3810	5398	3695	-773	-2049	708	271	-554	-384	390	-850	-171	927	99
12150	-6207	-2926	5433	-3002	-836	-1993	692	253	-559	-364	400	-742	-59	915	99
12186	-5571	3780	4997	-3989	-931	-1922	694	226	-566	-337	414	-557	61	932	99
12210	-5526	3580	4983	-3811	-985	-1870	685	209	-567	-319	421	-557	61	932	99
12231	-5133	4322	4749	-4591	-1025	-1827	666	195	-565	-304	425	-416	128	945	99
12255	-4341	4489	4131	-4818	-1048	-1752	717	177	-561	-288	424	-273	151	920	99
12288	-3624	4558	3515	-4924	-1081	-1657	768	155	-552	-268	420	-141	125	891	99
12312	-4281	5071	4288	-5282	-1107	-1597	788	139	-543	-252	416	-192	263	874	99
12336	-5830	6009	6104	-5803	-1116	-1524	823	124	-533	-238	409	-252	675	826	99
12360	-5725	5720	5943	-5579	-1113	-1444	878	109	-521	-225	400	-223	684	852	99
12378	-5601	6070	5868	-5920	-1099	-1378	901	100	-510	-215	393	-168	699	823	99
12405	-5072	6221	5454	-6124	-1076	-1270	976	86	-494	-202	379	-73	713	749	99
12426	-5600	6896	6108	-6669	-1055	-1193	1009	76	-480	-192	368	-33	917	742	99
12447	-5248	7186	5841	-6952	-1025	-1108	1035	67	-465	-181	357	32	916	675	99
12477	-4931	7413	5598	-7188	-998	-1000	1115	53	-445	-168	340	92	911	626	99
12495	-5043	7208	5652	-6995	-967	-936	1100	48	-432	-159	331	92	911	653	99
12516	-4515	7535	5224	-7355	-933	-859	1124	41	-416	-150	319	198	893	561	99
12534	-4560	7432	5225	-7246	-908	-810	1125	36	-403	-143	308	198	893	561	99
12564	-4015	7472	4764	-7278	-850	-703	1133	28	-379	-131	290	283	870	466	99
12588	-3654	7499	4465	-7286	-805	-620	1165	22	-361	-123	275	341	850	384	99
12606	-3580	7558	4406	-7347	-773	-561	1178	18	-348	-116	263	360	842	363	99
12624	-3593	7396	4396	-7172	-740	-507	1179	14	-334	-110	253	367	839	349	99
12642	-3447	7475	4273	-7253	-702	-451	1193	11	-321	-105	241	389	829	308	99
12666	-3214	7534	4058	-7330	-657	-383	1204	7	-304	-98	227	424	811	265	99
12684	-2995	7578	3871	-7371	-627	-336	1200	5	-291	-92	216	464	789	206	99
12702	-3041	7342	3888	-7122	-587	-286	1200	3	-278	-87	206	467	788	190	99
12735	-3077	7512	3909	-7316	-525	-211	1140	1	-254	-78	189	470	785	200	99
12765	-2964	7433	3800	-7237	-461	-151	1105	0	-234	-71	173	484	778	167	99
12789	2906	7380	3734	-7179	-424	-104	1089	0	-218	-66	160	503	765	133	99
12807	2966	7414	3777	-7114	-389	-70	1055	0	-206	-62	152	506	763	0	99
12837	3005	7325	3722	-7049	-344	-29	1002	0	-188	-57	138	517	755	0	99
12855	3072	7432	3656	-7203	-311	1	994	0	-178	-54	130	523	752	0	99
12867	2904	7289	3800	-7033	-293	17	969	0	-170	-51	124	505	764	0	99
12885	-3068	7305	3819	-7183	-263	40	902	1	-159	-47	118	493	773	135	99
12909	-3190	7206	3898	-7102	-225	71	849	2	-145	-43	108	480	780	148	99
12945	-3468	6909	4120	-6790	-163	112	751	5	-123	-37	94	436	805	190	99
12975	-3675	6923	4302	-6793	-122	142	678	7	-107	-33	83	412	818	203	99
12987	-3789	7004	4414	-6869	-108	150	644	8	-100	-31	79	392	828	232	99
13005	-3713	6760	4359	-6597	-83	174	628	8	-91	-28	71	389	829	212	99
13026	-3930	6825	4565	-6629	-53	194	604	8	-81	-26	64	367	838	210	99
13050	-4026	6747	4673	-6505	-28	214	583	8	-70	-23	55	348	846	177	99
13092	-4162	6376	4754	-6109	11	240	526	8	-52	-18	41	275	810	184	99
13128	4019	6064	-3526	-6245	45	260	491	8	-38	-14	30	557	446	182	99
13158	4492	6509	-3730	-6543	74	285	496	7	-28	-12	20	638	488	0	99
13176	4341	6650	-3568	-6680	87	306	517	6	-22	-10	13	662	507	0	99
13194	4410	6877	-3594	-6904	105	314	527	5	-16	-10	7	694	514	0	99
13218	4430	7141	-3573	-7162	128	321	515	6	-9	-9	1	739	554	0	99
13248	4545	7454	-3644	-7494	154	327	527	7	-1	-10	-7	775	555	0	99
13266	4539	7626	-3600	-7660	168	328	503	9	4	-10	-12	814	604	0	99
13290	4683	7943	-3703	-8004	179	323	509	10	9	-11	-18	852	603	0	99
13320	4724	8263	-3682	-8312	208	327	481	14	18	-12	-26	921	661	0	99
13341	4857	8560	-3750	-8627	222	323	472	16	23	-14	-31	979	683	0	99
13359	5004	8598	-3874	-8675	243	324	464	18	28	-15	-36	1008	693	0	99
13383	5050	8836	-3901	-8933	264	323	457	21	34	-17	-42	1039	703	0	99
13401	5173	9272	-3935	-9369	277	320	441	24	39	-19	-46	1111	758	0	99
13425	5149	9243	-3920	-9320	301	320	420	28	45	-20	-52	1111	758	0	99
13449	5352	9588	-4068	-9700	329	320	420	31	52	-23	-59	1175	770	0	99
13467	5526	9978	-4164	-10103	353	330	425	33	57	-25	-65	1221	809	0	99
13491	5608	9957	-4227	-10072	374	324	410	37	63	-27	-71	1282	826	0	99
13509	5707	10333	-4275	-10465	393	327	406	40	69	-29	-77	1303	848	0	99
13533	5654	10160	-4243	-10267	421	331	402	44	76	-32	-84	1333	856	0	99
13551	5919	10657	-4343	-10677	443	330	398	47	81	-34	-90	1394	872	-149	99
13572	6468	10866	-4796	-10885	468	340	412	50	87	-36	-98	1474	858	-223	99
13584	6313	10910	-4666	-10916	480	343	414	52	91	-38	-102	1499	875	-228	99
13602	6568	11054	-4883	-11069	505	344	396	57	97	-40	-108	1540	864	-266	99
13650	6832	11158	-5105	-11151	566	364	417	67	114	-47	-129	1609	862	-321	99
13668	7292	11340	-5475	-11323	592	377	420	71	121	-49	-137	1720	844	-416	99
13692	7531	11683	-5646	-11686	635	394	428	77	132	-53	-149	1771	875	-429	99
13722	7855	11482	-5927	-11466	669	410	389	85	146	-55	-162	1848	856	-501	99
13746	8065	11741	-6080	-11734	711	434	401	91	158	-59	-176	1886	845	-535	99
13764	8454	11751	-6421	-11761	745	453	408	96	168	-61	-187	1959	828	-604	99
13782	8514	11749	-6462	-11716	781	475	420	101	178	-64	-198	1995	818	-641	99
13806	8865	12026	-6699	-11989	830	503	410	109	193	-67	-214	2084	838	-701	99
13842	9078	11834	-6895	-11774	916	549	413	120	218	-72	-240	2122	825	-739	99
13863	9266	11906	-7039	-11896	959	577	419	126	233	-75	-256	2155	823	-767	99
13893	9386	12001	-7097	-11898	1018	610	400	135	256	-79	-278	2235	867	-816	99
13914	9450	12292	-7106	-12213	1071	640	400	142	272	-81	-296	2263	877	-837	99
13944	9385	12275	-6955	-12275	1133	678	356	153	297	-84	-320	2313	993	-834	99
13968	9027	12276	-6564	-12276	1199	722	320	162	318	-85	-341	2297	1101	-804	99
13986	8679	12276	-6254	-12276	1237	751	302	168	332	-86	-356	2279	1138	-798	99
14022	8016	11310	-5772	-10644	1329	818	260	181	364	-87	-389	2186	1186	-808	99
14034	7717	12276	-5344	-12181	1369	848	239	186	376	-87	-400	2151	1249	-784	99
14058	7769	12276	-5404	-12108	1414	873	187	194	397	-87	-420	2153	1246	-814	99
14082	7103	12276	-4785	-11956	1451	914	156	200	417	-86	-440	2074	1374	-763	99
14118	6141	12276	-3879	-11864	1504	986	92	208	449	-83	-469	1956	1537	-708	99
14136	5699	12276	-3413	-12059	1526	1026	31	213	466	-80	-482	1893	1613	-668	99
14157	4819	12275	3207	-11673	1545	1070	-12	216	484	-77	-497	1775	1743	-611	99
14178	4565	12275	3493	-11937	1559	1118	-63	219	502	-73	-511	1733	1785	-601	99
14202	3639	12247	4280	-11303	1580	1186	-123	221	524	-67	-528	1574	1927	-525	99
14220	3734	12194	4151	-11283	1588	1246	-150	221	540	-61	-541	1574	1927	-525	99
14244	-4089	11753	5947	-10644	1584	1306	-232	221	561	-51	-556	1260	2145	-363	99
14262	-4462	11608	6251	-10376	1582	1364	-294	219	577	-42	-567	1179	2191	-339	99
14280	-4365	11621	6137	-10486	1579	1421	-327	216	592	-32	-578	1179	2191	-339	99
14322	-6672	10333	7962	-9221	1542	1541	-516	208	624	-5	-595	725	2379	0	99
14334	-7822	8991	8908	-7718	1524	1573	-577	205	633	2	-599	402	2394	0	99
14352	-8308	8930	9347	-7694	1499	1667	-646	198	648	18	-605	292	2410	0	99
14376	-9551	8399	10305	-7200	1450	1744	-711	187	662	35	-611	32	2428	164	99
14400	-10393	7978	10967	-6797	1379	1761	-855	176	672	54	-610	-140	2424	255	99
14442	-11438	5583	11471	-4479	1244	1880	-1016	148	687	95	-606	-648	2278	428	99
14478	-11736	5407	11717	-4341	1095	1929	-1124	117	690	130	-595	-753	2245	457	99
14490	-11595	5510	11601	-4464	1047	1935	-1153	106	689	141	-590	-753	2245	457	99
14520	-11318	5726	11391	-4720	928	1947	-1222	77	685	171	-576	-753	2245	457	99
14550	-11115	5893	11249	-4913	812	1957	-1282	46	679	201	-561	-753	2245	457	99
14568	-11000	5999	11184	-5022	744	1962	-1313	26	674	219	-551	-753	2245	457	99
14589	-10885	6128	11113	-5129	668	1966	-1344	4	668	240	-538	-753	2245	452	99
14607	-12265	-4585	11846	5569	573	1977	-1362	-16	660	259	-526	-1579	1763	637	99
14631	-11889	-5050	11131	6036	441	2012	-1340	-47	649	285	-509	-1573	1604	571	99
14661	-11901	-5090	11097	6176	284	2022	-1339	-83	632	317	-486	-1645	1530	589	99
14685	-10734	-5230	10059	6354	158	2041	-1248	-116	614	341	-469	-1571	1433	464	99
14718	-10147	-4727	9688	6005	-5	2083	-1110	-159	589	373	-447	-1497	1335	261	99
14736	-9779	-4513	9435	5851	-90	2089	-997	-183	573	388	-435	-1434	1315	163	99
14757	-8825	-4272	8661	5664	-182	2111	-837	-210	554	405	-422	-1320	1260	0	99
14796	-8248	-3326	8404	4871	-333	2127	-594	-257	520	434	-399	-1160	1249	-245	99
14814	-7310	-2980	7717	4600	-398	2130	-505	-276	505	447	-387	-1020	1212	-453	99
14838	-6428	3346	7115	4144	-466	2131	-339	-301	485	461	-375	-871	1177	-680	99
14868	-6887	3780	7707	3779	-530	2105	-220	-327	461	477	-358	-845	1196	-771	99
14880	-5683	3521	6632	4015	-560	2112	-155	-337	453	483	-352	-785	1164	-855	99
14898	-5558	3925	6664	3591	-610	2139	-14	-354	440	491	-345	-703	1145	-973	99
14916	-5138	3917	6338	3542	-637	2142	56	-367	429	497	-336	-609	1061	-1124	99
14952	-4451	3744	5679	3569	-684	2122	83	-386	412	510	-317	-523	903	-1253	99
14970	-4104	3521	5326	3702	-703	2119	95	-394	405	515	-309	-486	855	-1284	99
14988	-3597	3305	4767	3789	-715	2102	94	-401	398	519	-300	-442	741	-1312	99
15012	-3240	3266	4383	3719	-746	2092	53	-409	390	526	-287	-417	685	-1321	99
15042	3376	-3116	3393	4085	-773	2058	-29	-417	381	533	-271	-366	502	-1277	99
15066	3383	-3154	3259	4052	-802	2049	-87	-422	374	539	-258	-346	442	-1257	99
15090	3376	-3043	3058	3830	-831	2002	-208	-424	366	544	-244	-324	382	-1208	99
15114	3817	-3394	-3413	3974	-848	1959	-333	-424	358	549	-230	-278	260	-1110	99
15132	4187	-3456	-3915	3811	-870	1925	-435	-423	351	551	-219	-210	153	-996	99
15174	4562	-3216	-4607	3072	-923	1811	-781	-412	336	554	-188	-75	23	-624	99
15192	5012	2983	-5142	-3380	-942	1741	-946	-404	329	553	-174	47	-1	-402	99
15216	4639	3052	-4906	-3564	-965	1640	-1148	-394	317	549	-155	56	16	-192	99
15264	4664	3041	-5076	-3489	-971	1421	-1382	-373	291	532	-127	102	-67	0	99
15294	4586	3285	-4917	-3718	-960	1283	-1466	-358	274	516	-114	131	-78	0	99
15312	4809	3145	-5301	-3799	-945	1201	-1508	-348	263	506	-106	189	-97	231	99
15336	4974	3389	-5360	-4038	-920	1110	-1475	-337	249	489	-100	243	-124	231	99
15360	4836	3532	-5162	-4164	-886	998	-1451	-325	234	471	-93	270	-136	242	99
15378	5134	3471	-5447	-4168	-860	928	-1428	-316	224	457	-89	326	-157	273	99
15402	5382	3581	-5681	-4348	-815	844	-1391	-303	212	438	-84	384	-176	306	99
15414	5502	3623	-5775	-4389	-790	804	-1365	-297	206	429	-83	409	-192	288	99
15450	5879	3791	-6081	-4607	-715	692	-1269	-278	190	400	-78	490	-233	280	99
15474	5913	3812	-6102	-4640	-661	618	-1239	-265	181	381	-76	521	-240	303	99
15492	6119	3888	-6257	-4726	-624	567	-1206	-255	174	367	-74	547	-256	292	99
15510	6264	3775	-6338	-4544	-585	527	-1078	-248	165	351	-75	564	-288	226	99
15528	6535	3904	-6592	-4742	-550	478	-1016	-239	158	336	-75	616	-318	220	99
15546	6728	3935	-6736	-4762	-518	437	-963	-231	152	322	-74	640	-337	209	99
15579	6969	4012	-6941	-4853	-458	363	-875	-215	142	298	-74	690	-371	190	99
15597	7258	4039	-7196	-4899	-424	324	-821	-206	136	284	-74	737	-410	167	99
15621	7593	4142	-7490	-5037	-384	274	-755	-195	129	266	-74	785	-447	154	99
15633	7860	4033	-7638	-4819	-364	256	-706	-190	126	258	-74	802	-477	0	99
15660	8014	4158	-7778	-4991	-317	210	-632	-178	119	239	-75	851	-512	0	99
15678	8215	4131	-7979	-4980	-288	177	-595	-170	114	227	-75	871	-537	0	99
15699	8470	4079	-8238	-4983	-251	147	-537	-161	110	213	-75	911	-589	0	99
15738	8823	3975	-8616	-4950	-177	80	-391	-144	100	185	-78	967	-667	0	99
15762	9095	3872	-8902	-4891	-138	43	-337	-134	95	170	-79	981	-699	0	99
15783	9305	3707	-9152	-4784	-111	20	-279	-125	91	157	-80	1007	-765	0	99
15843	9983	3511	-9908	-4762	-21	-49	-188	-98	83	122	-82	1097	-894	0	99
15870	10097	3583	-10010	-4865	13	-78	-175	-86	80	107	-82	1128	-903	0	99
15906	10211	3664	-10131	-5013	72	-126	-184	-67	77	87	-83	1184	-929	0	99
15936	10519	3585	-10471	-4998	112	-157	-173	-52	75	70	-84	1220	-981	0	99
15957	10680	3579	-10652	-5042	145	-189	-176	-40	74	58	-84	1260	-1027	0	99
15993	10903	3603	-10911	-5134	198	-232	-192	-20	73	37	-85	1335	-1078	0	99
16023	11134	3734	-11121	-5329	249	-265	-213	-2	72	20	-87	1400	-1094	0	99
16044	11433	4008	-11390	-5650	288	-291	-243	11	73	7	-87	1475	-1094	0	99
16068	11594	4211	-11535	-5896	330	-329	-263	26	73	-7	-89	1536	-1112	0	99
16086	11547	4249	-11489	-5949	368	-358	-293	39	73	-19	-90	1572	-1114	0	99
16107	11618	4301	-11561	-6030	416	-391	-319	55	74	-34	-92	1593	-1135	0	99
16125	11768	4387	-11819	-6271	447	-416	-343	68	74	-46	-93	1633	-1131	147	99
16149	11887	4573	-11960	-6515	501	-455	-376	87	75	-64	-96	1703	-1135	203	99
16170	12048	4664	-12110	-6660	546	-486	-383	103	76	-80	-98	1757	-1162	234	99
16188	11867	4712	-11974	-6706	590	-518	-402	119	77	-94	-101	1791	-1166	261	99
16206	12049	4730	-12151	-6740	634	-551	-405	134	77	-110	-104	1812	-1190	269	99
16236	12262	5099	-12262	-7234	705	-601	-427	160	79	-135	-110	1919	-1190	354	99
16266	12282	5326	-12262	-7494	790	-673	-431	188	80	-164	-116	1977	-1209	416	99
16302	12264	5238	-12264	-7402	874	-741	-422	220	81	-199	-124	2030	-1238	437	99
16320	12264	5221	-12264	-7358	915	-776	-372	235	80	-218	-128	2033	-1290	423	99
16338	12263	4828	-12263	-6997	964	-815	-315	250	79	-238	-134	2039	-1390	406	99
16368	12262	4288	-12262	-6490	1048	-883	-253	279	78	-272	-142	2032	-1554	377	99
16392	12260	3953	-12260	-6077	1095	-930	-182	301	76	-299	-148	1981	-1619	343	99
16410	12259	3389	-12259	-5520	1124	-970	-104	317	72	-321	-152	1904	-1709	279	99
16431	12258	-3931	-12258	-3893	1173	-1037	-73	339	69	-345	-157	1697	-1914	152	99
16455	11973	-4711	-12257	-2903	1210	-1095	13	362	63	-373	-162	1538	-2044	0	99
16485	11709	-4834	-12256	3086	1246	-1186	67	392	54	-406	-165	1487	-2082	0	99
16509	11262	-6448	-12209	4789	1270	-1253	154	413	45	-433	-167	1224	-2246	0	99
16527	10626	-6474	-11450	5009	1284	-1298	229	428	37	-452	-168	1129	-2296	-150	99
16557	10415	-7620	-11272	6310	1293	-1388	307	452	22	-482	-166	923	-2386	-250	99
16575	10218	-7754	-11102	6447	1296	-1454	340	465	13	-499	-163	853	-2412	-263	99
16611	9452	-8383	-10388	7232	1312	-1665	335	492	-9	-534	-152	640	-2414	-285	99
16629	8819	-8947	-9835	7881	1300	-1723	362	501	-19	-548	-146	481	-2451	-312	99
16656	8363	-9502	-9433	8534	1273	-1778	416	512	-35	-564	-137	310	-2479	-342	99
16680	8186	-9854	-9342	8885	1235	-1848	448	520	-52	-578	-126	214	-2489	-309	99
16710	8184	-10065	-9345	9145	1177	-1894	499	526	-72	-590	-110	133	-2494	-319	99
16734	7235	-10435	-8512	9640	1138	-1962	542	531	-90	-601	-97	-33	-2498	-324	99
16764	7054	-10694	-8380	9926	1078	-2015	556	534	-112	-609	-79	-152	-2493	-306	99
16788	6617	-11237	-8061	10539	1018	-2049	583	535	-131	-613	-63	-271	-2483	-278	99
16818	5246	-10826	-6761	10202	938	-2088	583	534	-154	-616	-40	-416	-2402	-203	99
16836	5942	-11266	-7489	10563	897	-2134	579	534	-169	-619	-27	-423	-2401	-155	99
16854	5548	-11063	-7214	10252	844	-2158	571	532	-183	-619	-12	-470	-2392	0	99
16890	4384	-10915	-6060	10302	734	-2230	591	527	-215	-620	15	-637	-2291	0	99
16914	4814	-11275	-6512	10639	665	-2265	570	523	-234	-618	35	-636	-2291	0	99
16926	4563	-11275	-6270	10677	631	-2274	558	521	-243	-616	45	-684	-2278	0	99
16944	4682	-11416	-6405	10817	577	-2281	565	517	-257	-614	59	-708	-2270	0	99
16965	4211	-10832	-6004	10112	510	-2300	548	512	-274	-610	77	-718	-2204	158	99
16983	3912	-11186	-5778	10507	454	-2315	567	506	-289	-607	91	-801	-2175	201	99
17013	3786	-11256	-5700	10585	362	-2334	545	497	-313	-599	117	-835	-2162	243	99
17037	3015	-10566	-4848	9987	284	-2355	559	488	-333	-594	137	-898	-2006	262	99
17049	2989	-10233	-4752	9686	242	-2374	560	484	-344	-591	147	-873	-1951	262	99
17067	2973	-9929	-4683	9383	182	-2401	563	477	-359	-587	162	-849	-1896	263	99
17097	2904	-9303	-4501	8788	88	-2441	565	466	-383	-580	186	-800	-1787	263	99
17124	2930	-8985	-4465	8480	11	-2472	567	455	-403	-573	206	-775	-1732	264	99
17148	-2907	-8068	-4191	7616	-54	-2496	570	445	-420	-566	224	-701	-1567	261	99
17160	-5174	-8641	3595	8347	-81	-2503	573	440	-428	-562	232	-991	-1307	571	99
17220	-5145	-8064	3647	7831	-232	-2471	595	409	-461	-535	271	-1023	-1124	632	99
17256	-5503	-7423	4065	7285	-332	-2413	655	386	-479	-515	290	-1026	-952	635	99
17298	-5505	-6515	4126	6319	-448	-2378	555	363	-496	-487	317	-962	-796	727	99
17310	-5470	-6536	4077	6319	-485	-2350	580	354	-501	-478	323	-962	-796	727	99
17331	-5480	-6375	4049	6070	-544	-2306	604	340	-509	-465	333	-915	-758	783	99
17361	-5184	-5510	3840	5109	-612	-2262	516	324	-516	-442	349	-789	-627	870	99
17391	-5108	-5187	3763	4662	-673	-2191	497	306	-523	-421	362	-744	-587	913	99
17409	-5074	-4471	3818	3916	-709	-2154	476	295	-526	-408	370	-662	-496	953	99
17436	-4775	-4047	3526	3363	-758	-2101	383	282	-529	-388	382	-564	-426	1047	99
17487	-4298	3257	3237	-4112	-885	-2101	193	256	-538	-355	406	-333	-231	1190	99
17517	-4321	3203	3282	-4107	-928	-2040	146	241	-536	-335	412	-287	-191	1223	99
17538	-4079	3266	3052	-4236	-946	-1993	104	231	-531	-322	413	-236	-159	1280	99
17550	-3889	3340	2917	-4314	-955	-1959	99	225	-528	-314	413	-189	-121	1273	99
17568	-3854	3310	-2906	-4380	-962	-1900	110	216	-521	-304	410	-139	-86	1305	99
17592	-3592	3649	-3087	-4800	-974	-1861	81	205	-512	-291	406	-38	-22	1353	99
17619	-3264	4030	-3283	-5187	-969	-1774	113	192	-498	-278	397	55	21	1335	99
17643	-3133	4066	-3334	-5179	-960	-1689	164	180	-484	-266	387	56	18	1310	99
17667	-3167	3943	-3280	-4984	-951	-1610	222	169	-471	-256	376	59	10	1288	99
17736	-4557	-3156	3882	-3169	-896	-1374	442	137	-434	-229	342	-268	72	1122	99
17772	-6475	-3160	5870	3066	-856	-1236	574	121	-415	-215	323	-531	307	1036	99
17796	-6304	-3255	5775	3208	-830	-1149	684	110	-403	-207	310	-515	333	986	99
17820	-6265	3155	5913	-3128	-806	-1063	759	100	-390	-199	298	-451	412	920	99
18015	3090	6039	2970	-6293	-565	-470	986	45	-281	-131	210	377	459	573	99
18048	3124	6341	2995	-6561	-513	-399	977	41	-263	-122	196	420	502	554	99
18084	3163	6863	3041	-7054	-456	-334	958	38	-245	-114	181	489	561	518	99
18099	3108	7006	3090	-7220	-433	-313	925	38	-238	-110	175	501	590	540	99
18129	3049	7219	3145	-7492	-393	-271	854	38	-222	-102	165	530	644	570	99
18153	3048	7434	3167	-7732	-354	-228	820	37	-209	-97	156	567	693	571	99
18171	3002	7564	3213	-7875	-331	-201	770	38	-199	-93	150	581	720	586	99
18195	2925	7726	3302	-8045	-301	-173	714	38	-186	-88	141	596	746	595	99
18219	-3010	7879	3421	-8210	-268	-141	654	39	-173	-83	133	616	807	633	99
18249	-3095	8167	3571	-8481	-228	-109	567	41	-157	-77	123	656	890	659	99
18294	-3435	8660	3939	-8966	-167	-56	469	43	-134	-69	107	668	991	735	99
18315	-3435	8919	4035	-9176	-139	-40	448	43	-124	-66	98	717	1031	705	99
18333	-3322	9023	3961	-9271	-108	-23	457	43	-116	-65	90	733	1057	705	99
18354	-3142	9164	3832	-9407	-78	0	443	43	-106	-63	82	758	1076	687	99
18387	-2932	9405	3748	-9574	-37	39	445	42	-90	-59	68	832	1134	643	99
18423	2986	10008	3776	-10133	6	92	464	41	-74	-55	52	910	1188	595	99
18441	3215	10324	3634	-10433	28	117	483	40	-66	-54	43	958	1188	544	99
18471	3283	10451	3614	-10513	60	155	507	39	-52	-51	29	1012	1222	513	99
18501	3593	10908	3421	-10946	102	196	525	39	-37	-48	14	1099	1268	454	99
18519	3554	10943	3455	-10965	124	220	538	39	-28	-47	5	1117	1292	451	99
18537	3474	11027	3535	-11054	152	243	523	40	-18	-45	-3	1130	1321	458	99
18573	3436	11120	3597	-11148	212	294	480	42	2	-41	-21	1156	1377	462	99
18585	3605	11322	3475	-11362	231	312	482	43	9	-40	-28	1199	1380	422	99
18609	3550	11342	3532	-11366	265	347	470	44	24	-37	-42	1225	1437	424	99
18627	3372	11669	3748	-11624	294	370	443	46	36	-35	-52	1245	1499	434	99
18651	3248	11705	3869	-11594	332	412	422	48	53	-32	-67	1258	1565	445	99
18675	-2925	11657	4201	-11572	383	463	385	52	72	-29	-84	1234	1623	487	99
18699	-2906	11990	4276	-11872	430	503	360	54	90	-26	-101	1256	1681	486	99
18741	-3429	12044	4826	-11844	505	593	336	57	125	-20	-132	1234	1808	532	99
18753	-3570	11987	4990	-11804	528	617	317	58	136	-18	-142	1225	1850	544	99
18795	-3550	12262	5121	-12043	608	703	317	60	173	-13	-176	1268	1930	524	99
18819	-3257	12263	4930	-12132	653	761	379	58	193	-11	-198	1320	1931	476	99
18837	-3450	12264	5167	-12057	676	786	388	58	208	-9	-213	1327	1999	471	99
18855	-3458	12264	5234	-12114	721	841	402	58	225	-7	-229	1332	2032	466	99
18879	-2926	12264	4967	-12264	768	899	441	57	248	-5	-252	1467	2049	335	99
18894	-2926	12264	4963	-12264	790	918	477	55	260	-4	-265	1467	2049	335	99
18912	-2914	12264	5029	-12264	846	983	508	55	280	-2	-283	1487	2109	305	99
18942	3247	12264	4750	-12264	916	1046	572	53	309	-1	-313	1538	2071	213	99
18960	3235	12264	4785	-12264	952	1086	599	52	327	0	-331	1548	2064	184	99
18996	3870	12263	4233	-12263	1042	1183	682	51	364	0	-368	1644	1989	0	99
19020	3991	12263	4050	-12263	1103	1231	721	52	387	0	-392	1675	1964	0	99
19038	4550	12263	3599	-12096	1142	1260	738	53	405	0	-409	1742	1903	-182	99
19056	4519	12262	3645	-12236	1203	1315	800	54	423	0	-429	1754	1893	-230	99
19074	4486	12261	3696	-12275	1241	1340	777	57	442	0	-446	1737	1908	-246	99
19104	4768	12260	3499	-12192	1306	1384	771	62	472	0	-475	1779	1870	-402	99
19128	3897	12260	4311	-11871	1375	1424	680	69	500	0	-496	1668	1970	-383	99
19152	4167	12259	4058	-11919	1419	1451	604	74	525	2	-516	1686	1954	-435	99
19170	4163	12259	4052	-11926	1442	1480	602	76	541	2	-532	1686	1954	-435	99
19191	3716	11124	4335	-10316	1524	1562	573	81	565	4	-551	1573	1892	-544	99
19221	3585	12060	4525	-11257	1595	1625	520	87	594	6	-574	1541	1917	-617	99
19254	3167	11903	4913	-10972	1631	1661	401	93	620	10	-593	1460	1980	-650	99
19290	-3421	11865	5684	-10770	1663	1702	271	98	646	16	-611	1324	2073	-701	99
19314	-4429	11595	6605	-10387	1661	1731	155	101	662	23	-619	1141	2179	-660	99
19356	-5686	11226	7796	-9827	1653	1770	-8	101	687	36	-633	926	2279	-681	99
19374	-5566	10965	7697	-9538	1646	1798	-64	100	696	42	-638	872	2301	-716	99
19392	-5875	10964	7991	-9482	1629	1835	-109	97	705	49	-642	810	2323	-734	99
19410	-6361	10012	8363	-8420	1616	1871	-148	94	714	57	-647	653	2309	-761	99
19434	-7065	10224	9056	-8529	1599	1919	-207	89	725	68	-651	510	2346	-793	99
19458	-6935	10290	8917	-8636	1547	1937	-283	82	732	79	-652	510	2346	-790	99
19488	-6812	10359	8780	-8743	1482	1958	-376	73	739	95	-653	510	2346	-788	99
19506	-6745	10411	8700	-8814	1444	1970	-430	66	743	105	-652	510	2346	-788	99
19530	-6648	10465	8603	-8893	1393	1984	-499	57	747	119	-650	510	2346	-791	99
19551	-6612	10484	8565	-8924	1351	1996	-558	49	750	131	-649	510	2346	-794	99
19581	-9778	7890	11266	-5858	1278	2016	-638	35	753	149	-644	-255	2386	-783	99
19605	-9888	6091	11105	-4027	1212	2048	-710	23	755	166	-639	-496	2225	-803	99
19635	-10251	5395	11246	-3349	1122	2129	-755	5	757	189	-633	-653	2120	-808	99
19659	-10613	4428	11423	3425	1048	2165	-796	-9	756	208	-627	-807	2001	-819	99
19677	-10388	3952	11060	3773	1001	2188	-815	-21	754	221	-621	-877	1906	-799	99
19701	-10206	3476	10780	4137	921	2222	-864	-37	751	241	-612	-915	1820	-814	99
19713	-10462	3165	10897	4335	880	2232	-901	-46	748	251	-606	-1010	1770	-788	99
19737	-10158	-3602	10377	5152	795	2250	-987	-63	743	272	-591	-1093	1575	-778	99
19773	-9501	-5335	9177	6650	640	2267	-1191	-89	731	307	-563	-1277	1177	-592	99
19791	-9073	-5503	8689	6733	560	2262	-1270	-102	722	324	-547	-1287	1073	-563	99
19809	-8700	-5955	8146	7034	465	2249	-1350	-116	710	341	-530	-1324	926	-469	99
19851	-7170	-7231	6229	7848	244	2234	-1454	-151	677	378	-488	-1289	476	-282	99
19887	-5755	-7101	4824	7387	45	2180	-1526	-181	642	406	-448	-1158	281	-202	99
19923	-4785	-6876	3911	6984	-174	2128	-1568	-212	604	433	-406	-1062	139	-179	99
19986	-4501	-7594	3407	7445	-480	1975	-1613	-260	533	467	-333	-1082	-112	0	99
20022	-3224	-8154	-3508	7826	-689	1925	-1545	-289	491	483	-291	-1043	-359	0	99
20064	3600	-7541	-4144	7128	-868	1822	-1418	-317	441	489	-246	-887	-417	0	99
20106	3760	-6567	-3995	6219	-1007	1709	-1195	-342	390	484	-205	-681	-412	-220	99
20118	4198	-5937	-4135	5725	-1030	1672	-1113	-347	376	480	-195	-574	-355	-437	99
20136	4248	-5606	-4057	5429	-1063	1629	-949	-355	354	473	-182	-522	-322	-560	99
20160	3527	-6212	-3250	6283	-1088	1575	-701	-365	327	460	-166	-660	-362	-845	99
20178	3404	-6247	-3130	6248	-1099	1527	-598	-368	309	451	-152	-660	-362	-845	99
20217	-3401	-7157	3914	7694	-1091	1435	-349	-372	274	427	-127	-877	-365	-1309	99
20241	-3791	-6968	4431	7747	-1065	1371	-244	-372	255	412	-112	-886	-342	-1477	99
20259	-3772	-6846	4514	7760	-1043	1320	-177	-370	242	401	-102	-892	-324	-1572	99
20277	-4030	-6702	4891	7940	-1012	1268	-128	-367	230	390	-93	-902	-294	-1726	99
20289	-4026	-6755	4921	8081	-996	1234	-101	-364	223	383	-88	-903	-292	-1781	99
20319	-4156	-6619	5073	8112	-954	1150	-59	-357	206	367	-76	-901	-296	-1866	99
20352	-4165	-6651	5085	8218	-911	1050	-49	-348	190	351	-63	-898	-305	-1910	99
20385	-4089	-6622	4926	8182	-879	956	-102	-336	175	337	-50	-890	-329	-1890	99
20415	-4112	-6663	4881	8237	-845	867	-135	-325	162	324	-39	-877	-360	-1889	99
20448	-3882	-6752	4599	8240	-821	779	-211	-313	149	312	-27	-860	-399	-1845	99
20466	-3978	-6726	4618	8228	-804	730	-241	-306	142	305	-21	-854	-412	-1833	99
20487	-3737	-6824	4336	8259	-786	682	-253	-299	133	297	-15	-834	-449	-1807	99
20568	-3024	-6990	3272	7961	-729	486	-453	-268	105	272	11	-719	-617	-1526	99
20595	2972	-6992	3026	7890	-713	421	-556	-257	96	264	21	-695	-645	-1480	99
20631	3147	-7026	-3053	7809	-693	344	-639	-243	84	254	32	-655	-685	-1401	99
20649	3264	-6976	-3231	7637	-686	305	-680	-237	78	249	38	-616	-720	-1336	99
20679	3516	-6978	-3502	7536	-672	239	-755	-225	68	240	47	-572	-755	-1266	99
20703	3940	-6744	-4014	7085	-660	188	-823	-215	61	232	55	-499	-805	-1135	99
20721	4150	-6778	-4324	6966	-648	152	-881	-207	56	227	61	-434	-843	-1013	99
20745	4165	-6766	-4349	6960	-631	99	-899	-199	48	217	66	-422	-848	-998	99
20769	4474	-6557	-4728	6594	-616	49	-926	-189	40	208	72	-352	-879	-892	99
20799	4654	-6655	-4964	6629	-585	-14	-1000	-176	32	198	80	-316	-893	-826	99
20823	4898	-6318	-5239	6167	-569	-48	-992	-168	24	189	84	-259	-911	-751	99
20859	4988	-6338	-5370	6140	-532	-110	-1046	-153	14	176	92	-220	-921	-688	99
20880	4842	-5651	-5278	5279	-514	-153	-1123	-144	10	170	97	-124	-878	-539	99
20910	5434	-5780	-5828	5395	-499	-202	-1106	-134	0	158	101	-74	-883	-516	99
20934	5509	-5692	-5916	5274	-478	-235	-1117	-125	-4	150	105	-32	-886	-459	99
20952	5309	-5126	-5665	4689	-464	-272	-1140	-118	-9	143	108	-2	-826	-415	99
20970	5710	-5071	-6060	4567	-451	-291	-1126	-112	-13	137	109	59	-824	-368	99
20994	5802	-4795	-6147	4234	-435	-311	-1077	-106	-19	128	110	109	-817	-316	99
21024	5728	-4293	-6016	3728	-408	-331	-1045	-97	-25	117	111	160	-747	-270	99
21048	5931	-4140	-6185	3547	-387	-351	-1013	-90	-30	109	112	212	-734	-242	99
21066	6222	-3832	-6440	3176	-373	-363	-991	-85	-33	103	112	292	-703	-182	99
21087	6348	4115	-6210	-4751	-358	-385	-983	-79	-37	96	113	551	-431	-150	99
21105	6741	4017	-6584	-4687	-343	-399	-974	-73	-39	90	113	597	-469	-147	99
21135	7004	3988	-6973	-4822	-315	-412	-877	-67	-44	79	110	653	-495	0	99
21153	7132	4117	-7082	-4973	-299	-422	-889	-61	-45	74	110	692	-492	0	99
21171	7473	4147	-7417	-5074	-284	-428	-856	-57	-46	69	108	735	-535	0	99
21201	7575	3981	-7538	-4902	-245	-425	-847	-48	-45	61	104	772	-535	0	99
21225	7793	4111	-7738	-5096	-214	-416	-805	-41	-45	54	100	826	-564	0	99
21273	8440	4297	-8347	-5422	-157	-409	-757	-28	-42	40	92	947	-598	0	99
21327	8911	4405	-8882	-5712	-81	-393	-697	-13	-37	25	81	1066	-634	138	99
21363	9101	4473	-9055	-5797	-34	-382	-650	-2	-33	14	73	1095	-643	153	99
21393	9525	4663	-9494	-6098	23	-369	-585	6	-29	4	64	1208	-690	192	99
21411	9508	4649	-9459	-6056	54	-374	-579	12	-26	-1	59	1208	-690	192	99
21429	9822	4661	-9769	-6108	77	-371	-559	18	-24	-7	55	1260	-720	196	99
21450	10047	4847	-10000	-6363	107	-365	-510	24	-21	-14	48	1318	-740	221	99
21480	10352	5010	-10287	-6593	158	-374	-515	36	-16	-25	41	1383	-746	262	99
21492	10382	5130	-10343	-6755	176	-375	-506	40	-14	-29	38	1424	-732	306	99
21516	10564	5286	-10513	-6948	214	-383	-487	49	-11	-38	31	1483	-748	333	99
21579	10996	5335	-10953	-7052	314	-406	-364	73	-4	-65	10	1601	-850	329	99
21609	11131	5403	-11095	-7146	378	-429	-354	88	0	-80	1	1638	-844	360	99
21642	11422	5734	-11382	-7587	441	-450	-339	105	5	-96	-9	1736	-849	429	99
21660	11481	5756	-11423	-7618	476	-462	-331	115	8	-105	-15	1764	-860	440	99
21687	11581	5941	-11538	-7831	527	-490	-303	130	12	-121	-23	1815	-892	445	99
21723	12135	5868	-12100	-7850	599	-530	-272	151	16	-143	-36	1890	-947	465	99
21753	12096	6262	-12061	-8303	771	-648	-462	182	26	-164	-44	1966	-926	539	99
21771	12055	6171	-12065	-8229	808	-669	-433	193	28	-177	-50	2009	-975	546	99
21795	12168	6191	-12183	-8283	865	-698	-400	210	31	-194	-60	2041	-978	573	99
21819	12052	6355	-12081	-8468	924	-728	-396	229	35	-212	-69	2078	-970	609	99
21837	11970	6101	-12050	-8182	962	-750	-366	242	37	-227	-76	2103	-1057	587	99
21849	12253	6387	-12253	-8552	998	-771	-343	252	38	-238	-81	2147	-1035	634	99
21870	12250	6442	-12253	-8601	1046	-802	-343	270	41	-254	-89	2176	-1044	662	99
21903	12253	6229	-12253	-8426	1119	-852	-283	297	44	-284	-103	2222	-1153	664	99
21933	12252	6630	-12252	-8907	1205	-921	-282	327	48	-312	-115	2295	-1144	746	99
21951	12252	6204	-12252	-8485	1249	-959	-268	344	50	-330	-122	2267	-1197	748	99
21969	12251	5959	-12251	-8201	1296	-995	-224	361	51	-348	-130	2244	-1240	739	99
22005	12250	5718	-12250	-8016	1384	-1072	-175	395	53	-384	-145	2217	-1287	792	99
22017	12249	5735	-12249	-8023	1410	-1096	-155	407	54	-397	-149	2217	-1287	792	99
22041	11953	5092	-12248	-7315	1463	-1147	-76	429	53	-422	-159	2150	-1396	766	99
22098	11706	3512	-12245	-5754	1562	-1286	135	478	46	-483	-180	1934	-1683	675	99
22119	11949	3264	-12244	-5556	1596	-1348	145	498	44	-503	-184	1906	-1715	683	99
22149	11501	-4092	-12243	-3896	1623	-1419	203	522	40	-532	-190	1673	-1943	566	99
22167	11590	-4368	-12243	-3626	1643	-1471	283	535	35	-550	-194	1614	-1993	546	99
22188	11375	-4282	-12242	-3728	1655	-1540	267	552	31	-569	-194	1609	-1996	589	99
22212	11310	-4980	-12241	-2962	1663	-1598	300	569	25	-589	-194	1508	-2073	588	99
22230	11213	-5345	-12227	3259	1673	-1639	298	582	21	-603	-193	1420	-2135	549	99
22266	10043	-6290	-11139	4500	1667	-1743	418	602	4	-634	-190	1130	-2234	479	99
22278	10061	-6216	-11153	4416	1666	-1792	439	609	-1	-644	-188	1130	-2234	479	99
22308	9521	-7601	-10764	5995	1637	-1878	555	622	-19	-667	-183	814	-2368	373	99
