0	-6241	5279	6727	-4538	0	1	1071	-1	-1	-1	-1	-189	791	0	99
12	-3415	-3251	-3310	-3485	-1	0	1052	-1	-1	-1	0	10	26	1130	99
30	-3539	-3101	-3166	-3616	2	-1	1021	0	0	0	0	22	55	1133	99
54	-3490	3067	-3136	-3982	4	-3	982	1	0	0	0	44	111	1129	99
63	-3580	3171	-3025	-4072	1	-4	968	1	1	0	1	54	139	1136	99
87	-3714	3531	2989	-4366	2	-4	937	2	2	1	2	79	194	1100	99
117	-3656	3667	2979	-4477	5	-13	920	3	2	1	2	93	221	1082	99
132	-3663	3894	3039	-4684	6	-12	901	3	2	1	3	116	276	1086	99
150	-3663	3894	3039	-4684	7	-5	885	4	3	2	3	116	276	1086	99
168	-3760	4268	3224	-5025	9	-4	871	4	4	2	3	141	330	1066	99
204	-3846	4561	3356	-5291	8	-4	823	6	6	3	5	163	386	1080	99
216	-3948	4875	3492	-5597	7	-5	796	6	6	4	5	178	445	1114	99
234	-4000	4990	3570	-5691	3	-7	773	7	7	4	6	190	473	1112	99
282	-4244	5406	3874	-6072	8	-11	715	9	9	5	7	215	560	1141	99
300	-4297	5703	3976	-6373	6	-11	699	9	9	5	8	231	618	1155	99
333	-4440	6137	4191	-6777	6	-12	675	10	10	6	8	261	702	1163	99
351	-4440	6133	4195	-6777	6	-13	651	11	11	6	9	261	702	1163	99
375	-4570	6407	4357	-7040	6	-13	636	11	11	6	9	275	762	1177	99
387	-4659	6514	4440	-7154	6	-13	617	12	12	6	10	275	794	1202	99
405	-4757	6630	4552	-7258	6	-13	590	12	13	7	11	283	823	1207	99
492	-5314	7441	5169	-8076	7	-8	506	14	17	10	12	308	1036	1284	99
510	-5405	7646	5292	-8259	9	0	486	14	19	11	12	319	1096	1293	99
534	-5562	7724	5425	-8347	11	14	460	14	21	13	12	308	1130	1325	99
579	-5897	8065	5773	-8737	7	28	364	15	27	17	14	313	1222	1354	99
609	-5987	7961	5813	-8685	0	40	261	16	33	22	16	297	1257	1389	99
633	-6641	8012	6433	-8660	3	51	206	17	38	24	15	245	1361	1487	99
651	-6971	8173	6787	-8773	4	62	179	17	42	26	13	228	1424	1523	99
675	-7193	8231	7041	-8811	5	67	155	16	48	28	10	208	1488	1559	99
693	-7180	8150	7080	-8674	7	77	131	16	53	29	7	212	1518	1556	99
741	-6892	8569	7090	-9094	18	117	214	9	68	30	-7	291	1597	1471	99
765	-6993	8653	7242	-9174	23	138	231	6	77	32	-15	295	1627	1471	99
795	-6467	9203	7023	-9696	28	169	317	0	90	32	-28	431	1689	1331	99
825	-5928	9690	6742	-10174	37	200	384	-6	105	32	-42	538	1722	1228	99
855	-5136	10251	6237	-10682	42	235	508	-14	120	31	-58	702	1727	1064	99
879	-3864	10777	5239	-10777	49	268	611	-21	134	31	-74	924	1688	905	99
897	-3659	10778	5215	-10778	57	287	672	-26	146	30	-87	988	1721	799	99
921	3203	10778	4408	-10778	71	322	780	-32	163	30	-106	1170	1677	626	99
945	4097	10779	3705	-10779	89	356	862	-37	182	30	-128	1324	1637	487	99
969	4615	10780	3245	-10780	95	381	950	-41	201	30	-150	1425	1590	387	99
999	5685	10781	-3528	-10781	124	422	1106	-47	224	29	-181	1597	1508	223	99
1017	5702	10782	-3516	-10782	142	445	1152	-48	239	29	-198	1644	1546	211	99
1038	5962	10783	-3758	-10783	171	473	1157	-47	257	30	-217	1695	1535	170	99
1062	5217	10783	-3115	-10783	199	499	1173	-46	277	31	-238	1672	1646	240	99
1080	5175	10785	-3105	-10785	230	523	1147	-43	293	33	-254	1672	1689	256	99
1098	5225	10785	-3138	-10785	266	550	1172	-40	307	33	-272	1729	1718	227	99
1134	3870	10787	3878	-10787	327	589	1070	-30	337	36	-301	1631	1932	367	99
1155	3044	10787	4559	-10787	380	624	1020	-23	354	38	-318	1535	2046	465	99
1173	3026	10787	4535	-10787	418	651	925	-15	370	42	-331	1535	2046	465	99
1194	-3804	10787	5430	-10787	453	681	876	-9	385	45	-347	1430	2192	568	99
1212	-5280	10787	6727	-10787	487	708	789	-3	400	49	-360	1223	2383	741	99
1236	-5876	10786	7228	-10786	529	760	694	3	419	55	-378	1130	2462	813	99
1266	-8640	10787	9528	-10787	565	817	540	11	443	65	-397	645	2632	1136	99
1308	-10074	10375	10530	-9410	599	943	447	14	474	82	-425	283	2695	1347	99
1326	-10610	10276	10787	-9325	608	988	412	13	485	90	-436	185	2703	1399	99
1350	-10787	9208	10787	-8389	617	1066	391	9	501	102	-449	-71	2709	1532	99
1392	-10786	8447	10786	-7808	600	1189	313	-9	524	133	-463	-249	2698	1617	99
1410	-10785	8405	10785	-7812	583	1255	279	-20	532	149	-467	-301	2694	1633	99
1440	-10785	7003	10785	-6473	542	1302	230	-43	542	175	-470	-479	2667	1717	99
1458	-10784	7220	10784	-6762	525	1426	278	-61	550	195	-473	-512	2661	1716	99
1482	-10783	7382	10783	-6909	479	1509	287	-84	556	219	-474	-597	2644	1727	99
1500	-10782	6723	10782	-6248	435	1558	277	-102	559	238	-471	-724	2612	1760	99
1524	-10782	6910	10782	-6425	377	1618	287	-127	561	263	-468	-726	2612	1734	99
1548	-10781	6695	10781	-6173	305	1677	304	-153	561	288	-463	-776	2598	1704	99
1575	-10781	6675	10781	-6156	233	1735	308	-181	561	315	-457	-805	2588	1697	99
1593	-10781	6919	10781	-6350	187	1759	325	-200	559	331	-453	-789	2593	1648	99
1623	-10780	7233	10780	-6563	107	1835	398	-232	556	359	-447	-728	2611	1488	99
1659	-10596	8149	10779	-7319	13	1904	518	-270	549	390	-440	-557	2653	1233	99
1677	-10461	8332	10779	-7444	-29	1944	567	-288	547	405	-437	-535	2658	1169	99
1707	-9564	9327	10398	-8276	-93	2006	663	-317	542	429	-432	-330	2691	877	99
1731	-8914	10056	9969	-8913	-128	2058	746	-339	538	447	-430	-180	2705	670	99
1749	-8580	10067	9734	-8876	-158	2092	783	-354	536	461	-428	-144	2707	583	99
1767	-8374	10786	9716	-9584	-182	2107	838	-368	533	472	-426	-20	2712	452	99
1791	-7289	10095	8742	-8903	-204	2111	860	-383	532	486	-425	58	2651	284	99
1809	-7413	10776	9006	-9684	-214	2192	919	-395	535	498	-427	144	2647	175	99
1839	-7270	10776	9007	-9674	-228	2233	912	-409	540	513	-428	188	2645	0	99
1857	-7410	10776	9124	-9651	-230	2239	864	-415	544	521	-427	182	2645	0	99
1875	-7282	10776	8948	-9669	-234	2268	838	-421	549	529	-428	196	2584	0	99
1893	-6686	9997	8406	-8737	-236	2289	802	-426	554	536	-430	181	2524	-169	99
1911	-7357	9678	8971	-8381	-232	2319	737	-429	561	544	-431	78	2470	-207	99
1932	-7391	9683	8979	-8373	-228	2326	683	-433	567	551	-432	78	2470	-206	99
1956	-7416	9713	8969	-8413	-223	2333	621	-437	574	558	-434	78	2470	-204	99
1974	-7429	9743	8966	-8442	-220	2338	574	-439	578	564	-435	78	2470	-204	99
1998	-7440	9815	8948	-8500	-216	2342	514	-442	583	571	-435	78	2470	-204	99
2022	-7434	9847	8926	-8535	-214	2346	456	-445	587	577	-435	78	2471	-207	99
2046	-10105	7299	10773	-5831	-212	2348	399	-449	590	584	-435	-590	2398	0	99
2082	-10266	5767	10795	-4298	-271	2364	241	-454	594	599	-429	-784	2215	0	99
2106	-10169	5239	10586	-3822	-309	2367	116	-458	596	610	-423	-849	2126	0	99
2130	-10589	4802	10771	-3358	-351	2353	15	-463	595	620	-416	-970	2074	0	99
2154	-10121	3911	10232	3228	-400	2340	-93	-469	591	631	-406	-1091	1944	0	99
2184	-10586	3527	10477	3575	-461	2338	-265	-475	587	648	-392	-1155	1836	0	99
2217	-10405	-3113	10004	4151	-548	2315	-404	-485	576	664	-373	-1263	1614	152	99
2253	-9438	-3928	8865	4712	-651	2273	-566	-496	560	682	-348	-1282	1359	226	99
2271	-8034	-4929	7319	5473	-738	2291	-617	-505	550	693	-333	-1349	1205	293	99
2301	-8330	-4932	7557	5356	-866	2264	-705	-518	530	707	-307	-1336	1032	336	99
2331	-7701	-4973	6925	5286	-965	2200	-749	-530	507	716	-282	-1244	851	319	99
2355	-6820	-5106	6055	5293	-1036	2137	-756	-540	486	721	-262	-1176	736	302	99
2379	-6590	-5160	5826	5314	-1108	2084	-788	-548	466	726	-240	-1151	661	319	99
2409	-6060	-4872	5390	4986	-1187	2009	-784	-559	439	730	-215	-1058	581	268	99
2445	-4912	-4720	4290	4640	-1290	1923	-794	-570	406	734	-183	-926	445	266	99
2472	-4222	-4649	3625	4457	-1358	1859	-758	-579	381	734	-160	-836	346	262	99
2490	-3544	-4645	2930	4304	-1401	1813	-766	-583	365	735	-145	-748	236	287	99
2526	-2956	-4496	-3335	4121	-1483	1722	-745	-591	331	734	-114	-645	154	247	99
2562	4004	-4213	-4264	3713	-1544	1632	-683	-598	299	727	-87	-479	17	192	99
2586	4051	-4144	-4328	3591	-1576	1571	-637	-598	278	719	-69	-414	-34	185	99
2610	5233	-3796	-5335	3202	-1589	1506	-585	-596	258	708	-53	-259	-111	0	99
2634	5452	3449	-5428	-4117	-1622	1469	-495	-594	238	697	-39	23	-16	0	99
2658	5369	3432	-5238	-3905	-1614	1407	-423	-587	219	681	-27	69	-57	-211	99
2691	5639	3261	-5352	-3512	-1565	1326	-279	-574	196	656	-16	106	-105	-381	99
2721	5944	3196	-5502	-3203	-1503	1251	-131	-560	178	630	-11	150	-187	-625	99
2751	6033	2995	-5529	2905	-1433	1178	-63	-542	164	606	-7	178	-242	-717	99
2781	6147	-2922	-5612	3059	-1345	1094	0	-522	152	580	-6	204	-297	-785	99
2805	6137	-2941	-5596	3081	-1278	1027	30	-505	144	560	-5	217	-324	-808	99
2835	6329	-3202	-5774	3350	-1183	940	41	-482	135	534	-4	257	-406	-865	99
2853	6370	-3189	-5828	3314	-1126	886	54	-468	130	517	-4	275	-430	-857	99
2871	6519	-3124	-5994	3181	-1071	828	26	-452	127	502	-3	300	-450	-819	99
2895	6654	-3208	-6125	3241	-1001	749	15	-433	121	481	-3	332	-501	-828	99
2919	6722	-3197	-6190	3192	-931	667	-8	-413	116	460	-2	351	-523	-816	99
2937	7055	-3283	-6559	3202	-879	614	-5	-399	112	444	-3	400	-600	-820	99
2955	7183	-3303	-6689	3199	-827	552	-21	-384	108	428	-3	420	-623	-809	99
2979	7379	-3441	-6895	3310	-759	483	-18	-366	103	407	-3	448	-677	-821	99
2997	7354	-3441	-6874	3313	-708	431	-22	-351	100	391	-4	448	-677	-821	99
3039	7754	-3488	-7317	3260	-605	329	-21	-320	93	356	-4	501	-750	-812	99
3063	8137	-3641	-7738	3313	-543	269	-4	-302	88	336	-5	546	-828	-819	99
3093	8251	-3613	-7910	3221	-476	203	-49	-279	84	314	-5	592	-869	-788	99
3117	8355	-3645	-8026	3228	-422	145	-46	-261	80	295	-5	609	-894	-787	99
3141	8614	-3615	-8337	3086	-358	79	-84	-243	77	276	-5	671	-924	-725	99
3165	9130	-3472	-8900	-3026	-307	33	-102	-225	74	259	-5	754	-975	-659	99
3183	9091	-3575	-8891	-2934	-274	0	-132	-212	73	247	-5	769	-1001	-664	99
3210	9229	-3469	-9052	-3141	-213	-48	-141	-193	70	227	-6	808	-1009	-624	99
3228	9393	-3354	-9234	-3308	-178	-81	-173	-179	68	215	-5	840	-1022	-596	99
3246	9553	-3303	-9414	-3424	-147	-111	-190	-167	66	203	-5	893	-1056	-561	99
3270	9657	-3400	-9525	-3302	-98	-156	-187	-150	63	185	-6	902	-1087	-575	99
3294	10037	-3389	-9926	-3401	-52	-195	-181	-133	61	167	-7	981	-1138	-529	99
3318	10065	-3325	-9964	-3486	2	-233	-198	-115	60	150	-9	1015	-1149	-501	99
3354	10335	-3291	-10246	-3566	85	-297	-214	-87	57	122	-12	1074	-1216	-485	99
3396	10454	-3295	-10387	-3613	189	-391	-240	-53	54	88	-17	1142	-1278	-459	99
3429	10687	-3509	-10631	-3417	265	-458	-204	-27	51	59	-22	1154	-1348	-483	99
3465	10770	-3609	-10784	-3346	351	-523	-172	2	49	26	-28	1206	-1422	-467	99
3483	10770	-3383	-10770	-3628	396	-562	-150	17	47	10	-31	1249	-1424	-425	99
3510	10770	-3934	-10770	-3034	451	-619	-92	38	42	-13	-36	1205	-1539	-507	99
3534	10769	-4353	-10769	3047	509	-672	-101	60	40	-34	-39	1222	-1639	-520	99
3552	10768	-3756	-10768	-3500	539	-697	-99	76	39	-50	-41	1318	-1602	-416	99
3597	10767	-3546	-10767	-3868	645	-800	-249	123	39	-89	-42	1441	-1615	-303	99
3642	10765	-3200	-10765	-4326	759	-897	-288	169	37	-135	-47	1547	-1640	-197	99
3666	10764	-3180	-10764	-4401	821	-952	-320	195	37	-159	-50	1608	-1665	-141	99
3684	10764	-3246	-10764	-4466	862	-981	-293	212	36	-178	-53	1623	-1692	0	99
3714	10763	-3255	-10763	-4445	948	-1054	-283	242	34	-210	-59	1664	-1736	0	99
3732	10762	-2967	-10762	-4776	999	-1101	-288	261	33	-229	-62	1736	-1751	0	99
3750	10761	-3148	-10761	-4614	1040	-1141	-292	279	32	-247	-65	1747	-1782	0	99
3780	10760	-3292	-10760	-4500	1120	-1205	-280	309	31	-279	-71	1776	-1837	0	99
3816	10759	-3279	-10759	-4471	1245	-1307	-276	346	31	-318	-80	1755	-1857	0	99
3861	10758	-3256	-10758	-4667	1332	-1389	-230	387	28	-362	-89	1779	-1833	250	99
3885	10757	-3504	-10757	-4456	1383	-1434	-200	409	27	-386	-94	1746	-1865	290	99
3909	10757	-3613	-10757	-4373	1433	-1480	-174	430	26	-410	-99	1737	-1874	369	99
3957	10755	-4005	-10755	-3963	1518	-1560	-90	470	22	-455	-109	1676	-1929	436	99
3975	10360	-3867	-10755	-3992	1567	-1621	-72	486	20	-473	-113	1608	-1908	507	99
4002	10754	-4733	-10754	-3197	1660	-1754	-72	511	15	-502	-118	1517	-1982	519	99
4026	10754	-4805	-10754	-3135	1687	-1788	16	526	11	-522	-123	1508	-1987	562	99
4056	10754	-5067	-10754	-2926	1710	-1814	73	545	8	-544	-126	1472	-2014	681	99
4080	10754	-5388	-10754	3214	1724	-1847	136	559	3	-562	-129	1400	-2065	687	99
4110	10753	-5762	-10753	3522	1733	-1884	213	575	-3	-583	-132	1324	-2114	744	99
4128	10614	-6158	-10753	3847	1738	-1910	238	585	-7	-595	-132	1273	-2146	836	99
4146	9960	-6068	-10753	3760	1743	-1934	251	596	-10	-606	-131	1222	-2105	888	99
4170	9889	-6773	-10752	4438	1745	-1966	310	607	-17	-622	-131	1106	-2169	918	99
4188	9402	-6479	-10752	4044	1744	-2001	308	617	-22	-633	-128	1094	-2108	1080	99
4206	9466	-6996	-10751	4575	1742	-2031	298	626	-26	-643	-125	1024	-2142	1083	99
4230	9490	-6953	-10751	4540	1733	-2041	377	635	-33	-656	-124	1024	-2142	1083	99
4266	8314	-6365	-9997	4011	1732	-2122	298	654	-42	-675	-115	954	-1976	1244	99
4308	7319	-6574	-9147	4267	1712	-2186	328	669	-55	-696	-107	782	-1857	1434	99
4326	6974	-6730	-8884	4439	1695	-2200	343	674	-61	-703	-103	718	-1818	1516	99
4344	6556	-6780	-8494	4548	1683	-2213	388	678	-67	-711	-100	647	-1780	1533	99
4362	6188	-7048	-8191	4860	1670	-2236	412	682	-73	-718	-96	546	-1750	1580	99
4392	6284	-6960	-8302	4766	1630	-2240	508	684	-85	-727	-91	546	-1750	1582	99
4410	6320	-6908	-8340	4720	1605	-2242	562	685	-92	-731	-87	546	-1750	1582	99
4470	6434	-6813	-8458	4639	1526	-2246	720	687	-116	-742	-72	546	-1750	1584	99
4494	6529	-6738	-8525	4566	1494	-2246	777	686	-125	-746	-66	546	-1750	1583	99
4512	2998	-8587	-5560	6696	1479	-2275	792	687	-133	-749	-60	-81	-1690	1815	99
4542	-3074	-8587	-5295	6768	1435	-2298	794	686	-146	-750	-49	-152	-1563	1877	99
4566	-3450	-8129	-4710	6444	1382	-2319	806	683	-157	-750	-39	-217	-1434	1908	99
4584	-3992	-8006	-3960	6521	1346	-2321	849	679	-165	-749	-33	-311	-1293	1905	99
4614	-4840	-7359	3087	6238	1270	-2319	982	665	-182	-747	-22	-438	-1127	1795	99
4638	-4895	-7143	3310	6176	1199	-2335	1137	650	-198	-746	-12	-487	-1040	1740	99
4686	-6282	-6216	5060	6078	1007	-2299	1517	609	-232	-731	5	-742	-665	1280	99
4704	-6282	-5587	5223	5599	919	-2277	1661	591	-246	-722	14	-756	-552	1163	99
4737	-7489	-4920	6743	5452	745	-2214	1896	555	-271	-700	30	-961	-324	830	99
4767	-7068	-4042	6631	4698	555	-2174	2022	521	-294	-674	51	-882	-138	684	99
4797	-6517	3526	6592	3097	387	-2093	2128	486	-314	-644	71	-706	79	462	99
4839	-5698	3672	5879	-3087	137	-1969	2232	434	-338	-599	101	-577	118	392	99
4857	-5161	5261	5668	-4657	17	-1931	2266	411	-347	-578	113	-487	199	272	99
4875	-4501	5015	5060	-4441	-88	-1878	2280	389	-353	-557	124	-344	211	215	99
4896	-3795	4949	4391	-4449	-200	-1815	2260	365	-358	-532	135	-217	181	196	99
4920	-3361	4815	3941	-4407	-299	-1722	2226	338	-358	-502	146	-163	151	210	99
4950	-3882	4819	4409	-4413	-406	-1606	2141	308	-355	-465	157	-190	234	293	99
4971	-4891	4620	5339	-4078	-452	-1531	2097	288	-351	-441	162	-303	400	300	99
4995	-6935	5241	7417	-4358	-503	-1446	2030	267	-345	-414	166	-485	759	332	99
5013	-6649	5544	7190	-4734	-532	-1372	1996	252	-340	-395	168	-421	794	317	99
5061	-6631	5566	7115	-4867	-599	-1202	1894	216	-324	-348	172	-376	816	367	99
5088	-6543	5691	7024	-5064	-607	-1103	1841	198	-313	-324	171	-328	835	383	99
5124	-6444	5394	6864	-4784	-613	-966	1783	175	-297	-293	168	-312	841	366	99
5154	-6360	5605	6800	-5010	-612	-858	1726	158	-283	-269	164	-278	852	352	99
5172	-6331	5575	6748	-5004	-606	-793	1692	149	-274	-255	161	-256	859	347	99
5190	-6255	5610	6683	-5046	-603	-735	1642	140	-265	-242	159	-244	862	334	99
5208	-6330	5604	6769	-5020	-592	-674	1617	132	-255	-229	155	-225	868	314	99
5226	-6108	5525	6549	-4960	-580	-616	1587	124	-246	-218	151	-218	870	309	99
5256	-6165	5527	6604	-4958	-563	-517	1532	112	-230	-198	145	-212	871	304	99
5304	-5911	5804	6483	-5144	-529	-380	1492	93	-208	-171	132	-143	885	184	99
5322	-5746	5892	6355	-5224	-514	-336	1470	87	-199	-162	128	-123	889	152	99
5349	-5631	6011	6377	-5222	-496	-269	1455	78	-187	-148	120	-97	892	0	99
5379	-5562	6040	6300	-5281	-473	-205	1424	69	-174	-135	113	-74	895	0	99
5397	-5494	6066	6224	-5326	-460	-167	1410	64	-166	-127	108	-61	896	0	99
5421	-5476	6066	6183	-5351	-444	-120	1362	58	-155	-116	102	-52	896	0	99
5445	-5493	6030	6176	-5323	-425	-78	1286	53	-144	-105	97	-52	896	0	99
5460	-5443	6125	6144	-5427	-415	-58	1249	51	-137	-99	94	-31	897	0	99
5478	-5383	6036	6073	-5349	-400	-29	1231	47	-130	-93	90	-32	897	0	99
5502	-5492	5943	6158	-5244	-382	10	1184	43	-120	-83	84	-34	897	0	99
5520	-5396	6103	6097	-5419	-361	37	1154	40	-112	-77	80	-18	898	0	99
5574	-5326	6154	6021	-5482	-321	103	1081	31	-92	-60	68	-1	898	0	99
5592	-5303	6090	5989	-5421	-310	122	1068	28	-86	-56	63	-2	898	0	99
5610	-5336	6145	6021	-5474	-298	141	1034	25	-80	-50	60	1	899	0	99
5634	-5166	6198	5869	-5554	-285	164	1008	22	-73	-44	55	22	898	0	99
5658	-5201	6142	5901	-5489	-274	188	972	19	-65	-37	50	24	898	0	99
5682	-5187	6122	5884	-5489	-258	209	949	16	-57	-32	45	31	898	0	99
5700	-5190	6128	5884	-5489	-244	226	929	14	-52	-28	42	31	898	0	99
5718	-5035	6365	5872	-5634	-239	247	915	11	-46	-23	38	56	897	-146	99
5736	-4834	6398	5711	-5652	-231	259	905	8	-42	-19	35	79	895	-181	99
5766	-4919	6389	5779	-5652	-211	279	849	6	-33	-13	30	71	896	-174	99
5796	-4868	6403	5719	-5707	-200	295	804	3	-25	-6	26	83	894	-162	99
5826	-4904	6313	5777	-5574	-181	309	785	0	-18	-1	20	77	895	-197	99
5856	-4775	6458	5655	-5743	-172	320	765	-2	-11	2	16	98	893	-190	99
5883	-4865	6415	5758	-5671	-160	328	734	-4	-5	7	12	98	894	-224	99
5907	-4783	6354	5670	-5626	-143	336	706	-6	0	10	9	98	893	-221	99
5925	4887	5387	-4220	-5414	-136	342	699	-7	3	13	6	491	242	-235	99
5952	4893	5576	-4159	-5562	-127	352	643	-8	9	17	3	548	263	-257	99
5988	5170	6129	-4292	-6111	-108	357	625	-10	16	20	-1	634	290	-299	99
6012	5130	6362	-4261	-6357	-90	362	581	-9	21	22	-4	683	328	-268	99
6033	5147	6515	-4295	-6518	-64	360	568	-8	25	22	-7	710	341	-268	99
6051	5254	6797	-4385	-6800	-47	354	550	-7	28	22	-10	741	346	-292	99
6069	5304	6946	-4381	-6944	-36	344	530	-5	30	22	-12	768	359	-292	99
6099	5440	7236	-4442	-7213	-10	333	481	-1	35	21	-16	851	393	-309	99
6117	5583	7541	-4558	-7558	9	329	479	0	38	20	-20	872	419	-282	99
6135	5489	7628	-4438	-7613	17	323	444	2	41	20	-21	902	426	-300	99
6159	5801	7849	-4663	-7831	37	314	443	5	44	17	-26	962	438	-331	99
6177	5832	8153	-4653	-8150	52	305	420	8	46	16	-28	1014	472	-320	99
6195	6048	8426	-4807	-8437	67	298	416	11	49	14	-32	1047	472	-342	99
6231	6191	8739	-4882	-8738	110	288	413	17	55	9	-39	1135	496	-375	99
6252	6274	8759	-4974	-8754	133	281	402	21	58	6	-44	1160	512	-373	99
6276	6555	9051	-5147	-9047	162	281	406	25	63	3	-50	1226	511	-419	99
6303	6975	9167	-5476	-9167	192	277	417	30	68	-1	-57	1296	498	-483	99
6327	7116	9385	-5567	-9371	221	275	409	35	74	-4	-64	1350	524	-485	99
6339	7105	9353	-5560	-9333	234	280	417	37	77	-6	-68	1350	524	-485	99
6357	7018	9642	-5451	-9621	262	282	401	41	82	-8	-73	1399	568	-466	99
6396	7288	10003	-5646	-10000	643	347	560	50	94	-13	-85	1447	607	-457	99
6423	7596	10135	-5897	-10128	365	302	388	56	104	-17	-97	1545	605	-525	99
6447	7689	10179	-6009	-10170	404	313	392	63	112	-21	-107	1606	614	-557	99
6465	7685	10169	-6009	-10163	441	332	402	67	119	-24	-116	1606	614	-557	99
6501	7874	10488	-6112	-10467	506	357	418	77	134	-30	-133	1690	645	-586	99
6525	8004	10687	-6193	-10662	549	381	427	83	146	-33	-146	1746	670	-601	99
6555	8391	10755	-6525	-10755	610	406	425	92	161	-38	-164	1816	654	-665	99
6573	8299	10615	-6471	-10544	656	428	417	98	172	-41	-175	1841	673	-669	99
6597	8532	10757	-6660	-10757	719	460	430	106	187	-45	-191	1922	713	-701	99
6633	8837	10758	-6935	-10758	798	507	404	120	211	-50	-216	1993	695	-771	99
6657	8972	10759	-7039	-10759	866	542	397	130	228	-54	-235	2053	705	-817	99
6675	9012	10759	-7077	-10759	915	572	420	136	241	-58	-251	2071	743	-809	99
6693	9154	10760	-7209	-10760	960	603	410	144	255	-60	-265	2118	700	-876	99
6717	9279	10760	-7338	-10760	1026	638	406	155	273	-65	-285	2180	704	-931	99
6747	9987	10760	-7926	-10760	1117	694	396	170	297	-71	-311	2287	663	-1062	99
6765	9865	10760	-7800	-10760	1166	724	404	178	311	-75	-327	2309	695	-1063	99
6795	9979	10760	-7907	-10760	1260	772	360	195	337	-81	-353	2365	713	-1119	99
6825	9899	10760	-7820	-10760	1358	819	325	212	362	-88	-379	2395	722	-1178	99
6861	9661	10759	-7614	-10759	1472	881	255	234	393	-95	-410	2382	763	-1202	99
6885	9668	10759	-7585	-10759	1551	930	206	249	414	-100	-430	2381	763	-1265	99
6915	9513	10759	-7395	-10759	1624	968	135	266	438	-106	-453	2362	819	-1283	99
6933	9410	10758	-7297	-10758	1658	994	85	276	452	-108	-466	2362	821	-1317	99
6975	8884	10757	-6648	-10757	1761	1072	35	297	486	-115	-499	2306	970	-1339	99
6999	8809	10757	-6579	-10757	1796	1106	-31	308	504	-117	-516	2303	974	-1373	99
7017	8054	10756	-5872	-10669	1822	1128	-85	317	517	-118	-527	2198	1061	-1360	99
7038	8282	10756	-5948	-10756	1870	1173	-98	324	532	-120	-541	2206	1045	-1416	99
7053	7787	10755	-5502	-10755	1898	1210	-106	330	545	-121	-554	2162	1131	-1415	99
7071	7850	10755	-5567	-10755	1916	1230	-184	337	558	-120	-563	2162	1131	-1415	99
7101	7540	10754	-5203	-10735	1955	1280	-242	347	579	-121	-582	2079	1160	-1492	99
7125	7617	10754	-5157	-10754	1986	1331	-232	352	594	-121	-598	2081	1156	-1576	99
7149	7667	10753	-5132	-10753	1991	1356	-232	356	607	-122	-611	2073	1170	-1609	99
7167	7153	10753	-4641	-10491	2018	1400	-244	360	620	-121	-622	1993	1188	-1649	99
7194	7353	10752	-4817	-9916	2037	1444	-231	363	634	-121	-637	1946	1149	-1703	99
7218	7476	10752	-4822	-9960	2044	1477	-217	364	647	-121	-649	1947	1147	-1784	99
7236	7525	10752	-4843	-9961	2053	1509	-196	364	656	-120	-658	1947	1147	-1786	99
7266	7587	10752	-4887	-9992	2064	1559	-163	362	671	-118	-672	1947	1147	-1786	99
7296	7646	10752	-4920	-10037	2073	1604	-138	360	684	-115	-685	1947	1147	-1786	99
7344	6146	10751	-3312	-10227	2078	1669	-121	356	706	-111	-702	1740	1436	-1795	99
7380	5783	10663	-3034	-9294	2068	1732	-139	353	722	-104	-712	1639	1369	-1866	99
7398	5411	9017	2968	-7541	2040	1720	-188	351	727	-101	-714	1512	1421	-1829	99
7416	5132	10233	3333	-8817	2078	1821	-211	349	741	-95	-721	1453	1396	-1843	99
7452	4004	9141	4165	-7658	2055	1861	-321	345	756	-84	-725	1180	1405	-1760	99
7476	4117	8761	4018	-7255	2029	1901	-314	337	764	-76	-729	1145	1356	-1804	99
7500	3545	7903	4360	-6421	1999	1933	-342	330	771	-67	-731	969	1341	-1741	99
7518	3080	7523	4718	-6017	1973	1957	-407	325	777	-59	-731	839	1285	-1726	99
7545	3119	7018	4546	-5595	1926	1997	-484	315	785	-45	-730	753	1268	-1676	99
7593	-3322	5715	4793	-4389	1812	2054	-649	295	794	-16	-723	473	1140	-1545	99
7629	-3536	4429	4679	-3228	1708	2105	-753	276	799	8	-715	280	1015	-1413	99
7671	-3742	3252	4474	3511	1567	2157	-869	249	800	39	-702	82	869	-1187	99
7689	-3426	3002	4119	3647	1496	2177	-986	238	800	55	-693	51	811	-1168	99
7743	-3018	-3693	3237	3940	1260	2248	-1149	195	792	103	-661	-89	565	-903	99
7764	2939	-4210	-2998	4293	1151	2251	-1243	177	784	122	-643	-128	433	-760	99
7782	2967	-4200	-3108	4164	1062	2239	-1320	163	775	137	-627	-145	363	-644	99
7806	3500	-4497	-3774	4204	927	2224	-1429	144	761	157	-603	-136	235	-475	99
7860	4777	-4265	-5073	3544	628	2112	-1605	106	718	188	-544	-23	19	-182	99
7887	4687	-3995	-5019	3150	502	2024	-1686	90	693	198	-513	47	-37	0	99
7941	4972	-3261	-5195	-3391	267	1835	-1705	61	637	207	-454	153	-94	0	99
7965	5099	-3128	-5275	-3467	178	1727	-1720	50	611	208	-429	178	-110	0	99
7989	5211	-2956	-5444	-3693	101	1624	-1714	41	585	208	-405	234	-134	138	99
8007	5259	2919	-5510	-3783	55	1542	-1705	35	566	206	-388	265	-141	190	99
8028	5565	3124	-5738	-3957	0	1461	-1642	27	543	203	-371	318	-169	185	99
8058	5858	3357	-5958	-4166	-50	1335	-1539	19	511	196	-348	395	-216	159	99
8085	5887	3406	-5961	-4192	-90	1220	-1432	12	482	188	-330	421	-231	151	99
8103	6071	3419	-6007	-4085	-108	1148	-1353	8	464	181	-319	441	-257	0	99
8121	6268	3548	-6182	-4250	-124	1077	-1279	5	446	175	-308	489	-293	0	99
8133	6442	3437	-6355	-4144	-131	1029	-1237	4	435	170	-301	511	-315	0	99
8157	6453	3603	-6360	-4331	-141	946	-1157	2	413	161	-287	538	-328	0	99
8175	6792	3647	-6682	-4395	-143	877	-1108	1	398	154	-278	587	-363	0	99
8199	7024	3745	-6909	-4530	-149	793	-1024	1	378	144	-266	639	-395	0	99
8229	7326	3783	-7212	-4601	-148	695	-960	2	355	133	-251	688	-430	0	99
8247	7347	3922	-7222	-4765	-149	643	-917	3	342	126	-243	747	-449	0	99
8271	7659	3909	-7530	-4790	-133	565	-867	5	326	116	-233	764	-478	0	99
8301	7762	3895	-7634	-4797	-124	489	-796	8	307	104	-223	790	-493	0	99
8319	8024	4137	-7858	-5074	-114	443	-776	11	297	97	-216	852	-506	0	99
8337	8288	4121	-8120	-5095	-105	401	-736	13	287	90	-210	905	-535	0	99
8373	8410	4207	-8245	-5214	-86	315	-676	19	268	75	-200	955	-569	0	99
8403	8686	4237	-8518	-5288	-66	252	-614	25	253	63	-192	1005	-602	0	99
8421	8979	4341	-8792	-5451	-52	218	-577	29	245	55	-188	1061	-628	0	99
8445	9168	4347	-9123	-5626	-27	170	-564	35	236	45	-183	1106	-669	150	99
8466	9530	4377	-9361	-5587	-10	130	-534	41	228	36	-179	1153	-707	0	99
8514	9592	4515	-9531	-5870	43	35	-504	56	211	15	-170	1213	-724	142	99
8568	9952	4533	-9913	-5990	118	-58	-449	77	195	-12	-164	1308	-799	145	99
8586	10180	4746	-10152	-6283	142	-90	-446	85	190	-21	-162	1379	-798	198	99
8643	10348	4925	-10373	-6571	231	-197	-431	112	177	-52	-157	1494	-839	252	99
8673	10591	5124	-10586	-6828	287	-252	-443	129	172	-70	-156	1555	-852	284	99
8697	10496	5198	-10525	-6952	344	-304	-453	144	168	-86	-156	1611	-876	319	99
8715	10645	5372	-10674	-7169	388	-342	-463	157	165	-99	-156	1651	-864	358	99
8745	10644	5360	-10701	-7144	447	-396	-431	178	160	-123	-158	1685	-928	341	99
8775	10745	4984	-10745	-6772	512	-457	-396	201	155	-149	-160	1721	-1047	294	99
8805	10745	4785	-10745	-6614	583	-516	-308	224	148	-176	-165	1738	-1132	265	99
8832	10744	4882	-10744	-6802	646	-573	-294	246	144	-199	-168	1796	-1153	312	99
8862	10744	5525	-10744	-7567	704	-627	-296	271	140	-224	-171	1926	-1112	434	99
8904	10743	5176	-10743	-7174	812	-723	-318	308	137	-259	-176	1944	-1200	413	99
8925	10743	5363	-10743	-7421	862	-769	-280	325	135	-278	-180	1983	-1193	451	99
8949	10742	5734	-10742	-7869	926	-825	-309	347	134	-299	-184	2071	-1161	557	99
8976	10742	5542	-10742	-7800	994	-873	-268	369	132	-323	-190	2127	-1244	592	99
9006	10741	5507	-10741	-7805	1073	-934	-213	393	130	-351	-197	2171	-1289	636	99
9033	10740	5238	-10740	-7538	1136	-983	-207	415	129	-374	-202	2142	-1336	650	99
9057	10740	4992	-10740	-7274	1192	-1029	-157	434	128	-395	-208	2134	-1349	702	99
9105	10739	4921	-10739	-7332	1305	-1132	-116	472	126	-438	-218	2119	-1373	777	99
9135	10738	4578	-10738	-6849	1386	-1204	-75	496	124	-465	-225	2035	-1391	802	99
9153	10738	4351	-10738	-6662	1422	-1233	-25	508	122	-480	-230	2008	-1431	802	99
9171	10737	4072	-10737	-6394	1463	-1275	-1	521	121	-495	-233	1967	-1485	830	99
9201	10736	3811	-10736	-6055	1514	-1337	72	541	117	-521	-239	1882	-1497	865	99
9231	10736	3652	-10736	-5984	1561	-1413	87	562	113	-544	-242	1862	-1523	929	99
9249	10735	3337	-10735	-5750	1585	-1441	105	574	111	-557	-244	1834	-1555	981	99
9288	10734	2977	-10734	-5450	1628	-1513	166	597	104	-586	-247	1769	-1629	1045	99
9312	10734	-3136	-10734	-5164	1651	-1564	187	611	99	-603	-248	1733	-1667	1056	99
9354	10733	-3358	-10733	-5080	1694	-1646	219	635	92	-630	-248	1720	-1681	1192	99
9381	10747	-3959	-10733	-4490	1714	-1690	230	649	87	-647	-247	1616	-1781	1238	99
9417	10736	-3929	-10736	-4593	1723	-1731	270	665	80	-666	-245	1631	-1767	1364	99
9453	10194	-4424	-10735	-3939	1759	-1824	314	679	70	-689	-243	1444	-1770	1409	99
9477	10225	-5192	-10734	-3073	1743	-1848	412	683	62	-701	-241	1318	-1867	1378	99
9525	9015	-5265	-10355	2975	1720	-1936	588	691	42	-727	-235	1153	-1832	1383	99
9561	7549	-7110	-9075	5301	1671	-1979	808	693	23	-745	-230	682	-1991	1140	99
9585	7435	-7809	-8980	6095	1631	-2027	996	692	5	-758	-225	542	-2033	1065	99
9603	7471	-7730	-9028	6019	1595	-2045	1106	691	-6	-765	-220	542	-2033	1066	99
9633	7609	-7521	-9155	5824	1534	-2073	1275	688	-28	-774	-209	542	-2033	1063	99
9651	7774	-7345	-9296	5626	1496	-2089	1371	686	-41	-778	-202	542	-2033	1064	99
9687	7982	-7130	-9451	5391	1418	-2118	1549	678	-71	-784	-184	542	-2033	1063	99
9720	-3052	-10641	-4543	10061	1331	-2157	1660	669	-99	-785	-162	-620	-1931	677	99
9738	-3028	-10636	-4424	10148	1261	-2174	1705	662	-115	-784	-148	-730	-1891	629	99
9762	-4254	-9961	2906	9848	1135	-2258	1780	650	-143	-783	-126	-911	-1675	507	99
9780	-4588	-9749	3321	9764	1044	-2275	1830	638	-162	-778	-109	-970	-1571	472	99
9816	-6028	-8746	4939	9190	839	-2297	1946	609	-201	-762	-73	-1176	-1262	300	99
9846	-6504	-8079	5581	8755	653	-2306	2017	582	-234	-743	-40	-1243	-1015	188	99
9867	-7185	-6348	6659	7355	522	-2286	2055	560	-256	-725	-18	-1250	-683	0	99
9894	-6984	-5780	6557	6785	336	-2286	2033	533	-284	-700	14	-1187	-537	0	99
9924	-6845	-5479	6504	6462	143	-2236	2004	501	-311	-668	49	-1154	-460	0	99
9954	-6666	-4269	6488	5116	-49	-2203	1944	469	-337	-635	85	-1067	-344	0	99
9993	-6411	3292	6380	3175	-285	-2159	1838	428	-367	-591	129	-919	-188	141	99
10011	-6199	-2976	6133	3631	-400	-2149	1790	409	-381	-572	149	-868	-124	138	99
10035	-5816	3396	5857	2921	-523	-2095	1738	383	-396	-543	174	-754	-19	148	99
10059	-5323	4312	5545	-4029	-636	-2044	1657	358	-407	-516	197	-555	119	180	99
10083	-4744	4827	5099	-4601	-734	-1982	1604	333	-415	-489	217	-399	189	181	99
10107	-4409	5275	4804	-5164	-821	-1919	1507	311	-419	-462	234	-326	192	232	99
10131	-4187	5069	4543	-5022	-890	-1871	1377	290	-419	-435	248	-251	190	295	99
10149	-3669	4983	4053	-5011	-932	-1813	1334	274	-417	-416	255	-184	174	312	99
10179	-6549	6267	7174	-5710	-986	-1724	1254	249	-412	-387	264	-417	735	410	99
10197	-6409	6247	7025	-5735	-1022	-1681	1225	234	-409	-370	267	-350	765	448	99
10221	-6248	6246	6796	-5862	-1033	-1604	1149	217	-400	-348	269	-274	791	539	99
10245	-6061	6500	6637	-6180	-1043	-1532	1104	200	-391	-329	270	-223	804	570	99
10269	-5454	6769	6107	-6508	-1044	-1446	1097	184	-381	-310	267	-102	826	587	99
10287	-5471	6709	6099	-6465	-1037	-1377	1090	172	-373	-297	265	-80	828	601	99
10308	-5325	6768	5947	-6549	-1021	-1301	1088	160	-363	-282	260	-38	831	606	99
10332	-5316	6554	5883	-6332	-994	-1208	1095	146	-350	-266	254	-27	831	613	99
10362	-5196	6611	5754	-6404	-964	-1094	1097	130	-334	-247	245	9	831	600	99
10398	-5093	6456	5583	-6287	-912	-952	1100	115	-313	-226	232	33	831	600	99
10422	-4967	6690	5508	-6522	-875	-863	1122	105	-299	-213	222	77	828	546	99
10440	-5001	6633	5530	-6450	-851	-809	1127	98	-290	-205	216	74	828	505	99
10461	-5004	6555	5494	-6376	-817	-750	1114	92	-278	-195	208	91	827	505	99
10479	-4840	6408	5335	-6218	-783	-684	1117	87	-267	-187	200	100	826	486	99
10503	-4733	6474	5222	-6297	-741	-606	1117	80	-253	-176	190	124	822	456	99
10539	-4858	6456	5318	-6251	-681	-507	1091	72	-232	-161	175	131	822	435	99
10593	-4734	6384	5205	-6169	-585	-354	1065	62	-200	-140	152	148	819	393	99
10611	-4739	6359	5198	-6151	-558	-316	1041	59	-190	-134	145	146	819	400	99
10647	-4663	6296	5154	-6043	-501	-234	1017	54	-170	-122	130	157	817	355	99
10683	-4451	6272	4998	-6018	-451	-159	983	49	-151	-110	117	177	814	301	99
10707	-4430	6418	5011	-6167	-421	-116	966	45	-139	-103	108	199	809	260	99
10725	-4340	6393	4925	-6181	-399	-88	962	43	-131	-98	101	202	808	266	99
10755	-4386	6389	4969	-6142	-370	-43	908	39	-116	-90	91	207	807	248	99
10797	-4220	6539	4846	-6281	-324	16	864	35	-98	-79	78	235	800	203	99
10815	-4200	6447	4829	-6156	-305	36	850	33	-91	-75	73	238	799	183	99
10830	-4246	6495	4865	-6210	-288	53	836	32	-85	-71	68	231	800	193	99
10866	-4215	6456	4847	-6124	-262	91	798	28	-72	-63	59	240	798	170	99
10920	-4070	6587	4842	-6134	-215	138	765	24	-55	-53	45	260	791	0	99
10944	-3950	6571	4723	-6133	-193	159	736	22	-47	-48	40	261	791	0	99
10968	-4007	6582	4769	-6154	-177	176	712	21	-41	-44	35	266	790	0	99
10986	-3925	6593	4695	-6180	-162	189	704	20	-36	-41	30	273	788	0	99
11004	-4076	6671	4835	-6258	-152	199	684	19	-31	-38	27	263	791	0	99
11028	-3875	6465	4635	-6050	-136	201	629	18	-24	-34	23	273	787	0	99
11061	-4062	6414	4797	-5996	-115	215	598	17	-16	-29	17	265	791	0	99
11076	-3876	6595	4631	-6222	-105	226	598	16	-12	-28	14	278	786	0	99
11097	-3996	6521	4732	-6139	-93	237	567	15	-7	-24	10	258	793	0	99
11133	-4213	6326	4925	-5903	-72	251	517	14	1	-19	5	238	799	0	99
11157	-4262	6316	4966	-5894	-59	257	517	12	6	-17	0	220	803	0	99
11175	-4249	6354	4960	-5924	-45	266	493	12	10	-14	-2	216	805	0	99
11190	-4529	6264	5218	-5801	-39	272	478	11	14	-12	-4	183	812	0	99
11214	-4457	6285	5151	-5818	-25	280	470	10	19	-10	-8	178	814	0	99
11232	4266	5668	-3702	-5763	-14	288	447	10	23	-8	-11	521	364	0	99
11256	4270	6033	-3651	-6127	2	295	422	10	28	-5	-15	569	400	0	99
11271	4465	6331	-3800	-6438	6	296	419	9	30	-4	-17	597	412	0	99
11295	4620	6592	-3904	-6716	20	301	423	8	34	-3	-21	653	436	0	99
11331	4524	6919	-3752	-7001	56	307	367	11	42	-1	-27	724	492	0	99
11349	4638	7307	-3807	-7417	69	305	358	12	45	-1	-30	748	510	0	99
11385	4677	7391	-3799	-7471	81	293	335	13	50	-1	-34	802	537	0	99
11415	4978	7943	-4003	-8036	100	295	334	15	54	-2	-39	883	581	0	99
11433	5003	8100	-3999	-8199	110	298	346	16	56	-3	-42	915	586	0	99
11451	4972	8120	-3965	-8203	127	296	358	17	59	-5	-46	942	599	0	99
11478	5154	8428	-4080	-8536	151	290	353	20	63	-7	-51	995	627	0	99
11508	5303	8831	-4171	-8968	177	283	361	23	68	-10	-58	1057	641	0	99
11526	5596	8984	-4297	-8991	194	285	362	26	71	-12	-62	1115	662	-141	99
11550	5661	9135	-4323	-9139	223	284	393	28	75	-15	-69	1150	661	-171	99
11574	5867	9398	-4459	-9389	251	285	394	32	80	-18	-75	1205	685	-192	99
11592	6012	9626	-4549	-9637	268	284	398	34	84	-20	-80	1235	694	-203	99
11622	6232	9640	-4709	-9603	309	297	426	38	92	-24	-90	1300	701	-248	99
11658	6652	10213	-5021	-10173	356	305	452	44	102	-29	-103	1432	709	-336	99
11676	6817	10182	-5182	-10152	380	306	451	47	107	-31	-110	1457	725	-338	99
11718	7241	10345	-5563	-10302	443	333	480	56	121	-37	-128	1571	695	-448	99
11736	7339	10327	-5656	-10264	480	347	497	61	128	-40	-137	1607	686	-483	99
11760	7817	10516	-6056	-10491	527	368	529	67	138	-44	-150	1680	666	-552	99
11799	8533	10616	-6690	-10575	607	402	538	79	157	-51	-171	1797	612	-680	99
11826	8657	10753	-6764	-10713	657	430	537	88	171	-55	-187	1858	620	-716	99
11844	8899	10669	-6983	-10516	694	446	554	94	180	-59	-199	1906	567	-791	99
11862	9078	10741	-7095	-10741	746	472	556	101	190	-62	-211	1961	593	-816	99
11880	9182	10742	-7167	-10742	783	485	562	107	199	-65	-222	1990	600	-830	99
11904	9839	10743	-7734	-10743	832	504	571	117	211	-70	-238	2078	504	-968	99
11940	10466	10668	-8370	-10437	919	541	644	130	231	-79	-266	2163	395	-1111	99
11970	10748	10434	-8695	-10228	1010	572	669	145	250	-88	-291	2235	324	-1221	99
12006	10744	10776	-9056	-10647	1106	599	633	165	273	-98	-318	2329	303	-1312	99
12042	10595	10744	-8728	-10744	1211	623	469	194	301	-106	-343	2400	437	-1282	99
12066	10235	10744	-8362	-10744	1273	644	348	213	320	-111	-360	2437	557	-1249	99
12090	9416	10743	-7634	-10743	1340	666	219	234	340	-116	-377	2391	725	-1166	99
12144	8224	10742	-6493	-10742	1472	738	-117	279	387	-123	-414	2290	1001	-1057	99
12162	7857	10741	-6086	-10741	1521	783	-163	291	402	-125	-429	2261	1064	-1035	99
12180	7964	10740	-6158	-10740	1560	808	-240	303	417	-126	-442	2261	1064	-1035	99
12204	6669	10739	-4827	-10739	1600	857	-350	316	437	-125	-458	2107	1345	-891	99
12234	5818	10739	-3887	-10739	1661	944	-489	329	465	-121	-479	1979	1526	-793	99
12255	5444	10738	-3466	-10738	1675	997	-531	335	481	-117	-493	1924	1595	-765	99
12279	4838	10738	2935	-10738	1689	1056	-605	340	500	-113	-508	1840	1691	-704	99
12315	3900	10737	3870	-10737	1712	1165	-591	341	526	-106	-533	1699	1834	-670	99
12336	3798	10737	3927	-10737	1732	1244	-547	340	540	-102	-547	1618	1825	-714	99
12360	3632	10736	4150	-10736	1740	1316	-564	339	557	-94	-561	1592	1848	-727	99
12384	3578	10736	4269	-10736	1746	1394	-538	336	573	-87	-576	1560	1876	-793	99
12408	3380	10736	4469	-10736	1748	1456	-535	332	587	-80	-589	1507	1918	-785	99
12432	3296	10735	4625	-10711	1757	1537	-507	327	603	-71	-603	1444	1891	-857	99
12480	-3323	10734	5458	-9718	1738	1632	-495	313	629	-53	-626	1236	1962	-893	99
12510	-3766	10734	5919	-9637	1722	1711	-483	303	647	-40	-640	1139	2020	-912	99
12528	-4179	10733	6344	-9534	1705	1742	-501	296	656	-32	-646	1071	2058	-901	99
12555	-4055	10733	6225	-9611	1680	1783	-528	286	670	-19	-655	1071	2058	-897	99
12579	-3954	10733	6135	-9679	1657	1817	-555	276	681	-7	-662	1071	2058	-899	99
12597	-3927	10733	6113	-9704	1638	1841	-577	267	689	1	-666	1071	2058	-898	99
12621	-3793	10733	5993	-9798	1613	1870	-609	256	700	13	-671	1071	2058	-899	99
12657	-6303	10029	8355	-8307	1571	1913	-659	237	714	33	-676	552	2253	-900	99
12675	-6141	8448	8029	-6701	1561	2025	-640	226	725	47	-681	465	2211	-901	99
12705	-6772	8499	8546	-6753	1505	2092	-659	207	737	66	-684	316	2116	-908	99
12726	-7192	7639	8813	-5850	1457	2117	-680	194	742	79	-684	135	2015	-941	99
12750	-7201	6528	8621	-4769	1411	2173	-677	177	748	95	-685	-5	1899	-940	99
12777	-7361	6156	8654	-4441	1344	2215	-690	158	753	113	-683	-85	1837	-915	99
12819	-7311	4915	8315	-3348	1235	2293	-693	126	757	144	-677	-273	1635	-884	99
12837	-7087	4461	8020	-2939	1178	2305	-755	113	757	158	-671	-317	1565	-886	99
12858	-7116	3701	7861	3516	1110	2322	-787	98	756	174	-664	-417	1417	-855	99
12882	-6681	2950	7302	4114	1030	2353	-780	77	753	191	-656	-463	1275	-878	99
12900	-6592	-3109	7095	4138	968	2362	-834	63	751	205	-646	-507	1193	-845	99
12924	-6447	-3711	6740	4528	882	2356	-916	45	746	223	-631	-564	1031	-798	99
12960	-5763	-5121	5552	5519	719	2378	-1085	17	737	254	-603	-669	736	-582	99
12984	-5351	-5132	5014	5441	610	2359	-1274	1	728	275	-579	-688	631	-483	99
13032	-3357	-5925	-3158	5699	374	2293	-1478	-35	697	313	-530	-634	278	-194	99
13059	-3478	-5547	-3012	5289	195	2279	-1595	-58	676	337	-498	-595	210	-148	99
13089	3076	-5363	-3596	4911	36	2213	-1589	-84	646	352	-466	-497	113	0	99
13110	-3106	-5829	-3115	5452	-89	2187	-1599	-101	626	363	-442	-587	16	0	99
13140	3183	-5276	-3342	4981	-216	2097	-1467	-124	593	366	-413	-464	-30	-172	99
13188	3938	-4588	-3938	4173	-401	1950	-1322	-149	540	362	-365	-269	-87	-150	99
13215	4024	-3851	-3979	3386	-481	1868	-1233	-158	511	355	-340	-143	-75	-143	99
13233	4089	-3467	-4006	3000	-520	1786	-1226	-160	492	349	-322	-85	-53	-134	99
13275	3986	3263	-3899	-3731	-613	1634	-1185	-162	450	334	-284	35	47	0	99
13299	4244	-4980	-4630	4392	-644	1537	-1138	-162	426	323	-265	-197	-346	0	99
13323	4379	-5927	-5053	5306	-681	1452	-1101	-161	404	314	-248	-254	-540	0	99
13353	4893	-6712	-5591	6223	-711	1345	-1066	-158	377	302	-227	-291	-742	-184	99
13377	4773	-6594	-5348	6194	-724	1272	-947	-158	354	290	-215	-254	-752	-243	99
13401	4777	-6598	-5288	6197	-709	1176	-871	-155	333	276	-203	-254	-752	-243	99
13419	4945	-6648	-5275	6333	-707	1130	-730	-155	317	265	-196	-264	-748	-327	99
13458	5194	-6118	-5449	5635	-702	1003	-700	-148	289	246	-174	-151	-778	-262	99
13476	5313	-6158	-5549	5704	-698	934	-673	-144	276	236	-165	-141	-780	-292	99
13494	5480	-6018	-5781	5457	-694	867	-674	-140	264	226	-155	-75	-789	-212	99
13518	5491	-5732	-5797	5138	-680	781	-685	-133	249	214	-143	-49	-790	-192	99
13542	5624	-5631	-6085	4839	-665	699	-681	-127	235	202	-131	11	-792	0	99
13572	5679	-5466	-6149	4692	-644	595	-703	-118	218	187	-117	48	-790	0	99
13590	5654	-5556	-6129	4817	-626	543	-676	-113	207	178	-111	44	-791	0	99
13656	5791	-5111	-6256	4349	-569	359	-632	-96	173	147	-88	119	-783	0	99
13680	5728	-5292	-6218	4578	-545	303	-586	-90	160	136	-82	103	-785	0	99
13698	5816	-4971	-6282	4215	-530	253	-636	-84	154	130	-75	140	-779	0	99
13722	5905	-4958	-6349	4209	-506	202	-634	-77	144	121	-68	149	-778	0	99
13740	5888	-4940	-6326	4222	-493	164	-610	-73	136	114	-64	160	-775	0	99
13761	5927	-4871	-6373	4135	-469	126	-579	-68	127	105	-60	176	-772	0	99
13785	5901	-4771	-6334	4043	-450	79	-603	-61	119	97	-53	185	-770	0	99
13803	5869	-4965	-6329	4256	-431	53	-565	-57	112	90	-51	175	-772	0	99
13827	5994	-4749	-6427	4016	-404	25	-534	-51	105	82	-47	204	-765	0	99
13857	6031	-4865	-6479	4135	-380	-30	-515	-44	95	72	-42	210	-764	0	99
13893	5925	-4813	-6362	4109	-350	-77	-480	-36	84	60	-36	215	-762	0	99
13917	5891	-4768	-6447	3917	-325	-101	-466	-31	78	53	-33	227	-759	155	99
13941	5846	-4723	-6432	3848	-308	-125	-440	-26	71	46	-30	245	-753	187	99
13959	5846	-4673	-6414	3826	-287	-146	-451	-21	68	41	-28	242	-754	182	99
13989	5901	-4623	-6489	3719	-259	-179	-437	-14	61	33	-25	264	-747	225	99
14013	5920	-4687	-6503	3808	-237	-193	-406	-10	56	26	-23	257	-749	221	99
14061	5942	-4297	-6502	3375	-207	-225	-349	-2	46	14	-19	287	-737	254	99
14085	5932	-4579	-6557	3635	-198	-254	-345	2	41	9	-17	289	-736	290	99
14115	5440	4107	-5478	-4791	-170	-265	-317	7	36	2	-16	522	-258	243	99
14145	5893	4253	-5925	-5031	-152	-282	-297	12	32	-4	-14	606	-292	268	99
14187	6388	4311	-6434	-5216	-125	-303	-263	19	26	-12	-12	690	-324	294	99
14217	6524	4356	-6565	-5293	-100	-310	-239	24	23	-18	-12	716	-339	288	99
14247	7008	4521	-7065	-5541	-84	-325	-251	29	21	-23	-11	804	-363	330	99
14271	6991	4688	-7070	-5760	-63	-327	-274	35	20	-27	-10	839	-359	373	99
14301	7510	4728	-7552	-5853	-33	-320	-254	40	20	-32	-12	920	-400	369	99
14331	7882	4805	-7890	-5976	-11	-323	-228	45	19	-37	-13	971	-433	353	99
14367	8209	4974	-8217	-6241	21	-316	-194	51	19	-44	-17	1061	-452	396	99
14391	8499	4939	-8506	-6248	49	-316	-187	56	20	-48	-19	1109	-492	373	99
14415	8712	5082	-8704	-6430	70	-314	-174	61	20	-53	-21	1139	-498	388	99
14451	9164	4979	-9126	-6359	107	-312	-148	68	22	-61	-26	1204	-576	332	99
14475	9099	5143	-9085	-6588	136	-312	-117	74	23	-67	-30	1247	-553	393	99
14499	9452	5201	-9424	-6680	161	-309	-102	79	25	-72	-33	1299	-584	391	99
14535	9753	5248	-9713	-6772	211	-319	-73	89	27	-83	-39	1375	-634	390	99
14601	10268	5565	-10240	-7189	309	-339	-40	111	33	-104	-52	1517	-685	436	99
14619	10331	5646	-10311	-7290	336	-353	-41	118	35	-111	-56	1546	-696	450	99
14643	10430	5765	-10428	-7464	374	-374	-34	129	36	-121	-61	1607	-707	482	99
14673	10341	5873	-10357	-7586	435	-399	-92	146	42	-133	-67	1649	-683	532	99
14703	10669	6003	-10698	-7797	498	-440	-104	163	45	-149	-75	1724	-737	547	99
14727	10724	5989	-10724	-7809	550	-462	-92	176	47	-162	-81	1775	-772	556	99
14757	10725	6079	-10725	-7939	617	-505	-56	195	49	-182	-91	1847	-832	579	99
14787	10726	6100	-10726	-7959	695	-549	-45	216	53	-203	-100	1892	-876	586	99
14823	10725	5974	-10725	-7801	784	-614	-11	243	55	-231	-112	1928	-941	582	99
14841	10725	6163	-10725	-8023	831	-648	6	258	56	-246	-119	1965	-935	623	99
14865	10725	6258	-10725	-8175	892	-698	-4	279	59	-266	-127	2020	-959	667	99
14895	10724	5943	-10724	-7867	983	-770	91	303	59	-295	-140	2057	-1085	649	99
14913	10724	5750	-10724	-7748	1051	-834	51	321	61	-312	-146	2066	-1133	646	99
14931	10723	5725	-10723	-7742	1091	-867	79	336	62	-328	-153	2081	-1167	655	99
14955	10722	5739	-10722	-7816	1161	-930	84	358	63	-350	-161	2130	-1201	699	99
14973	10722	5177	-10722	-7320	1208	-975	129	373	63	-367	-168	2116	-1343	661	99
14991	10721	5149	-10721	-7282	1234	-998	158	387	63	-382	-174	2105	-1361	671	99
15015	10721	5263	-10721	-7411	1310	-1082	124	410	64	-404	-181	2118	-1339	725	99
15051	10720	5027	-10720	-7238	1392	-1169	148	440	64	-436	-191	2088	-1387	751	99
15111	10718	4277	-10718	-6626	1470	-1254	171	486	65	-482	-203	1995	-1517	841	99
15135	10717	3904	-10717	-6263	1508	-1313	178	504	63	-502	-207	1966	-1555	847	99
15171	10716	3507	-10716	-5949	1568	-1394	190	531	61	-532	-212	1906	-1626	899	99
15189	10716	3526	-10716	-5977	1596	-1441	172	545	60	-546	-213	1906	-1626	899	99
15207	10716	3203	-10716	-5717	1618	-1476	170	557	58	-558	-215	1882	-1656	957	99
15225	10716	3100	-10716	-5632	1636	-1509	190	569	56	-572	-216	1851	-1689	962	99
15255	10715	-3105	-10715	-5281	1665	-1570	201	588	53	-593	-218	1807	-1738	1006	99
15303	10714	-3478	-10714	-5096	1705	-1644	184	617	49	-623	-218	1757	-1786	1142	99
15327	10425	-3393	-10713	-5100	1722	-1692	175	632	45	-639	-218	1706	-1753	1228	99
15363	10713	-3723	-10713	-4875	1738	-1748	187	651	39	-660	-217	1660	-1796	1331	99
15411	10476	-3941	-10712	-4608	1757	-1825	149	677	31	-686	-212	1584	-1785	1443	99
15429	10342	-4710	-10712	-3743	1755	-1839	260	682	24	-698	-213	1460	-1887	1359	99
15450	10381	-4520	-10711	-4012	1749	-1857	329	689	18	-709	-212	1484	-1869	1439	99
15468	9245	-4212	-10711	-4241	1753	-1914	291	699	13	-719	-209	1408	-1775	1523	99
15507	9316	-5273	-10710	-3047	1738	-1966	346	712	1	-738	-204	1206	-1847	1490	99
15534	8296	-5501	-9958	3166	1731	-2001	465	718	-9	-752	-201	1103	-1840	1467	99
15564	7459	-5139	-9014	3021	1747	-2067	580	726	-22	-769	-198	1010	-1686	1469	99
15588	6967	-4861	-8417	-2925	1757	-2115	673	730	-34	-782	-195	949	-1582	1469	99
15606	6729	-4712	-8154	-3005	1762	-2149	743	732	-43	-790	-192	918	-1531	1468	99
15636	6266	-4425	-7621	-3122	1766	-2200	856	734	-58	-802	-185	855	-1428	1468	99
15666	3789	-7211	-5480	6052	1733	-2234	961	733	-75	-809	-176	100	-1533	1264	99
15687	3181	-7127	-4756	6213	439	-2322	1034	728	-87	-810	-169	12	-1477	1216	99
15708	-3201	-7005	-4078	6276	1587	-2277	1137	721	-105	-811	-158	-144	-1349	1115	99
15726	-3651	-6967	-3357	6521	1520	-2289	1224	714	-118	-811	-149	-290	-1201	988	99
15750	-4091	-6427	3131	6120	1419	-2295	1342	702	-137	-808	-136	-356	-1120	922	99
15768	-4588	-6118	3826	6119	1336	-2321	1436	690	-153	-806	-125	-458	-950	786	99
15792	-5007	-5316	4516	5670	1203	-2327	1605	669	-176	-798	-109	-556	-751	561	99
15834	-5373	-4115	5250	4887	931	-2313	1884	625	-218	-775	-77	-593	-464	264	99
15852	-5333	-3420	5366	4267	823	-2282	1964	605	-234	-760	-63	-581	-377	177	99
15870	-5089	-2972	5328	3961	700	-2259	2028	584	-250	-744	-47	-550	-309	0	99
15888	-4749	3199	5026	3513	577	-2231	2066	564	-265	-727	-30	-498	-280	0	99
15954	-3657	4652	4262	-4123	159	-2079	2115	485	-310	-654	28	-207	-23	0	99
15972	-3227	4688	3964	-4068	70	-2013	2105	464	-315	-632	41	-149	-6	-137	99
15990	3160	5227	3486	-4699	-80	-2004	2104	441	-326	-611	56	-28	3	-188	99
16020	3698	5058	2907	-4590	-220	-1894	2063	407	-329	-574	72	56	-16	-204	99
16044	3749	4916	-3059	-4475	-310	-1799	2019	382	-328	-544	81	55	-21	-207	99
16098	3429	4561	-3155	-4298	-472	-1603	1854	335	-319	-481	95	46	-37	0	99
16125	-3852	4178	4037	-3660	-528	-1515	1730	318	-312	-452	101	-138	143	0	99
16143	-3501	4470	3685	-4076	-562	-1461	1628	307	-307	-433	105	-89	106	0	99
16167	-5664	4558	5872	-3788	-587	-1388	1518	294	-300	-409	108	-312	437	0	99
16185	-6657	4850	6950	-3916	-597	-1333	1435	285	-294	-393	110	-404	616	0	99
16209	-6407	5114	6658	-4361	-609	-1265	1342	273	-286	-372	112	-327	658	157	99
16227	-6476	4904	6728	-4184	-607	-1201	1292	263	-279	-357	112	-324	660	170	99
16257	-6285	5007	6553	-4358	-607	-1099	1207	248	-267	-333	112	-304	669	189	99
16278	-6248	5064	6527	-4452	-602	-1031	1162	237	-259	-317	111	-282	678	203	99
16305	-6190	4857	6452	-4258	-590	-939	1127	224	-247	-298	108	-274	681	198	99
16335	-6099	4884	6357	-4322	-580	-839	1068	210	-234	-277	105	-246	692	214	99
16353	-5983	4815	6253	-4256	-566	-778	1048	202	-226	-266	102	-241	693	203	99
16377	-5905	4798	6186	-4245	-550	-696	1022	191	-214	-250	98	-233	697	191	99
16413	-5969	4829	6243	-4290	-524	-585	983	176	-198	-229	92	-225	700	181	99
16437	-5878	4841	6161	-4311	-508	-515	952	167	-187	-215	87	-213	703	166	99
16461	-5921	4771	6180	-4252	-493	-453	916	158	-177	-202	83	-218	702	179	99
16479	-5801	4824	6096	-4290	-480	-411	874	152	-169	-192	81	-207	706	156	99
16500	-5917	4805	6185	-4282	-469	-358	852	145	-160	-181	77	-211	704	178	99
16548	-5732	4810	6044	-4276	-440	-252	860	127	-143	-160	67	-197	708	154	99
16572	-5460	4928	5928	-4270	-428	-206	848	119	-134	-150	63	-174	714	0	99
16584	-5597	4947	6058	-4289	-423	-181	837	115	-130	-145	61	-172	715	0	99
16608	-5401	5054	5901	-4419	-412	-140	825	107	-122	-135	57	-142	722	0	99
16623	-5467	5091	5966	-4458	-405	-113	821	103	-117	-129	54	-139	722	0	99
16641	-5290	5106	5803	-4489	-395	-89	798	98	-111	-122	51	-126	724	0	99
16683	-5282	5196	5800	-4584	-382	-18	775	85	-98	-106	45	-108	727	0	99
16710	-5245	5143	5757	-4547	-367	12	755	78	-90	-98	41	-99	729	0	99
16734	-5253	5145	5764	-4545	-353	47	724	73	-82	-89	37	-98	728	0	99
16752	-5189	5201	5693	-4623	-344	69	709	69	-77	-83	35	-96	729	0	99
16770	-5102	5244	5618	-4679	-339	90	678	65	-72	-77	33	-77	731	0	99
16794	-5068	5314	5591	-4760	-328	108	643	60	-66	-70	31	-67	732	0	99
16812	-5059	5340	5580	-4784	-323	126	625	56	-61	-65	29	-58	733	0	99
16836	-5134	5429	5652	-4872	-312	138	597	52	-56	-58	26	-49	734	0	99
16878	-5002	5378	5514	-4860	-296	168	590	43	-47	-48	21	-34	735	0	99
16896	-4901	5385	5434	-4859	-287	182	548	41	-42	-43	19	-22	735	0	99
16917	4162	4918	-3773	-5054	-267	194	508	39	-37	-39	17	359	220	0	99
16935	4294	5229	-3854	-5376	-261	204	495	36	-34	-35	15	412	249	0	99
16953	4237	5396	-3774	-5543	-256	211	487	33	-30	-32	14	434	273	0	99
16971	4337	5563	-3834	-5709	-249	213	445	32	-27	-28	13	460	288	0	99
17001	4263	6078	-3702	-6209	-226	228	423	30	-21	-24	9	535	338	0	99
17031	4426	6272	-3828	-6410	-208	225	388	29	-16	-21	6	585	371	0	99
17046	4476	6399	-3865	-6537	-194	226	370	29	-13	-20	4	611	386	0	99
17070	4476	6644	-3838	-6786	-175	223	342	29	-9	-18	2	636	402	0	99
17094	4586	6797	-3891	-6929	-159	216	314	29	-5	-17	0	692	425	0	99
17121	4489	7080	-3751	-7192	-128	211	281	31	0	-17	-3	708	457	0	99
17139	4699	7243	-3896	-7341	-110	208	273	32	2	-17	-6	766	478	0	99
17163	4973	7589	-4095	-7722	-87	205	291	32	5	-18	-11	827	492	0	99
17181	4919	7709	-4020	-7832	-67	205	287	33	8	-19	-14	852	508	0	99
17199	5119	8111	-4166	-8266	-54	201	314	33	10	-21	-17	908	534	0	99
17250	5589	8678	-4359	-8718	0	204	276	38	20	-22	-27	1024	574	-176	99
17310	5818	9030	-4466	-9055	78	211	293	43	33	-27	-41	1137	616	-217	99
17328	5927	9230	-4544	-9255	103	212	297	45	38	-29	-46	1166	626	-228	99
17370	6185	9479	-4729	-9490	155	220	311	50	48	-33	-58	1255	650	-269	99
17406	6423	9773	-4892	-9792	207	234	305	55	59	-36	-70	1336	692	-285	99
17430	6594	9977	-5010	-9985	240	245	305	58	67	-38	-78	1398	703	-321	99
17499	6798	10243	-5238	-10211	358	295	343	70	93	-46	-107	1517	733	-381	99
17517	7171	10560	-5523	-10497	387	312	353	74	101	-48	-116	1581	737	-455	99
17541	7692	10548	-5994	-10491	435	338	373	80	112	-51	-129	1676	670	-551	99
17565	7963	10563	-6259	-10491	490	370	413	86	123	-55	-145	1749	648	-623	99
17601	8398	10451	-6631	-10383	569	411	422	98	143	-60	-168	1822	624	-695	99
17640	8811	10720	-6940	-10696	670	460	410	112	168	-66	-194	1919	615	-775	99
17658	9101	10667	-7220	-10686	710	486	419	118	179	-69	-207	1958	591	-824	99
17676	8982	10687	-7129	-10700	773	507	400	126	192	-72	-219	2016	606	-844	99
17694	8927	10690	-7114	-10725	839	526	371	134	206	-75	-232	2016	606	-844	99
17724	9092	10724	-7190	-10724	961	597	303	149	231	-78	-254	2082	696	-837	99
17748	8832	10724	-6896	-10724	1024	635	232	159	251	-80	-270	2109	798	-800	99
17784	8465	10724	-6565	-10724	1101	687	99	176	280	-81	-294	2120	931	-726	99
17814	7929	10723	-5935	-10723	1166	731	9	188	306	-81	-315	2135	1109	-681	99
17844	7443	10723	-5463	-10723	1216	783	-75	200	331	-81	-338	2122	1256	-618	99
17874	6203	10723	-4201	-10723	1265	840	-201	211	358	-78	-359	2006	1535	-465	99
17898	5596	10722	-3597	-10722	1293	894	-232	217	378	-75	-378	1943	1614	-418	99
17922	5212	10723	-3313	-10723	1329	960	-325	224	401	-70	-395	1854	1715	-342	99
17949	3542	10722	4121	-10722	1354	1033	-392	228	424	-64	-415	1643	1918	-207	99
17967	2973	10722	4611	-10722	1362	1076	-427	230	438	-59	-427	1538	2004	-140	99
17997	-3832	10722	5467	-10722	1381	1160	-481	232	463	-50	-448	1382	2114	0	99
18039	-4829	10721	6468	-10721	1389	1271	-458	227	492	-38	-477	1178	2235	0	99
18057	-5026	10721	6676	-10721	1396	1328	-448	223	505	-31	-489	1131	2260	0	99
18075	-5726	10721	7352	-10507	1400	1382	-437	219	518	-24	-501	999	2321	0	99
18093	-5633	10720	7287	-10478	1405	1433	-433	215	530	-16	-512	999	2321	0	99
18111	-5550	10720	7242	-10581	1406	1480	-422	210	543	-9	-523	989	2325	0	99
18129	-6001	10719	7626	-10094	1405	1535	-381	203	554	-1	-536	895	2363	0	99
18147	-5912	10718	7541	-10097	1400	1586	-358	196	566	6	-547	892	2364	0	99
18180	-6848	10718	8424	-9472	1384	1652	-390	184	588	23	-563	683	2432	0	99
18210	-7016	10556	8637	-9119	1352	1737	-335	169	605	38	-579	611	2452	-136	99
18240	-7857	10337	9393	-8894	1323	1806	-369	156	623	55	-590	460	2484	-133	99
18264	-8575	9575	9996	-8050	1290	1848	-392	144	634	69	-596	255	2514	-145	99
18288	-8926	9000	10111	-7586	1256	1914	-434	131	647	86	-601	139	2523	0	99
18306	-8835	9029	10012	-7663	1229	1972	-475	122	656	100	-604	139	2523	0	99
18324	-9375	9004	10592	-7454	1196	2011	-499	111	663	112	-606	14	2527	-153	99
18360	-9884	8690	10715	-7295	1104	2031	-631	89	673	140	-604	-119	2524	0	99
18378	-9793	8718	10712	-7362	1057	2038	-707	78	677	155	-601	-119	2524	0	99
18396	-9635	8765	10535	-7484	1011	2044	-784	66	680	170	-598	-119	2524	0	99
18426	-9499	8810	10389	-7616	933	2055	-916	44	685	198	-591	-119	2524	0	99
18450	-9336	8929	10252	-7747	872	2063	-1015	25	687	220	-584	-119	2524	0	99
18486	-10714	3098	10714	4096	725	2140	-1073	-9	688	258	-572	-1270	2114	144	99
18531	-10714	-3132	10714	4249	520	2200	-1247	-53	684	308	-546	-1310	1946	174	99
18552	-10714	-4883	10655	5932	403	2282	-1290	-78	681	335	-532	-1487	1656	224	99
18579	-10713	-5072	10130	6089	258	2315	-1331	-109	669	365	-512	-1519	1458	225	99
18615	-9433	-5732	8722	6641	54	2316	-1299	-154	644	402	-482	-1503	1203	185	99
18651	-8592	-4989	8234	6038	-154	2330	-1180	-201	614	436	-452	-1401	1137	0	99
18687	-7292	-4977	7069	5972	-338	2314	-1044	-244	580	465	-422	-1249	941	-138	99
18708	-7277	-4869	7105	5922	-441	2314	-964	-269	561	481	-404	-1249	941	-138	99
18738	-6570	-4118	6711	5266	-575	2296	-823	-302	532	501	-380	-1072	874	-363	99
18768	-5616	-4069	5927	5227	-692	2267	-691	-333	503	518	-357	-977	800	-488	99
18795	-4972	-3880	5399	4999	-778	2258	-542	-359	478	531	-338	-879	730	-559	99
18831	-4247	-3521	4902	4679	-890	2235	-362	-390	447	546	-314	-772	669	-707	99
18855	-3431	-3583	4202	4742	-948	2226	-245	-409	427	554	-299	-681	588	-834	99
18873	-3037	-3508	3938	4727	-987	2212	-165	-422	413	559	-288	-586	515	-979	99
18909	3295	-3315	3478	4507	-1032	2183	9	-444	387	565	-270	-498	432	-1089	99
18951	4080	-3282	-3104	4450	-1083	2169	179	-464	359	571	-251	-364	309	-1320	99
18987	4441	-3358	-3461	4389	-1092	2116	218	-469	339	570	-234	-252	150	-1422	99
19029	5271	-3272	-4215	4041	-1096	2057	189	-467	319	564	-213	-107	17	-1453	99
19047	5383	3059	-4277	3400	-1089	2006	138	-462	311	558	-203	15	3	-1424	99
19065	5745	3193	-4581	3214	-1073	1945	75	-456	303	550	-193	54	24	-1420	99
19086	4812	-5029	-4108	5646	-1052	1868	44	-449	293	540	-183	-284	-277	-1436	99
19104	4898	-5958	-4432	6471	-1034	1802	-24	-441	286	531	-174	-353	-475	-1409	99
19128	4932	-5891	-4461	6381	-1008	1708	-114	-429	276	518	-162	-309	-502	-1421	99
19164	5589	-5406	-5060	5726	-957	1565	-227	-410	261	497	-144	-159	-561	-1384	99
19182	5494	-5447	-4965	5791	-925	1492	-251	-401	253	484	-137	-149	-564	-1392	99
19200	5732	-5118	-5193	5393	-892	1412	-325	-390	246	473	-128	-92	-575	-1349	99
19230	5596	-4881	-5055	5180	-850	1285	-375	-373	232	451	-116	-55	-580	-1337	99
19254	5585	-4960	-5060	5266	-805	1180	-456	-358	222	434	-107	-41	-580	-1295	99
19278	5615	-4605	-5070	4868	-765	1072	-518	-343	212	417	-98	7	-582	-1233	99
19320	5545	-4527	-5052	4802	-690	894	-608	-316	195	386	-84	29	-582	-1186	99
19350	5470	-4517	-5036	4785	-635	776	-666	-297	183	364	-75	41	-581	-1148	99
19392	5271	-4494	-4902	4780	-565	620	-723	-270	167	334	-64	54	-580	-1102	99
19410	5321	-4295	-4978	4515	-527	554	-774	-258	161	322	-60	71	-578	-1046	99
19431	5290	-4198	-4962	4389	-498	496	-802	-246	154	309	-55	87	-576	-1013	99
19476	5516	-4129	-5209	4241	-434	365	-837	-220	140	280	-46	122	-570	-939	99
19506	5460	-4169	-5239	4194	-392	291	-884	-203	132	263	-41	145	-564	-826	99
19536	5502	-4129	-5282	4148	-346	232	-896	-187	124	246	-36	150	-563	-810	99
19584	5474	-3991	-5289	3953	-287	145	-884	-165	112	220	-31	169	-558	-738	99
19602	5517	-3952	-5332	3893	-269	113	-886	-157	107	211	-28	183	-553	-699	99
19632	5965	-2987	-5620	-2933	-239	72	-878	-144	101	196	-25	352	-469	-648	99
19656	6250	-2989	-5933	-3009	-217	40	-822	-136	94	184	-24	393	-513	-629	99
19674	6400	-3021	-6084	-2983	-202	13	-809	-129	90	175	-23	411	-537	-630	99
19698	6700	-3155	-6388	2910	-179	-18	-770	-120	84	163	-22	449	-585	-623	99
19722	6938	-3107	-6628	-3005	-158	-39	-737	-112	80	153	-21	474	-603	-601	99
19746	7122	-3179	-6818	-2964	-141	-57	-719	-104	76	143	-20	510	-651	-602	99
19800	7692	-3186	-7408	-3070	-85	-102	-617	-87	66	119	-20	594	-738	-570	99
19818	7967	-3294	-7669	-2956	-71	-114	-586	-82	63	112	-20	604	-768	-590	99
19842	8153	-3326	-7868	-2957	-50	-137	-545	-75	59	102	-21	646	-812	-574	99
19884	8516	-3444	-8223	2918	-11	-160	-460	-62	53	84	-23	682	-898	-613	99
19908	8624	-3802	-8318	3314	14	-178	-375	-56	49	73	-25	667	-983	-709	99
19926	8867	-3846	-8592	3284	31	-190	-348	-50	46	65	-26	692	-1002	-691	99
19950	8956	-3874	-8706	3284	49	-202	-330	-41	44	56	-26	707	-1029	-692	99
19980	9341	-3794	-9155	3046	76	-234	-335	-30	41	43	-25	786	-1083	-635	99
19998	9372	-3798	-9219	3020	92	-250	-339	-22	40	36	-25	804	-1107	-629	99
20040	9671	-3615	-9606	-3128	133	-285	-374	-3	37	19	-24	908	-1141	-535	99
20076	10301	-3163	-10302	-3804	174	-314	-396	12	35	4	-24	1062	-1169	-395	99
20118	10571	-2908	-10564	-4165	222	-360	-448	35	33	-14	-24	1168	-1193	-309	99
20145	10558	2978	-10552	-4268	257	-396	-487	51	32	-29	-24	1196	-1207	-289	99
20169	10556	-2906	-10574	-4161	290	-425	-474	65	30	-44	-26	1212	-1234	-294	99
20199	10681	-3151	-10728	-3919	346	-474	-436	86	27	-66	-30	1237	-1334	-323	99
20241	10711	-3464	-10711	-3568	425	-543	-317	112	22	-101	-38	1250	-1445	-366	99
20262	10711	-3858	-10711	-3070	506	-640	-232	126	17	-124	-43	1218	-1548	-421	99
20286	10710	-4902	-10710	3954	548	-686	-98	140	11	-147	-49	1097	-1709	-578	99
20310	10709	-5105	-10709	4202	574	-714	34	154	5	-168	-55	1047	-1775	-641	99
20334	10580	-6124	-10707	5357	617	-780	155	169	-2	-192	-60	893	-1923	-795	99
20352	10347	-6563	-10572	5882	640	-821	219	182	-8	-209	-62	817	-1989	-866	99
20382	10021	-7303	-10327	6646	670	-888	267	204	-16	-234	-63	705	-2127	-954	99
20412	10163	-7782	-10579	7060	715	-990	295	228	-26	-261	-63	651	-2207	-981	99
20436	10130	-8467	-10594	7786	736	-1049	282	245	-33	-279	-60	555	-2294	-1037	99
20460	10136	-8676	-10651	7937	761	-1129	218	264	-40	-297	-55	528	-2362	-1030	99
20496	10317	-8599	-10702	7726	782	-1218	186	288	-52	-322	-47	571	-2414	-960	99
20538	10100	-9115	-10624	8238	808	-1318	174	315	-67	-353	-37	487	-2494	-963	99
20592	9348	-9528	-9901	8768	829	-1455	148	348	-89	-392	-20	305	-2523	-985	99
20646	8850	-9818	-9468	9181	826	-1599	229	374	-118	-432	-1	175	-2535	-989	99
20664	9196	-9858	-9861	9128	825	-1628	201	383	-126	-441	6	227	-2532	-919	99
20688	8678	-10240	-9372	9668	812	-1669	235	392	-139	-455	16	77	-2541	-953	99
20712	8297	-10238	-9037	9702	800	-1736	244	402	-154	-468	26	10	-2542	-927	99
20751	8518	-10103	-9384	9370	765	-1822	240	415	-177	-486	46	50	-2541	-758	99
20775	8224	-10043	-9112	9319	742	-1864	222	423	-191	-496	59	30	-2542	-727	99
20793	8016	-10353	-8935	9715	721	-1892	272	426	-203	-504	67	-72	-2541	-757	99
20835	7271	-9690	-8296	9013	663	-1959	266	434	-230	-516	91	-117	-2479	-588	99
20865	7352	-10020	-8526	9243	625	-2037	249	440	-250	-526	109	-109	-2479	-455	99
20889	7833	-10122	-9076	9246	590	-2065	243	444	-266	-530	123	-106	-2480	-346	99
20907	6735	-9428	-8003	8616	570	-2144	223	447	-280	-536	134	-136	-2418	-306	99
20928	7171	-10126	-8593	9196	538	-2181	238	449	-294	-540	146	-198	-2414	-149	99
20946	7210	-9837	-8624	8881	503	-2203	223	450	-306	-542	157	-169	-2416	-149	99
20964	6862	-10408	-8321	9570	472	-2217	230	450	-317	-543	167	-269	-2407	-165	99
20982	6880	-9979	-8447	8937	443	-2229	240	450	-329	-544	177	-228	-2412	0	99
21012	6470	-10385	-8074	9448	388	-2249	266	448	-348	-545	194	-338	-2398	0	99
21048	6140	-10371	-7873	9387	321	-2267	290	446	-370	-545	213	-412	-2387	152	99
21072	6289	-10696	-8099	9742	282	-2273	323	443	-385	-545	225	-395	-2390	223	99
21105	5283	-9502	-7083	8424	205	-2329	316	440	-406	-545	244	-454	-2318	336	99
21129	5522	-10685	-7419	9684	144	-2359	396	435	-424	-546	256	-557	-2296	355	99
21159	5226	-10662	-7122	9717	70	-2348	408	429	-442	-541	274	-637	-2275	377	99
21183	4372	-10696	-6280	10723	7	-2343	524	420	-459	-538	285	-828	-2212	327	99
21201	3750	-10350	-5532	9909	-32	-2330	596	414	-471	-536	293	-871	-2130	313	99
21219	3737	-10026	-5442	9665	-99	-2377	657	406	-487	-534	302	-849	-2075	315	99
21237	3703	-9407	-5278	9098	-164	-2421	719	399	-503	-532	311	-804	-1964	314	99
21255	3708	-9088	-5223	8779	-226	-2462	779	391	-518	-530	320	-780	-1908	316	99
21291	3655	-8176	-4980	7864	-345	-2535	885	375	-545	-523	338	-712	-1741	315	99
21315	3616	-7576	-4811	7267	-420	-2577	947	363	-562	-517	349	-667	-1630	315	99
21339	-6223	-7802	5307	8604	-499	-2568	1027	348	-576	-508	360	-1305	-979	0	99
21363	-5955	-7503	5087	8228	-586	-2508	1110	332	-587	-494	369	-1256	-943	0	99
21381	-6240	-7585	5391	8372	-646	-2459	1177	319	-594	-483	376	-1308	-871	0	99
21417	-6300	-6413	5706	7211	-764	-2357	1260	292	-607	-459	391	-1229	-650	0	99
21435	-6110	-6110	5584	6880	-825	-2301	1292	278	-612	-445	399	-1191	-593	0	99
21465	-6354	-5418	6066	6353	-918	-2214	1328	255	-619	-422	411	-1161	-436	-138	99
21489	-5870	-4767	5723	5648	-980	-2140	1340	235	-623	-402	420	-1067	-339	-143	99
21525	-5656	-4183	5631	5022	-1093	-2020	1355	205	-629	-370	435	-968	-248	-162	99
21561	-5198	-3476	5298	4233	-1195	-1908	1351	175	-632	-338	448	-861	-171	-159	99
21585	-4731	3194	4984	3286	-1254	-1829	1347	155	-633	-316	456	-751	-103	-161	99
21609	-4498	3448	4836	2908	-1330	-1764	1345	134	-634	-295	463	-636	-38	-181	99
21633	-4090	3581	4510	-3341	-1373	-1685	1298	116	-629	-274	470	-517	6	-185	99
21657	-3641	4035	4192	-3911	-1422	-1605	1298	96	-623	-254	474	-455	34	-230	99
21681	-3169	4159	3754	-4032	-1461	-1524	1251	78	-613	-234	476	-331	50	-218	99
21705	3239	4395	3265	-4214	-1489	-1441	1233	60	-601	-215	473	-205	60	-256	99
21735	3992	4686	-3414	-4587	-1512	-1337	1156	42	-583	-190	468	-30	14	-202	99
21753	4073	4639	-3658	-4616	-1509	-1276	1120	33	-572	-176	463	24	-12	-142	99
