0	-6160	2988	6215	3438	544	-604	0	-264	14	272	39	-16	-32	1522	99
20	3006	-3078	-2917	3197	39	43	196	2	-14	4	24	5	-2	1537	99
42	-2924	-3190	2978	3310	60	65	191	0	-24	4	34	23	22	1560	99
64	-2933	-3461	2933	3559	100	110	187	-2	-44	3	53	33	53	1563	99
87	-2981	-3571	2948	3669	119	133	201	-3	-54	2	63	54	54	1558	99
104	-3003	-3691	2952	3797	140	154	195	-4	-64	2	73	30	48	1551	99
117	-3026	-3823	2947	3914	161	176	191	-6	-74	1	83	26	40	1560	99
134	-3046	-3957	2940	4041	180	199	195	-7	-84	1	92	33	48	1577	99
147	-3079	-4071	2957	4159	199	223	212	-8	-94	0	102	32	55	1583	99
160	-3056	-4195	2925	4280	219	247	216	-9	-104	0	113	42	59	1589	99
204	-3049	-4432	-2916	4509	257	293	228	-10	-124	-2	132	31	43	1587	99
221	-3081	-4593	-2902	4676	276	316	227	-12	-134	-2	142	46	66	1566	99
238	-3107	-4653	2906	4732	296	338	227	-13	-144	-3	152	45	75	1565	99
251	-3120	-4820	2902	4901	315	362	232	-14	-154	-4	161	61	103	1551	99
264	-3149	-4918	2912	5007	335	384	230	-15	-164	-5	171	49	65	1555	99
277	-3131	-5049	-2924	5136	355	407	229	-16	-174	-5	181	64	96	1586	99
327	-3255	-5322	2947	5418	403	484	269	-14	-202	-11	210	67	135	1556	99
366	-3039	-5665	-3066	5791	448	563	313	-11	-231	-18	238	44	113	1568	99
390	-3048	-5768	-3057	5901	462	590	330	-9	-240	-21	248	57	112	1576	99
469	2917	-6153	-3232	6328	499	712	422	5	-275	-38	283	60	76	1574	99
487	3004	-6283	-3341	6460	501	747	460	12	-283	-45	291	81	102	1576	99
500	3071	-6325	-3395	6507	507	781	490	17	-291	-51	300	53	132	1561	99
513	3111	-6477	-3453	6655	510	814	516	23	-299	-57	308	39	159	1569	99
526	3226	-6536	-3564	6701	510	850	554	31	-306	-64	315	37	107	1563	99
552	3407	-6785	-3754	6966	520	913	597	41	-322	-76	331	68	112	1574	99
565	3314	-6825	-3678	7009	519	948	623	48	-330	-84	338	46	152	1597	99
579	3310	-6818	-3674	7002	519	948	623	48	-330	-84	338	37	115	1595	99
600	3527	-6975	-3889	7151	532	1009	653	57	-346	-94	354	43	80	1577	99
624	3558	-7081	-3945	7252	538	1040	664	61	-355	-100	362	60	163	1578	99
637	3651	-7250	-4063	7413	545	1070	676	65	-363	-105	370	57	133	1565	99
650	3602	-7401	-4043	7563	566	1094	661	64	-374	-106	379	71	123	1607	99
665	3713	-7389	-4181	7503	557	1132	698	74	-380	-116	385	50	102	1581	99
678	3706	-7385	-4174	7490	557	1132	698	74	-380	-116	385	47	132	1551	99
693	3740	-7294	-4173	7425	549	1136	715	78	-379	-118	384	27	173	1552	99
706	3749	-7464	-4192	7611	554	1133	702	75	-380	-117	385	35	222	1568	99
732	3779	-7359	-4215	7487	543	1139	717	80	-378	-120	383	48	272	1606	99
773	4020	-7344	-4467	7431	486	1164	804	103	-368	-138	374	59	180	1626	99
790	4011	-7323	-4472	7413	486	1164	804	103	-368	-138	374	48	175	1575	99
803	3958	-7203	-4351	7367	502	1159	774	97	-371	-133	377	57	228	1545	99
818	3969	-7104	-4393	7226	483	1167	802	104	-368	-139	374	53	162	1550	99
831	4111	-7148	-4531	7270	471	1171	819	109	-366	-142	372	60	174	1536	99
857	4033	-7035	-4419	7167	458	1176	819	113	-364	-147	369	70	159	1568	99
882	4244	-7096	-4650	7190	437	1184	847	121	-360	-153	366	54	196	1576	99
917	4317	-7070	-4684	7164	415	1192	863	130	-356	-159	361	65	120	1611	99
956	4423	-7078	-4798	7162	412	1194	858	131	-356	-161	361	71	272	1649	99
991	4374	-7009	-4740	7067	412	1194	843	130	-357	-161	360	86	221	1624	99
1030	4333	-7009	-4689	7071	394	1201	847	136	-354	-167	357	85	141	1637	99
1065	4425	-6833	-4769	6865	390	1202	842	138	-353	-168	356	80	180	1606	99
1078	4438	-7079	-4805	7117	413	1195	800	129	-358	-162	359	56	184	1600	99
1093	4414	-6862	-4782	6862	392	1202	825	137	-354	-168	356	40	127	1585	99
1114	4466	-6981	-4829	6999	402	1199	807	133	-356	-166	357	55	108	1598	99
1149	4556	-6932	-4912	6924	396	1201	797	135	-356	-168	356	70	156	1583	99
1162	4550	-6932	-4915	6924	396	1201	797	135	-356	-168	356	89	153	1588	99
1184	4348	-6892	-4712	6894	402	1199	782	132	-357	-166	357	51	203	1582	99
1225	4405	-6847	-4788	6825	388	1203	773	137	-355	-171	353	77	143	1574	99
1248	4472	-6974	-4857	6943	396	1200	756	133	-357	-169	355	90	153	1641	99
1262	4354	-6865	-4746	6826	391	1203	754	135	-356	-171	353	50	164	1632	99
1283	4480	-6894	-4874	6832	376	1208	760	141	-353	-175	350	50	133	1596	99
1323	4444	-6849	-4838	6799	366	1211	749	144	-352	-179	348	87	126	1564	99
1336	4530	-6807	-4905	6751	353	1214	758	148	-350	-182	345	91	141	1565	99
1357	4601	-6831	-4972	6773	357	1213	743	146	-351	-181	346	57	126	1589	99
1392	4723	-6648	-5070	6572	314	1225	781	162	-342	-193	337	68	115	1617	99
1427	4713	-6719	-5044	6678	318	1224	760	160	-344	-193	337	62	124	1615	99
1440	4765	-6705	-5111	6631	313	1226	755	161	-343	-194	336	70	115	1636	99
1455	4756	-6645	-5096	6567	297	1230	761	167	-340	-199	333	87	144	1694	99
1477	4822	-6677	-5177	6593	291	1231	760	168	-339	-201	331	107	164	1637	99
1511	4913	-6616	-5277	6494	268	1237	761	176	-335	-208	326	67	105	1617	99
1524	4896	-6521	-5229	6416	273	1235	747	174	-336	-206	326	76	108	1597	99
1539	4900	-6522	-5235	6416	273	1235	747	174	-336	-206	326	65	102	1589	99
1561	4921	-6564	-5289	6423	246	1242	751	183	-331	-214	320	100	129	1600	99
1596	4916	-6540	-5271	6403	247	1242	712	181	-332	-215	319	84	99	1594	99
1667	5013	-6621	-5433	6402	241	1243	668	182	-333	-218	317	93	120	1721	99
1762	4927	-6502	-5357	6241	238	1243	600	181	-334	-221	314	44	133	1598	99
1780	4981	-6641	-5423	6378	233	1244	589	182	-333	-222	313	53	115	1621	99
1882	5106	-6495	-5566	6180	189	1252	567	195	-325	-235	301	56	98	1588	99
1906	5080	-6484	-5536	6179	203	1250	535	190	-329	-232	304	87	154	1668	99
1919	5066	-6491	-5529	6180	203	1250	535	190	-329	-232	304	71	163	1643	99
1940	5107	-6500	-5597	6154	205	1250	519	189	-330	-233	304	63	139	1629	99
1996	4889	-6536	-5416	6189	225	1247	444	181	-336	-229	307	94	151	1648	99
2035	4901	-6371	-5388	6033	191	1192	439	180	-315	-224	287	86	144	1620	99
2054	4937	-6408	-5439	6041	189	1193	422	180	-315	-225	286	63	91	1590	99
2067	4994	-6291	-5496	5891	161	1196	445	190	-309	-232	279	61	140	1589	99
2082	5038	-6478	-5540	6106	170	1195	399	185	-312	-231	280	58	102	1585	99
2104	4961	-6309	-5477	5905	167	1196	387	186	-312	-232	279	75	129	1614	99
2117	5073	-6309	-5588	5877	139	1199	404	195	-305	-239	273	59	112	1597	99
2144	5166	-6243	-5649	5800	118	1201	412	201	-301	-245	267	61	93	1618	99
2162	5170	-6186	-5657	5763	113	1202	403	203	-300	-246	266	52	97	1599	99
2176	5213	-6148	-5703	5711	87	1204	405	210	-294	-253	259	61	103	1597	99
2229	5509	-5982	-5952	5509	22	1206	367	228	-280	-270	240	68	88	1593	99
2252	5598	-5933	-6053	5427	8	1206	363	232	-277	-273	236	84	110	1663	99
2296	5891	-5775	-6288	5275	-52	1204	345	248	-263	-288	219	47	66	1618	99
2309	5837	-5651	-6251	5106	-76	1203	333	254	-257	-293	211	74	88	1654	99
2330	6035	-5474	-6436	4884	-144	1196	370	272	-238	-307	192	108	85	1618	99
2349	6230	-5214	-6578	4614	-207	1186	333	287	-222	-320	172	114	82	1672	99
2362	6226	-5215	-6574	4630	-207	1186	333	287	-222	-320	172	83	73	1643	99
2377	6413	-5009	-6729	4401	-264	1174	352	301	-205	-330	154	66	63	1614	99
2399	-3029	3332	3344	-2986	26	-12	335	0	6	18	14	82	97	1648	99
2412	-3031	3229	3326	2907	54	-25	321	-10	2	27	19	179	207	1746	99
2425	-3031	3202	3319	2919	54	-25	321	-10	2	27	19	106	118	1685	99
2438	-3272	3215	3556	2925	82	-35	360	-19	0	38	26	66	83	1608	99
2451	-3202	3062	3511	3109	108	-50	312	-30	-5	46	29	51	86	1621	99
2477	-3615	2979	3819	3157	163	-75	309	-50	-12	65	40	46	52	1557	99
2511	-3848	-2923	4002	3245	216	-102	279	-71	-19	83	49	56	77	1626	99
2551	-4275	-3069	4357	3391	288	-160	158	-105	-26	110	55	66	64	1593	99
2564	-4474	-3062	4535	3393	313	-177	141	-116	-28	120	58	56	50	1576	99
2576	-4447	-3093	4480	3401	313	-177	141	-116	-28	120	58	54	39	1565	99
2602	-4766	-3176	4667	3433	357	-221	0	-140	-32	136	58	48	31	1569	99
2615	-4859	-3233	4736	3497	378	-242	0	-150	-32	147	60	75	40	1581	99
2628	-4834	-3253	4711	3508	378	-242	0	-150	-32	147	60	69	62	1603	99
2654	-4961	-3157	4851	3438	399	-266	0	-160	-31	157	61	62	40	1561	99
2672	-5136	-3196	5002	3474	439	-313	0	-180	-29	178	64	55	56	1596	99
2685	-5208	-3217	5108	3559	456	-341	0	-190	-27	189	63	41	43	1600	99
2720	-5458	-3277	5260	3540	494	-390	-155	-214	-28	205	60	100	42	1583	99
2750	-5714	-3161	5509	3452	523	-450	-235	-236	-23	223	55	83	73	1566	99
2768	-5815	-3209	5567	3493	541	-474	-250	-246	-23	233	55	60	62	1592	99
2781	-5908	-3184	5651	3473	563	-495	-254	-256	-23	243	57	57	49	1586	99
2852	-6375	-3030	6092	3394	642	-631	-358	-306	-12	291	51	103	73	1627	99
2896	-6385	-3055	6121	3418	664	-652	-358	-316	-13	301	54	56	45	1606	99
2940	-6611	-2923	6331	3274	686	-756	-469	-345	3	328	37	102	36	1594	99
2953	-6722	2958	6428	3195	687	-794	-515	-353	10	336	29	109	46	1642	99
2966	-6803	3007	6489	3142	693	-829	-548	-362	16	345	23	75	48	1619	99
2980	-6886	3109	6582	3022	697	-864	-583	-371	23	353	17	137	60	1642	99
3002	-7007	3110	6711	3029	717	-889	-583	-381	24	364	18	101	64	1666	99
3025	-7235	3319	6923	-2968	716	-965	-658	-397	40	379	1	127	68	1657	99
3095	-7675	3732	7295	-3391	695	-1124	-820	-425	78	408	-38	207	84	1674	99
3134	-7886	4000	7499	-3637	700	-1191	-860	-441	91	424	-50	227	118	1653	99
3153	-7993	3935	7631	-3518	694	-1229	-895	-447	101	430	-60	219	106	1675	99
3175	-8117	4057	7757	-3631	701	-1261	-905	-455	107	439	-64	161	108	1692	99
3214	-8427	4239	8123	-3727	731	-1347	-924	-480	120	466	-72	213	129	1740	99
3227	-8621	4485	8377	-3914	725	-1384	-946	-486	129	473	-81	207	111	1751	99
3249	-8628	4306	8359	-3735	754	-1403	-926	-497	127	485	-76	268	108	1804	99
3262	-8690	4336	8460	-3740	776	-1425	-913	-507	128	496	-74	275	110	1756	99
3277	-9013	4433	8810	-3782	792	-1451	-911	-516	130	505	-74	375	176	1748	99
3291	-8925	4387	8738	-3740	816	-1473	-897	-526	130	517	-71	383	159	1863	99
3313	-9127	4460	8982	-3766	835	-1531	-903	-543	139	535	-76	376	148	1795	99
3326	-9408	4508	9267	-3773	849	-1558	-901	-551	142	544	-78	371	161	1859	99
3384	-9576	4772	9510	-3962	855	-1656	-935	-572	163	568	-95	378	206	1870	99
3401	-9631	4645	9543	-3842	887	-1673	-913	-584	160	581	-89	340	165	1862	99
3444	-9943	4680	9897	-3750	937	-1750	-894	-611	167	611	-88	412	176	1938	99
3483	-10179	4749	10160	-3722	971	-1800	-879	-630	171	631	-88	400	232	1951	99
3505	-10260	4746	10254	-3687	1000	-1818	-861	-641	169	643	-83	500	214	2095	99
3566	-10559	5032	10625	-3900	1025	-1942	-870	-671	192	678	-99	641	249	2263	99
3601	-10578	5193	10716	-3985	1044	-1999	-865	-687	201	696	-104	716	247	2244	99
3622	-10856	5142	10901	-3921	1070	-2020	-849	-697	200	708	-100	610	266	2251	99
3635	-10795	5256	10895	-4005	1049	-2064	-871	-701	216	713	-115	584	269	2173	99
3659	-10659	5296	10755	-4058	1055	-2095	-876	-708	221	722	-119	707	259	2127	99
3700	-10986	5214	11136	-3823	1174	-2136	-782	-746	205	762	-91	704	310	2273	99
3757	-11577	5295	11772	-3768	1246	-2233	-732	-783	213	803	-88	854	399	2566	99
3824	-11665	5528	11909	-3908	1274	-2355	-710	-813	236	840	-102	1016	371	2803	99
3867	-11551	5504	11793	-3897	1299	-2342	-666	-816	228	844	-91	1000	384	2569	99
3904	-11589	5439	11841	-3788	1298	-2343	-621	-815	229	845	-90	744	347	2213	99
3965	-11321	5897	11654	-4262	1197	-2397	-627	-796	266	833	-129	738	268	2500	99
4009	-11163	6141	11559	-4523	1147	-2421	-625	-787	284	827	-147	568	298	2293	99
4030	-10644	6173	11046	-4619	1119	-2435	-621	-782	294	824	-157	505	239	2186	99
4043	-10902	6618	11366	-5031	1039	-2469	-638	-766	320	813	-187	403	250	2038	99
4104	-10237	6969	10772	-5494	898	-2525	-690	-739	365	791	-238	393	235	1977	99
4161	-9930	7556	10554	-6171	731	-2578	-724	-703	417	763	-295	354	171	2003	99
4235	-9080	8465	9831	-7311	462	-2640	-741	-640	494	714	-382	216	230	1816	99
4323	-8126	9377	9030	-8412	115	-2678	-724	-550	586	641	-485	197	356	1785	99
4340	-8156	9309	9060	-8363	115	-2678	-724	-550	586	641	-485	159	280	1708	99
4362	-8047	9566	9012	-8681	41	-2679	-718	-529	604	624	-506	168	369	1738	99
4375	-7856	9766	8858	-8919	-23	-2680	-716	-511	620	609	-524	162	375	1762	99
4480	-6544	10661	7839	-9945	-405	-2649	-540	-394	708	516	-620	164	495	1707	99
4519	-5974	11226	7379	-10585	-579	-2617	-446	-337	744	470	-660	168	611	1660	99
4533	-5542	11108	6989	-10502	-632	-2605	-402	-319	755	456	-671	193	784	1699	99
4633	-4350	11576	6131	-10925	-919	-2519	0	-211	814	378	-724	229	840	1675	99
4690	-3982	11653	5759	-11081	-1008	-2484	0	-180	827	349	-742	251	1020	1668	99
4761	-4181	11454	5905	-10860	-1008	-2485	0	-180	827	349	-743	172	914	1692	99
4778	-4239	11403	5965	-10783	-1008	-2485	0	-180	827	349	-743	123	846	1662	99
4842	3355	12200	4522	-11574	-1422	-2267	546	-9	889	215	-802	462	2650	1951	99
4918	4975	12211	2904	-12072	-1719	-1971	602	130	891	76	-829	349	1552	1802	99
4979	6054	11844	-4033	-11749	-1892	-1719	616	225	872	-23	-829	195	784	1622	99
5066	6972	10667	-5192	-10818	-1972	-1324	584	320	797	-136	-779	207	431	1564	99
5152	7113	9495	-5542	-9658	-1894	-984	610	362	699	-198	-694	125	331	1579	99
5169	7046	9512	-5478	-9662	-1894	-984	610	362	699	-198	-694	118	208	1652	99
5191	6983	9116	-5484	-9246	-1819	-866	625	363	653	-208	-650	174	241	1619	99
5213	6816	8910	-5378	-9060	-1755	-860	681	348	638	-193	-630	170	192	1601	99
5226	6898	8745	-5448	-8875	-1726	-781	666	354	612	-205	-607	123	167	1598	99
5247	6797	8679	-5372	-8812	-1682	-732	720	353	592	-204	-584	83	119	1595	99
5269	6762	8407	-5369	-8509	-1655	-637	703	362	562	-221	-560	153	159	1635	99
5345	6499	7350	-5277	-7426	-1456	-476	788	339	480	-209	-472	34	65	1560	99
5421	6313	5964	-5347	-6088	-1215	-179	804	328	353	-222	-349	73	47	1568	99
5533	5574	3026	-5187	-3146	-759	238	786	278	145	-214	-145	48	21	1574	99
5576	5159	-3250	-4896	3245	-565	353	746	244	71	-196	-70	52	73	1611	99
5622	5061	-4152	-5041	4172	-423	596	750	249	-19	-220	13	40	105	1574	99
5641	4893	-4260	-4900	4390	-302	591	729	214	-48	-191	46	36	77	1556	99
5654	5095	-4658	-5258	4669	-309	800	804	257	-93	-240	85	54	96	1571	99
5734	4551	-5198	-4630	5677	-84	837	1232	213	-143	-183	166	57	168	1604	99
5774	5053	-5279	-5084	5803	-111	1034	1406	263	-179	-232	200	56	106	1596	99
5835	5526	-5038	-5303	5749	-170	1026	1699	286	-154	-235	190	109	128	1603	99
5867	5726	-4733	-5271	5565	-200	1019	1825	296	-142	-237	185	97	133	1591	99
5938	6112	-4879	-5495	5708	-206	1018	1981	302	-136	-234	187	76	90	1598	99
5956	6147	-4788	-5463	5644	-188	1021	1967	297	-142	-231	192	78	73	1602	99
5977	6195	-4734	-5495	5561	-186	1023	1984	297	-142	-230	194	70	64	1576	99
6017	6241	-4771	-5469	5605	-196	1021	2023	301	-138	-231	191	100	106	1622	99
6030	6257	-4738	-5471	5557	-196	1021	2022	301	-138	-231	191	98	92	1628	99
6051	6274	-4708	-5469	5509	-196	1021	2022	301	-138	-231	191	59	73	1614	99
6112	6460	-4722	-5639	5459	-188	1023	2030	299	-140	-229	194	130	67	1584	99
6258	6387	-4642	-5567	5327	-174	1026	1998	295	-145	-228	198	104	68	1596	99
6276	6406	-4683	-5596	5342	-172	1027	1994	295	-146	-228	198	93	93	1636	99
6289	6403	-4675	-5606	5329	-172	1027	1994	295	-146	-228	198	110	106	1623	99
6310	6171	-4646	-5395	5315	-149	1030	1950	288	-153	-224	204	108	117	1620	99
6343	6155	-4747	-5425	5363	-134	1033	1924	283	-158	-222	208	110	93	1618	99
6437	5973	-4911	-5334	5475	-84	1037	1810	267	-174	-214	220	87	78	1587	99
6455	5849	-4894	-5263	5416	-69	1039	1784	262	-179	-212	223	116	81	1587	99
6476	5886	-5080	-5325	5606	-50	1040	1744	256	-185	-209	228	90	97	1610	99
6516	5752	-5105	-5245	5597	-25	1041	1698	248	-193	-205	234	102	77	1591	99
6528	5610	-5148	-5132	5627	0	1042	1652	239	-200	-200	240	138	127	1601	99
6543	5606	-5144	-5129	5613	0	1042	1652	239	-200	-200	240	138	101	1627	99
6653	5412	-5433	-5106	5778	55	1041	1517	220	-217	-190	251	71	61	1573	99
6684	5256	-5448	-4986	5783	85	1039	1466	210	-225	-184	258	68	88	1574	99
6707	5234	-5514	-4979	5859	98	1038	1444	206	-228	-181	261	67	109	1560	99
6737	4987	-5549	-4801	5890	126	1035	1382	196	-236	-176	266	46	67	1586	99
6768	4961	-5685	-4816	5983	152	1031	1329	186	-243	-170	271	91	147	1579	99
6841	4830	-5851	-4730	6151	195	1025	1286	172	-253	-160	281	77	107	1608	99
6872	4743	-5908	-4652	6216	207	1022	1255	167	-256	-157	283	55	87	1572	99
6933	4500	-5948	-4470	6236	254	1012	1192	150	-266	-145	292	63	93	1566	99
6950	4477	-6007	-4449	6301	270	1008	1164	144	-270	-142	295	56	92	1552	99
6972	4398	-5967	-4374	6263	265	1009	1162	146	-269	-143	294	65	93	1566	99
7011	4382	-6048	-4379	6334	281	1005	1125	139	-273	-139	297	67	100	1601	99
7041	4404	-6106	-4420	6360	302	998	1106	132	-277	-133	301	60	115	1613	99
7111	4026	-5987	-4061	6278	344	922	1015	104	-271	-108	295	60	92	1620	99
7124	4035	-5990	-4061	6278	344	922	1015	104	-271	-108	295	80	126	1589	99
7172	4128	-6001	-4179	6234	305	935	1033	117	-264	-119	288	61	99	1587	99
7300	4000	-6020	-4066	6279	338	924	939	103	-272	-112	292	58	98	1576	99
7360	3279	-6326	-3441	6655	503	866	918	46	-298	-60	327	51	118	1584	99
7377	3296	-6559	-3478	6897	534	882	882	39	-310	-57	337	79	113	1643	99
7594	3040	-8166	-3686	8281	810	1207	758	19	-456	-72	471	80	189	1651	99
7622	-2918	-8346	-3565	8478	832	1228	749	17	-467	-72	481	68	155	1603	99
7762	-3545	-9334	-3221	9405	1105	1363	555	-39	-569	-45	577	110	457	1621	99
7801	-3242	-9697	-3578	9708	1101	1442	598	-22	-585	-63	592	106	514	1578	99
7858	-3030	-10218	-3834	10204	1133	1568	629	-6	-622	-85	625	104	483	1645	99
7897	-2966	-10323	-3875	10336	1166	1618	622	-6	-642	-89	643	125	437	1649	99
7911	-3094	-10411	-3759	10427	1186	1642	612	-8	-653	-90	653	126	571	1603	99
7932	3132	-10541	-4212	10467	1158	1735	669	18	-666	-117	664	159	528	1648	99
7954	3229	-10405	-4290	10342	1141	1781	699	32	-672	-131	669	185	763	1713	99
7985	3220	-10738	-4350	10681	1173	1832	686	32	-692	-136	687	155	717	1622	99
8011	3344	-10831	-4521	10750	1167	1872	702	42	-700	-147	693	179	793	1639	99
8067	3526	-11046	-4794	10930	1160	1981	728	65	-723	-174	712	166	861	1593	99
8080	3810	-11031	-5125	10826	1116	2041	773	89	-726	-197	712	196	907	1715	99
8102	4091	-12195	-5613	12079	1114	2110	782	103	-742	-214	724	185	1002	1740	99
8128	4114	-11190	-5444	10971	1117	2176	782	114	-758	-228	738	293	1395	1819	99
8176	4483	-11255	-5868	10882	1091	2290	802	144	-778	-261	752	212	856	1685	99
8193	4672	-11243	-6080	10810	1047	2344	834	167	-780	-283	751	229	839	1716	99
8230	4751	-11254	-6193	10807	1080	2394	800	166	-800	-288	768	200	694	1664	99
8251	4756	-11181	-6195	10742	1080	2394	800	166	-800	-288	768	237	844	1777	99
8264	4711	-11506	-6196	11070	1110	2414	769	160	-813	-287	780	195	901	1707	99
8318	4326	-11551	-5945	11083	1176	2384	671	133	-824	-267	789	227	876	1746	99
8420	3429	-12187	-5347	11691	1367	2280	374	52	-853	-205	815	166	913	1706	99
8481	-3068	-11921	-4739	11408	1486	2204	196	0	-869	-164	829	237	973	1692	99
8499	-3375	-11932	-4524	11358	1546	2163	0	-29	-879	-146	833	251	1007	1690	99
8579	-3354	-11825	-4431	11160	1562	2151	0	-35	-879	-139	835	210	1093	1677	99
8654	-3173	-11797	-4651	10965	1530	2175	-247	-29	-884	-159	824	209	930	1699	99
8700	3119	-12205	-5243	11551	1407	2185	-314	4	-860	-193	789	215	1056	1690	99
8767	4189	-11312	-6168	10186	1172	2320	-352	94	-837	-281	748	168	673	1676	99
8785	4143	-11241	-6159	10086	1164	2323	-411	95	-838	-286	745	149	654	1676	99
8828	4566	-10996	-6606	9734	1065	2371	-469	130	-827	-322	724	112	513	1639	99
8868	5292	-10822	-7334	9379	839	2332	-551	184	-767	-369	652	132	416	1657	99
8881	5434	-10277	-7404	8797	780	2353	-585	203	-758	-389	638	109	363	1631	99
8961	5853	-10063	-7884	8359	606	2341	-898	240	-723	-436	579	132	259	1731	99
8978	5820	-10074	-7849	8380	606	2341	-898	240	-723	-436	579	140	311	1733	99
9022	6365	-9265	-8379	7322	428	2380	-1030	294	-694	-491	532	192	200	1734	99
9078	6831	-8974	-8851	6850	239	2347	-1247	334	-647	-534	468	101	206	1835	99
9096	7065	-8750	-9110	6522	170	2352	-1293	353	-634	-553	448	99	178	1713	99
9154	7625	-8033	-9595	5630	-35	2297	-1471	395	-577	-593	375	173	185	1791	99
9193	7543	-8074	-9481	5720	-35	2297	-1470	395	-577	-593	375	184	141	1769	99
9206	7518	-8089	-9457	5744	-35	2297	-1471	395	-577	-593	375	186	174	1827	99
9228	7485	-8125	-9405	5782	-35	2297	-1470	395	-577	-594	375	146	144	1858	99
9250	7435	-8167	-9353	5838	-35	2297	-1469	395	-577	-594	375	105	113	1822	99
9263	7423	-8177	-9339	5846	-35	2297	-1469	395	-577	-594	375	163	159	1722	99
9285	7368	-8228	-9278	5905	-35	2297	-1472	395	-577	-594	375	139	132	1815	99
9306	7330	-8249	-9247	5948	-35	2297	-1469	395	-577	-594	375	134	141	1756	99
9319	7302	-8271	-9222	5983	-35	2297	-1469	395	-577	-594	375	164	181	1758	99
9341	8442	-7135	-10330	4480	-420	2196	-1720	477	-469	-668	242	197	169	1818	99
9415	9015	-5603	-10514	3007	-748	1848	-1671	505	-307	-662	87	172	136	1779	99
9437	8706	-4782	-9992	-3458	-798	1761	-1661	503	-274	-653	57	260	114	1831	99
9497	8643	-4535	-9813	-3457	-879	1586	-1645	493	-213	-630	3	233	90	1809	99
9515	8668	-3942	-9689	-3939	-945	1476	-1598	493	-170	-618	-34	218	85	1754	99
9559	8392	3294	-9035	-5035	-1110	1276	-1519	504	-82	-608	-115	182	214	1726	99
9645	7279	5663	-6977	-6779	-1243	467	-1015	405	155	-433	-288	149	189	1633	99
9675	6562	6212	-6027	-7041	-1187	214	-830	347	207	-355	-314	125	154	1610	99
9767	4774	6191	-4142	-6553	-953	-139	-635	221	241	-210	-309	83	214	1545	99
9785	4420	6222	-3795	-6502	-882	-190	-582	194	237	-180	-297	89	150	1554	99
9828	3350	5629	2989	-5672	-660	-284	-508	116	209	-103	-251	32	83	1578	99
9869	-3292	5000	3627	-4857	-433	-315	-421	50	165	-39	-191	27	56	1679	99
9887	-3250	4664	3437	-4535	-357	-313	-390	30	147	-21	-168	205	143	1650	99
9900	-3641	4473	3809	-4264	-293	-293	-373	16	128	-10	-146	149	132	1632	99
9963	-3592	3530	3561	-3371	-143	-183	-472	-7	64	-3	-87	129	107	1604	99
9982	-3294	3209	3188	-3127	-99	-140	-501	-12	42	-4	-68	78	71	1612	99
10004	-3547	3940	3538	-3787	-214	-304	-593	-13	106	4	-133	83	67	1588	99
10021	-3528	5476	3706	-5312	-414	-650	-704	-25	232	36	-256	56	60	1594	99
10034	-3482	5475	3660	-5299	-414	-650	-704	-25	232	36	-256	69	83	1670	99
10062	-3670	6159	3911	-5966	-512	-824	-814	-33	293	50	-319	86	128	1618	99
10094	-3560	6169	3726	-5987	-498	-831	-911	-41	289	53	-319	67	93	1599	99
10124	-3690	6153	3756	-5991	-506	-826	-1015	-41	287	47	-323	102	105	1640	99
10137	-3741	6046	3758	-5906	-505	-828	-1048	-42	286	47	-324	71	134	1613	99
10161	-3783	6099	3777	-5950	-511	-823	-1083	-41	285	43	-326	75	111	1637	99
10196	-3453	6355	3487	-6228	-507	-826	-1120	-43	284	44	-326	86	131	1618	99
10209	-3637	6043	3578	-5972	-502	-829	-1132	-45	283	45	-326	75	128	1607	99
10242	-3729	6131	3656	-6198	-509	-825	-1164	-44	283	42	-328	71	159	1566	99
10286	-3654	6172	3618	-6344	-485	-839	-1133	-52	282	51	-323	41	111	1598	99
10299	-3633	6174	3606	-6367	-485	-839	-1133	-52	282	51	-323	52	87	1602	99
10314	-3747	6161	3720	-6379	-477	-844	-1113	-55	281	55	-321	36	89	1596	99
10392	-3603	6132	3587	-6438	-476	-844	-1101	-55	282	56	-320	52	184	1564	99
10431	-3586	6182	3586	-6524	-477	-845	-1099	-55	282	56	-321	45	132	1568	99
10444	-3579	6176	3572	-6530	-477	-845	-1099	-55	282	56	-321	40	118	1587	99
10465	-3636	6171	3630	-6529	-459	-855	-1064	-60	281	63	-317	48	109	1572	99
10479	-3622	6169	3618	-6542	-459	-855	-1064	-60	281	63	-317	53	150	1564	99
10506	-3591	6146	3584	-6523	-461	-854	-1067	-60	281	63	-317	61	150	1593	99
10545	-3556	6286	3550	-6704	-472	-848	-1070	-56	282	59	-319	80	140	1651	99
10576	-3598	6175	3605	-6561	-457	-856	-1042	-61	282	65	-316	91	162	1583	99
10615	-3620	6195	3670	-6542	-457	-856	-1040	-60	282	65	-315	60	118	1571	99
10628	-3617	6191	3666	-6538	-457	-856	-1040	-60	282	65	-315	56	100	1593	99
10643	-3678	6219	3718	-6579	-441	-865	-997	-65	281	72	-311	57	84	1588	99
10664	-3585	6133	3649	-6469	-442	-864	-1001	-65	281	71	-312	58	126	1586	99
10677	-3631	6142	3703	-6475	-433	-869	-981	-68	281	75	-310	76	138	1579	99
10699	-3648	6138	3729	-6458	-423	-874	-966	-71	280	79	-307	51	98	1601	99
10740	-3806	6219	3935	-6466	-402	-884	-899	-77	279	88	-301	59	105	1580	99
10753	-3711	6136	3841	-6377	-410	-881	-917	-75	280	85	-303	67	137	1559	99
10774	-3772	6090	3880	-6349	-395	-888	-890	-79	279	91	-300	57	96	1585	99
10824	-3866	6073	4037	-6272	-369	-898	-859	-88	276	101	-294	35	98	1592	99
10837	-3880	6128	4065	-6303	-375	-896	-870	-86	276	98	-295	38	106	1585	99
10859	-3886	6056	4063	-6242	-373	-896	-863	-86	276	99	-295	49	94	1573	99
10893	-3945	6011	4160	-6143	-351	-906	-815	-93	275	108	-289	61	103	1591	99
10954	-4112	5984	4364	-6054	-310	-921	-746	-105	270	123	-278	57	91	1600	99
10994	-4256	5964	4529	-5957	-280	-931	-691	-114	267	134	-270	54	121	1630	99
11013	-4286	5898	4571	-5861	-254	-938	-662	-122	264	143	-264	73	166	1604	99
11034	-4381	5928	4678	-5858	-262	-936	-650	-119	265	141	-265	52	115	1600	99
11100	-4350	5821	4650	-5743	-227	-946	-616	-129	260	152	-256	88	129	1576	99
11154	-4462	5822	4765	-5714	-209	-949	-560	-133	258	159	-250	84	132	1594	99
11189	-4386	5841	4705	-5726	-214	-948	-579	-132	259	157	-252	89	140	1599	99
11202	-4383	5842	4701	-5735	-214	-948	-579	-132	259	157	-252	72	103	1590	99
11224	-4550	5808	4805	-5738	-189	-954	-550	-140	255	165	-245	84	135	1637	99
11243	-4586	5878	4902	-5748	-200	-952	-568	-137	257	162	-248	75	111	1614	99
11258	-4517	5783	4809	-5681	-201	-952	-551	-136	257	162	-248	83	133	1651	99
11279	-4494	5844	4808	-5729	-188	-954	-543	-140	255	166	-245	79	124	1610	99
11305	-4539	5795	4821	-5690	-184	-955	-558	-141	254	166	-244	61	97	1597	99
11345	-4543	5786	4831	-5676	-166	-959	-549	-147	251	172	-240	68	113	1608	99
11358	-4616	5815	4900	-5700	-184	-955	-557	-141	254	167	-244	60	104	1612	99
11372	-4573	5782	4839	-5689	-190	-954	-546	-139	255	165	-245	52	88	1582	99
11394	-4490	5882	4787	-5784	-178	-956	-564	-143	252	168	-243	48	82	1581	99
11424	-4500	5758	4753	-5693	-189	-954	-593	-141	254	164	-246	93	164	1587	99
11459	-4663	5746	4898	-5666	-175	-956	-574	-145	251	169	-242	59	96	1594	99
11472	-4536	5722	4777	-5667	-177	-957	-596	-145	252	167	-244	90	135	1594	99
11498	-4682	5744	4901	-5680	-164	-958	-605	-149	249	171	-241	83	94	1587	99
11511	-4675	5741	4894	-5680	-164	-958	-605	-149	249	171	-241	59	73	1603	99
11570	-4710	5605	4905	-5528	-129	-964	-634	-160	241	179	-233	80	107	1593	99
11587	-4816	5591	4989	-5528	-111	-965	-629	-166	237	184	-228	48	82	1595	99
11609	-4756	5518	4914	-5449	-112	-966	-640	-166	237	184	-228	73	101	1598	99
11643	-4925	5604	5077	-5529	-93	-967	-632	-171	233	189	-223	56	95	1590	99
11684	-5926	-3003	5577	3117	467	-581	-642	-256	8	230	4	88	119	1598	99
11732	-6321	-3008	5977	3230	524	-651	-639	-285	12	260	7	79	60	1601	99
11771	-6587	-2972	6278	3218	569	-691	-615	-304	11	281	12	96	67	1608	99
11784	-6524	2973	6280	3108	585	-717	-622	-314	13	291	12	121	42	1602	99
11811	-6699	2921	6478	3192	607	-776	-658	-332	21	309	6	108	57	1653	99
11824	-6883	2929	6635	3178	623	-802	-664	-341	23	319	6	131	50	1617	99
11860	-7085	3007	6853	3146	654	-855	-677	-360	28	338	4	265	81	1686	99
11877	-7293	3105	7047	3076	664	-885	-692	-369	33	347	1	149	64	1635	99
11912	-7384	3173	7114	2982	670	-955	-753	-385	46	363	-11	174	73	1628	99
11925	-7396	3177	7111	2969	670	-955	-753	-385	46	363	-11	167	80	1725	99
11938	-7480	3276	7188	-2933	670	-991	-784	-393	54	371	-19	153	87	1661	99
11997	-7903	3742	7580	-3424	657	-1141	-915	-421	88	400	-54	218	99	1660	99
12014	-7878	3855	7544	-3549	644	-1182	-960	-426	100	405	-67	250	127	1677	99
12036	-8259	4078	7926	-3757	653	-1247	-987	-441	112	422	-77	290	116	1701	99
12049	-8255	4084	7916	-3757	653	-1247	-987	-441	112	422	-77	227	127	1671	99
12063	-8150	4142	7841	-3801	639	-1287	-1029	-446	124	427	-90	203	142	1711	99
12078	-8261	4247	7941	-3927	658	-1312	-1020	-456	126	438	-88	167	113	1657	99
12100	-8381	4372	8088	-4041	657	-1379	-1055	-469	141	452	-102	134	121	1640	99
12119	-8612	4458	8340	-4074	676	-1403	-1042	-478	142	463	-101	116	104	1611	99
12141	-8528	4571	8303	-4161	650	-1448	-1093	-481	158	466	-118	295	117	1743	99
12181	-8759	4778	8555	-4339	667	-1508	-1099	-497	168	484	-125	150	117	1695	99
12220	-8988	4861	8796	-4394	703	-1590	-1092	-522	179	512	-130	240	140	1821	99
12255	-9294	4855	9128	-4302	743	-1638	-1072	-541	181	534	-127	340	190	1776	99
12268	-9181	5015	9060	-4449	735	-1674	-1092	-547	191	540	-137	350	173	1713	99
12291	-9476	5227	9381	-4606	716	-1715	-1122	-550	205	544	-150	378	178	1923	99
12367	-9935	5299	9893	-4564	814	-1837	-1063	-598	212	598	-144	424	205	1959	99
12406	-9938	5370	9932	-4594	827	-1897	-1067	-613	223	615	-152	587	274	2029	99
12427	-10091	5402	10086	-4575	862	-1914	-1041	-625	219	628	-144	512	258	2018	99
12446	-10288	5448	10346	-4535	886	-1971	-1034	-642	227	647	-148	409	194	1984	99
12478	-10619	5563	10684	-4567	918	-2022	-1016	-660	233	668	-148	493	237	1928	99
12545	-10749	5610	10861	-4433	974	-2129	-987	-695	245	707	-151	559	322	2074	99
12599	-10900	6152	11098	-4892	939	-2276	-1031	-714	287	733	-190	615	337	2144	99
12658	-11075	6375	11201	-5114	956	-2366	-1021	-735	305	758	-201	704	301	2011	99
12744	-11637	6481	11832	-5017	1042	-2493	-964	-781	316	810	-199	1134	417	2473	99
12783	-11379	6480	11583	-5041	1064	-2517	-923	-790	318	822	-197	877	382	2471	99
12805	-11231	6467	11450	-5047	1054	-2522	-921	-788	321	821	-200	890	374	2402	99
12826	-11477	6546	11690	-5095	1065	-2517	-900	-790	318	823	-196	907	417	2402	99
12898	-11030	6740	11340	-5368	980	-2552	-909	-773	346	811	-226	688	334	2222	99
12933	-10808	7188	11219	-5837	881	-2588	-932	-753	378	795	-261	643	344	2139	99
12946	-10797	7177	11208	-5829	881	-2588	-932	-753	378	795	-261	563	293	2122	99
12985	-10592	7449	11049	-6170	799	-2615	-938	-735	403	782	-289	492	305	2037	99
12998	-10400	7508	10864	-6268	767	-2625	-943	-728	413	777	-300	478	278	2039	99
13054	-9938	7927	10463	-6812	635	-2660	-974	-699	452	753	-344	290	307	1940	99
13072	-9760	8234	10322	-7146	533	-2683	-1008	-675	481	733	-378	416	335	1892	99
13093	-9619	8616	10261	-7553	452	-2698	-1040	-656	502	717	-404	306	325	1885	99
13115	-9501	8733	10140	-7775	406	-2705	-1038	-645	515	707	-418	241	292	1749	99
13137	-9085	8726	9733	-7838	353	-2712	-1051	-632	529	696	-435	287	388	1867	99
13158	-9416	9010	10111	-8081	308	-2718	-1053	-620	541	687	-448	254	393	1792	99
13211	-8189	9564	8954	-8882	45	-2736	-1121	-552	605	627	-527	263	416	1718	99
13241	-8286	9909	9070	-9256	-28	-2735	-1137	-532	622	609	-548	179	455	1717	99
13341	-6999	10660	7967	-10247	-372	-2650	-1115	-420	684	508	-627	165	665	1702	99
13394	-6254	10711	7246	-10488	-526	-2624	-1078	-371	716	466	-664	145	734	1706	99
13490	-5506	10827	6681	-10575	-691	-2586	-856	-311	752	424	-697	197	691	1684	99
13544	-4842	11172	6167	-10881	-853	-2537	-696	-253	783	379	-729	230	743	1702	99
13566	-4761	11210	6112	-10922	-911	-2516	-662	-232	793	361	-740	197	643	1687	99
13579	-4837	11560	6275	-11222	-922	-2513	-576	-226	797	360	-740	189	649	1678	99
13603	-4498	11217	5934	-10879	-928	-2511	-515	-222	800	360	-740	232	665	1672	99
13624	-4833	11457	6356	-11008	-906	-2519	-405	-226	800	370	-732	234	597	1669	99
13637	-4367	11517	5990	-11066	-997	-2484	-384	-194	814	341	-750	261	846	1720	99
13703	-4189	11620	6007	-10988	-1041	-2466	0	-168	831	337	-748	242	1044	1738	99
13759	-4076	11668	5907	-11011	-1078	-2450	0	-154	836	325	-756	217	1046	1735	99
13815	-4186	11536	5995	-10901	-1078	-2450	0	-154	836	325	-756	244	830	1744	99
13871	-4317	11461	6073	-10809	-1078	-2450	0	-154	836	325	-756	198	883	1656	99
13937	3029	12036	5006	-11191	-1361	-2302	635	-30	885	240	-789	227	1013	1681	99
14004	4357	11841	3634	-11304	-1600	-2068	668	80	888	129	-811	183	796	1608	99
14065	5508	11570	-3519	-11341	-1825	-1787	598	193	872	7	-824	230	918	1683	99
14136	6863	10733	-5100	-10953	-2006	-1380	431	314	814	-136	-803	239	577	1633	99
14227	7553	8855	-6329	-9475	-1964	-836	286	400	671	-259	-695	164	222	1573	99
14284	7579	8262	-6568	-8972	-1865	-583	217	417	586	-297	-622	171	247	1645	99
14301	7641	7703	-6748	-8460	-1828	-492	179	423	554	-311	-596	142	159	1595	99
14416	7175	5516	-6835	-6434	-1471	7	0	411	346	-350	-408	113	94	1637	99
14433	7111	5157	-6854	-6097	-1408	88	0	409	312	-354	-376	97	96	1636	99
14476	6721	4305	-6662	-5265	-1199	253	0	381	224	-344	-287	64	45	1598	99
14541	5732	-3591	-6058	-3045	-841	492	0	326	82	-316	-143	51	97	1623	99
14565	5641	-3433	-5963	-3068	-732	539	0	304	45	-301	-103	83	158	1619	99
14584	5269	-4082	-5673	3513	-599	594	0	277	1	-282	-56	92	158	1668	99
14627	3921	-5013	-4560	4756	-251	591	0	180	-80	-199	39	39	170	1583	99
14657	4247	-5142	-5055	4669	-253	797	0	218	-129	-248	77	66	245	1598	99
14787	4471	-5246	-4917	5546	-152	997	1178	261	-166	-239	175	60	166	1602	99
14804	4767	-5063	-5060	5536	-196	988	1355	276	-149	-242	167	59	138	1563	99
14843	5132	-4559	-5188	5278	-296	962	1662	308	-111	-251	143	87	158	1676	99
15142	7252	-3027	-5896	4000	-526	859	2428	375	-10	-260	81	227	89	1612	99
15233	7402	-2903	-5971	3837	-544	850	2457	378	-3	-261	75	146	102	1615	99
15389	7395	-2940	-6013	3791	-524	863	2383	373	-13	-261	81	147	87	1599	99
15408	7355	-3009	-5970	3864	-519	866	2371	372	-15	-261	82	104	71	1585	99
15458	7362	-2969	-5990	3805	-529	860	2388	374	-11	-262	79	145	81	1646	99
15492	7393	2907	-6006	3732	-517	867	2381	372	-15	-261	84	137	72	1685	99
15505	7240	-3045	-5867	3906	-512	870	2362	371	-18	-261	85	97	62	1633	99
15519	7293	-3053	-5930	3878	-496	880	2339	367	-25	-260	91	156	74	1609	99
15540	7364	-3196	-6029	3986	-507	874	2348	370	-20	-261	87	188	91	1638	99
15581	7232	-3130	-5940	3928	-496	880	2334	367	-25	-260	90	127	87	1630	99
15611	7196	-3169	-5923	3977	-491	883	2314	366	-27	-260	92	91	73	1650	99
15655	7172	-3178	-5884	3993	-480	889	2300	363	-32	-259	96	156	73	1574	99
15672	7241	-3173	-5977	3964	-491	884	2324	366	-27	-260	92	206	68	1611	99
15698	7185	-3317	-5927	4127	-465	897	2275	360	-38	-258	100	160	79	1624	99
15874	7136	-3353	-5919	4135	-439	911	2237	354	-49	-257	109	107	76	1624	99
15950	6932	-3605	-5819	4343	-408	926	2183	347	-61	-254	119	108	84	1596	99
15994	6838	-3655	-5742	4386	-377	940	2145	340	-73	-251	129	91	62	1565	99
16024	6721	-3733	-5683	4437	-364	944	2119	336	-77	-250	133	140	106	1622	99
16072	6736	-3850	-5706	4564	-347	950	2092	332	-84	-248	138	107	80	1593	99
16104	6649	-3917	-5642	4622	-329	957	2073	328	-90	-246	144	84	82	1591	99
16122	6707	-4009	-5733	4677	-304	966	2053	322	-99	-243	152	105	75	1626	99
16170	6624	-4032	-5647	4725	-287	971	2054	318	-104	-240	158	142	67	1634	99
16187	6557	-4131	-5610	4816	-271	976	2039	314	-109	-238	163	147	81	1609	99
16239	6479	-4252	-5587	4917	-252	981	2016	309	-115	-235	168	137	83	1611	99
16294	6168	-4492	-5370	5133	-193	994	1937	293	-135	-226	185	95	70	1591	99
16330	6136	-4584	-5411	5168	-159	1000	1898	283	-145	-221	194	68	77	1592	99
16931	3549	-7919	-4011	8112	683	1248	939	67	-431	-107	448	82	218	1580	99
16970	3577	-8272	-4132	8422	720	1297	925	66	-452	-110	468	83	190	1609	99
16983	3487	-8428	-4105	8555	745	1317	901	62	-463	-110	478	97	212	1604	99
17005	3497	-8316	-4103	8454	766	1340	895	60	-473	-110	488	91	276	1607	99
17070	3546	-8920	-4286	8986	800	1459	920	74	-509	-130	520	74	310	1580	99
17146	3461	-9450	-4353	9454	914	1567	854	60	-564	-130	570	67	518	1583	99
17164	3498	-9643	-4412	9653	924	1596	856	63	-573	-135	578	106	386	1608	99
17178	3490	-9636	-4413	9644	951	1615	838	58	-584	-133	589	118	434	1682	99
17206	3243	-9919	-4256	9908	983	1666	827	58	-604	-138	607	115	337	1620	99
17245	3093	-10181	-4188	10153	1063	1688	764	38	-630	-126	631	141	464	1640	99
17267	3255	-10289	-4396	10211	1075	1716	760	40	-640	-130	640	151	508	1620	99
17302	3180	-10503	-4361	10414	1103	1770	756	42	-659	-136	657	154	695	1604	99
17358	3087	-10716	-4378	10591	1181	1863	716	36	-701	-141	695	241	901	1706	99
17371	2989	-11162	-4343	11048	1230	1867	676	22	-714	-131	709	229	823	1703	99
17393	-3047	-11115	-4167	11001	1272	1875	643	11	-727	-124	721	230	832	1660	99
17486	3029	-11630	-4611	11385	1315	2062	641	34	-782	-158	768	276	1249	1743	99
17561	3551	-11740	-5252	11353	1289	2220	671	72	-812	-201	790	223	1094	1660	99
17604	3348	-12073	-5170	11670	1360	2283	608	62	-846	-201	820	472	1845	1900	99
17625	3369	-12004	-5179	11554	1360	2283	608	62	-846	-201	820	371	1572	1817	99
17647	-3010	-12192	-4758	12216	1513	2221	444	3	-872	-155	847	255	1551	1720	99
17680	-3372	-12197	-4454	11860	1559	2190	368	-17	-878	-139	852	396	1947	2029	99
17710	-3892	-12096	-3945	11698	1656	2117	242	-61	-887	-102	862	596	3522	2002	99
17736	-4004	-12204	-3847	12221	1682	2097	198	-73	-889	-92	864	563	2851	2057	99
17749	-3865	-12207	-3981	11771	1661	2113	195	-64	-888	-101	861	636	2592	2027	99
17793	-3890	-12210	-3997	12121	1682	2097	0	-79	-895	-98	859	502	2115	1900	99
17815	-3906	-11948	-3848	11656	1700	2083	0	-87	-896	-90	861	384	1697	1768	99
17828	-4030	-12210	-3772	12157	1707	2077	0	-90	-896	-87	862	337	1531	1708	99
17888	3637	-11964	-5382	11249	1405	2292	165	38	-871	-205	822	237	1075	1675	99
17949	4841	-11650	-6480	10747	1063	2338	292	146	-797	-293	739	194	766	1630	99
18019	5766	-10458	-7113	9539	834	2429	311	227	-764	-369	693	188	445	1719	99
18045	6196	-10252	-7569	9223	736	2461	342	261	-747	-399	672	155	426	1616	99
18058	6293	-10382	-7679	9336	726	2463	249	262	-748	-404	667	165	396	1667	99
18106	6134	-10090	-7575	8951	703	2471	156	267	-747	-414	659	171	396	1706	99
18119	6125	-10411	-7713	9158	685	2475	0	268	-748	-424	651	165	349	1699	99
18140	6452	-10177	-8064	8809	589	2500	0	300	-732	-452	629	151	447	1723	99
18172	6596	-9936	-8137	8573	560	2507	0	309	-726	-461	622	209	311	1647	99
18185	6515	-10334	-8066	9057	573	2504	0	305	-729	-457	625	219	262	1759	99
18207	6704	-10049	-8257	8683	517	2516	0	323	-718	-473	612	231	302	1688	99
18250	6579	-10122	-8260	8614	533	2513	-239	311	-728	-475	608	150	259	1775	99
18304	6430	-9815	-8221	8145	474	2464	-510	311	-710	-485	575	160	308	1766	99
18318	6634	-9922	-8480	8169	421	2473	-564	326	-701	-501	561	135	309	1696	99
18339	6609	-9936	-8448	8201	421	2473	-563	326	-701	-501	561	115	259	1641	99
18383	6875	-9388	-8783	7435	287	2431	-812	348	-667	-530	509	146	382	1759	99
18400	6901	-9602	-8851	7647	297	2430	-921	342	-672	-531	508	143	325	1746	99
18559	8207	-8635	-10253	6026	-136	2443	-1458	451	-587	-652	375	198	239	1916	99
18631	8144	-8684	-10131	6146	-136	2443	-1459	451	-587	-652	375	208	206	1879	99
18648	8118	-8689	-10082	6190	-136	2443	-1457	451	-587	-652	375	201	185	1958	99
18687	8054	-8718	-10025	6258	-136	2443	-1458	451	-587	-652	375	145	173	1917	99
18727	8986	-7585	-10896	4842	-415	2410	-1721	515	-521	-718	283	239	257	1863	99
18798	10152	-6350	-11723	3569	-853	2228	-1607	606	-371	-775	131	363	191	2183	99
18824	10181	-5149	-11419	-3289	-1013	2093	-1561	627	-299	-780	62	401	178	2431	99
18865	10711	-3722	-11568	-4562	-1289	1861	-1446	664	-176	-787	-54	526	194	2157	99
18887	10679	-3087	-11385	-5047	-1392	1785	-1393	680	-132	-792	-95	442	188	2120	99
18960	10634	4690	-10659	-6706	-1674	1240	-1128	665	70	-722	-267	550	336	1900	99
19005	9554	6271	-9102	-7831	-1745	756	-876	602	209	-617	-370	373	189	1761	99
19062	8039	7327	-7235	-8339	-1632	299	-692	491	296	-477	-418	215	204	1638	99
19119	6978	7014	-6222	-7772	-1475	102	-630	412	307	-391	-409	120	185	1617	99
19195	4641	7229	-3730	-7335	-1118	-349	-397	235	336	-193	-387	67	183	1567	99
19212	4336	7011	-3441	-7033	-1025	-424	-338	197	333	-151	-374	83	199	1567	99
19256	3814	6486	-2988	-6412	-879	-451	-301	152	306	-109	-337	53	149	1547	99
19336	-3653	5027	4094	-4575	-363	-500	-160	3	200	28	-198	211	108	1738	99
19371	-3968	4397	4304	-3896	-229	-438	-165	-22	153	44	-150	136	120	1625	99
19384	-4365	5002	4844	-4378	-273	-638	-173	-47	211	81	-199	135	142	1600	99
19406	-3167	5097	3692	-4673	-217	-594	-186	-55	187	84	-176	83	104	1630	99
19421	-4224	5452	4797	-4838	-257	-791	-242	-82	241	119	-225	75	123	1600	99
19474	-4906	5795	5498	-5183	-208	-1007	-350	-139	278	179	-255	91	117	1674	99
19561	-5479	5225	5900	-4657	-8	-1023	-406	-199	233	229	-203	152	126	1617	99
19578	-5438	5130	5821	-4591	38	-1022	-379	-211	222	240	-189	115	133	1703	99
19643	-5832	4813	6076	-4262	136	-1012	-424	-238	195	260	-161	95	73	1630	99
19667	-5951	4664	6175	-4110	194	-1002	-421	-252	179	271	-144	137	87	1709	99
19759	-6398	4363	6564	-3760	283	-980	-414	-272	153	287	-114	126	89	1647	99
19813	-6495	4122	6609	-3522	353	-956	-370	-286	132	300	-89	131	84	1720	99
19826	-6550	4067	6665	-3459	361	-954	-364	-288	130	301	-86	119	83	1673	99
19876	-6494	4005	6605	-3397	389	-944	-330	-293	122	306	-76	169	93	1718	99
19893	-6550	4050	6688	-3420	394	-941	-328	-294	120	307	-74	169	77	1652	99
19915	-6464	4071	6597	-3471	389	-944	-354	-294	121	306	-76	97	52	1599	99
19950	-6487	4052	6627	-3447	403	-937	-331	-296	117	308	-70	129	75	1701	99
19984	-6472	3999	6567	-3453	412	-934	-334	-297	114	309	-68	132	85	1718	99
19997	-6429	3951	6516	-3398	418	-931	-327	-298	112	310	-65	126	79	1656	99
20019	-6629	4144	6741	-3555	404	-937	-352	-296	116	308	-71	98	76	1607	99
20069	-6343	4048	6399	-3572	404	-937	-366	-297	116	307	-71	122	78	1631	99
20099	-6277	4135	6359	-3652	389	-943	-406	-295	119	304	-78	121	88	1662	99
20134	-6405	4242	6493	-3763	379	-948	-418	-293	122	302	-82	105	73	1610	99
20147	-6266	4121	6310	-3690	376	-949	-421	-293	123	302	-83	132	69	1657	99
20169	-6272	4149	6306	-3713	378	-948	-423	-293	123	302	-82	94	72	1598	99
20203	-6344	4224	6369	-3767	364	-954	-439	-291	127	300	-88	114	100	1632	99
20222	-6336	4218	6381	-3773	364	-954	-439	-291	127	300	-88	96	95	1637	99
20235	-6273	4196	6297	-3779	383	-946	-416	-294	121	303	-80	86	81	1634	99
20294	-6305	4086	6315	-3657	393	-942	-415	-296	118	304	-77	120	91	1609	99
20324	-6240	4151	6294	-3713	395	-942	-426	-297	117	304	-77	155	105	1667	99
20341	-6318	4098	6347	-3660	386	-946	-434	-295	120	303	-80	107	84	1636	99
20363	-6243	4079	6248	-3660	397	-942	-433	-298	116	305	-76	115	116	1651	99
20424	-6433	4261	6438	-3851	385	-881	-440	-283	105	287	-68	116	108	1602	99
20454	-6132	3958	6123	-3574	385	-881	-445	-283	105	287	-68	112	93	1676	99
20474	-6140	3989	6150	-3604	381	-882	-451	-283	105	286	-70	67	54	1616	99
20487	-6141	3997	6150	-3619	370	-888	-463	-281	109	285	-74	127	62	1639	99
20523	-6200	4003	6197	-3608	392	-878	-441	-285	102	288	-66	85	82	1631	99
20536	-6095	3923	6057	-3523	396	-876	-432	-285	101	289	-64	94	111	1629	99
20558	-6043	3926	5981	-3514	405	-872	-438	-287	98	290	-61	103	87	1599	99
20571	-6249	3912	6170	-3474	399	-875	-427	-286	100	289	-63	121	69	1677	99
20593	-6113	3790	6014	-3346	439	-856	-389	-292	87	295	-47	79	74	1627	99
20612	-6159	3732	6066	-3246	452	-849	-377	-294	83	297	-42	61	51	1580	99
20655	-6169	3538	5992	-2977	508	-816	-319	-302	64	304	-19	104	77	1621	99
20672	-6381	3412	6185	2988	517	-810	-282	-302	61	306	-14	92	80	1632	99
20694	-6398	3412	6196	2985	517	-810	-282	-302	61	306	-14	125	109	1613	99
20713	-6341	3265	6158	3170	567	-777	-220	-308	43	312	7	118	78	1683	99
20726	-6348	3268	6207	3152	567	-777	-220	-308	43	312	7	102	77	1630	99
20774	-6417	2909	6444	3657	644	-714	0	-312	16	321	46	90	69	1613	99
20858	-6528	2952	6509	3435	623	-732	-259	-317	18	314	30	150	72	1638	99
20875	-6499	2940	6456	3407	623	-733	-270	-317	18	313	29	170	73	1616	99
20888	-6485	2949	6412	3385	614	-740	-292	-317	21	312	25	135	77	1627	99
20903	-6444	2977	6373	3350	594	-756	-325	-315	29	310	15	109	75	1628	99
20916	-6453	3096	6391	3176	583	-765	-350	-314	33	309	10	131	80	1616	99
20931	-6454	3091	6404	3167	583	-765	-350	-314	33	309	10	97	58	1587	99
20980	-6476	3213	6359	2942	553	-787	-451	-313	42	305	-4	147	75	1643	99
20993	-6417	3278	6320	-2941	532	-802	-489	-311	50	302	-14	128	64	1614	99
21037	-6442	3438	6233	-3209	497	-824	-585	-308	61	296	-31	116	81	1582	99
21054	-6411	3496	6176	-3275	481	-834	-615	-306	66	294	-38	104	83	1604	99
21067	-6359	3589	6128	-3379	461	-845	-659	-304	72	291	-47	156	90	1638	99
21093	-6366	3707	6054	-3577	442	-855	-722	-302	77	287	-56	135	76	1664	99
21106	-6487	3630	6134	-3501	453	-849	-689	-303	74	289	-50	222	90	1685	99
21128	-6393	3654	6072	-3496	451	-850	-701	-303	74	288	-51	155	97	1626	99
21141	-6431	3648	6117	-3489	457	-847	-701	-304	72	289	-49	144	80	1705	99
21177	-6588	3654	6305	-3443	477	-836	-685	-307	65	292	-41	148	86	1648	99
21212	-6550	3520	6290	-3288	495	-826	-658	-310	59	294	-34	113	98	1676	99
21247	-6576	3496	6361	-3206	501	-822	-665	-311	57	295	-31	179	93	1628	99
21260	-6595	3415	6344	-3142	514	-814	-651	-313	52	296	-26	134	86	1624	99
21275	-6603	3422	6361	-3146	514	-814	-651	-313	52	296	-26	193	107	1638	99
21297	-6576	3402	6351	-3106	515	-814	-655	-313	52	296	-26	130	108	1678	99
21314	-6686	3413	6453	-3102	521	-811	-651	-314	50	297	-23	122	90	1616	99
21329	-6687	3417	6463	-3105	521	-811	-651	-314	50	297	-23	143	101	1690	99
21359	-6671	3360	6443	-3043	531	-804	-633	-315	46	298	-18	131	86	1634	99
21372	-6669	3367	6458	-3031	531	-804	-643	-315	46	298	-19	135	80	1690	99
21400	-6703	3320	6478	-2985	536	-801	-626	-316	45	299	-17	143	96	1691	99
21413	-6679	3294	6465	-2957	542	-798	-613	-316	43	300	-14	118	88	1637	99
21434	-6801	3322	6595	-2945	546	-795	-598	-317	41	301	-12	207	102	1643	99
21469	-6845	3435	6669	-3041	564	-782	-595	-319	35	302	-4	140	85	1614	99
21513	-6712	3214	6497	2939	564	-783	-590	-319	35	302	-4	169	83	1708	99
21526	-6711	3269	6524	2917	552	-790	-608	-318	39	301	-9	140	88	1651	99
21539	-6722	3230	6494	2933	565	-781	-586	-319	34	302	-4	172	88	1661	99
21554	-6680	3227	6472	2964	562	-784	-593	-319	35	302	-5	109	60	1618	99
21567	-6856	3292	6637	2922	563	-782	-594	-319	35	302	-4	148	71	1613	99
21582	-6745	3227	6509	2975	559	-785	-580	-318	37	302	-6	89	56	1601	99
21612	-6667	3273	6435	-2907	547	-795	-581	-316	42	301	-11	139	52	1606	99
21625	-6667	3277	6438	-2917	547	-795	-581	-316	42	301	-11	137	50	1715	99
21647	-6670	3367	6464	-3003	537	-801	-597	-315	45	300	-15	126	76	1649	99
21664	-6655	3382	6437	-3034	522	-810	-604	-313	51	298	-22	156	82	1631	99
