0	-5249	3879	5491	-3352	0	0	360	0	0	1	1	-4	-6	1526	88
10	-3101	-3041	-3161	-3242	-103	120	-140	0	0	1	1	19	8	1556	88
55	-2978	3057	-3225	-3547	-12	-38	-500	-4	0	5	3	36	49	1548	88
109	2986	3466	-3298	-3948	-54	49	-80	-4	-1	-1	6	52	79	1565	88
126	3022	3572	-3304	-4044	-11	-47	-640	-6	-1	-1	3	43	78	1551	88
139	3022	3572	-3304	-4044	-11	-47	-640	-8	-3	-1	3	51	61	1553	88
152	3062	3679	-3313	-4141	12	43	-440	-7	-5	0	2	61	75	1559	88
165	3094	3781	-3324	-4242	-5	-16	-250	-4	-5	0	2	58	81	1584	88
178	3094	3781	-3324	-4242	-5	-16	-250	-1	-4	0	2	52	52	1555	88
204	3182	3969	-3392	-4454	-93	-43	640	1	-6	0	0	57	77	1551	88
222	3219	4070	-3411	-4560	-155	63	180	3	-5	0	0	59	61	1549	88
235	3260	4166	-3439	-4664	-31	89	210	5	-7	0	0	48	63	1563	88
248	3306	4263	-3469	-4768	60	-49	210	7	-6	0	0	64	97	1594	88
282	3352	4359	-3502	-4873	42	-66	280	12	0	-2	0	63	98	1583	88
295	3447	4546	-3577	-5086	-46	2	160	13	2	-4	0	48	94	1563	88
308	3501	4635	-3624	-5193	-18	61	930	13	2	-4	0	43	84	1580	88
321	3501	4635	-3624	-5193	-18	61	930	16	4	-3	0	53	84	1596	88
352	3592	4828	-3686	-5402	-99	-1	340	17	8	-5	-2	57	95	1560	88
375	3696	5015	-3765	-5610	-61	-7	360	20	11	-4	-2	56	110	1613	88
388	3738	5115	-3786	-5711	-36	5	-120	20	12	-6	-4	85	126	1589	88
401	3738	5115	-3786	-5711	-36	5	-120	23	14	-5	-6	70	103	1578	88
427	3792	5211	-3825	-5817	-22	8	340	25	20	-9	-9	59	102	1565	88
477	4031	5567	-4028	-6235	-142	24	460	28	25	-14	-17	55	89	1549	88
507	4110	5772	-4062	-6438	-218	-6	-150	31	33	-16	-22	67	111	1568	88
524	4168	5862	-4108	-6540	-138	-36	400	32	32	-15	-24	103	156	1583	88
537	4214	5966	-4130	-6642	-187	-123	-60	32	36	-18	-29	116	176	1578	88
576	4305	6164	-4181	-6843	-115	-50	-550	36	45	-24	-40	96	213	1566	88
606	4424	6352	-4269	-7049	-170	-103	-510	36	48	-26	-48	104	179	1558	88
637	4509	6557	-4308	-7252	-74	-123	380	36	52	-29	-57	100	172	1594	88
676	4562	6771	-4310	-7452	-99	-64	380	40	60	-34	-67	93	204	1576	88
715	4570	7012	-4242	-7649	-147	-54	-800	43	64	-40	-78	77	193	1578	88
728	4606	6995	-4291	-7651	-176	-20	720	42	67	-42	-81	84	178	1582	88
767	4525	7031	-4183	-7646	-327	153	-520	45	72	-47	-93	81	152	1591	88
790	4456	7066	-4080	-7635	-336	-308	-260	48	77	-49	-99	150	209	1629	88
809	4404	7091	-4003	-7626	-162	-144	-980	50	80	-51	-105	158	233	1580	88
831	4357	7108	-3943	-7622	-525	-26	-470	50	82	-52	-108	160	227	1543	88
844	4316	7125	-3883	-7612	-278	-151	-570	52	86	-52	-112	121	210	1552	88
865	4299	7131	-3858	-7607	-373	-206	-270	54	90	-56	-118	128	202	1566	88
878	4249	7152	-3788	-7599	-257	-156	-830	54	95	-60	-121	101	219	1543	88
917	4223	7161	-3753	-7594	-212	-249	-470	55	104	-66	-127	86	154	1558	88
958	4189	7178	-3698	-7584	-341	-233	-280	56	111	-79	-135	116	311	1515	88
997	4145	7201	-3623	-7567	-354	-238	-130	61	119	-80	-145	86	310	1544	88
1010	4145	7201	-3623	-7567	-354	-238	-130	63	121	-80	-149	80	286	1543	88
1031	4155	7198	-3631	-7564	-276	-257	-420	60	125	-84	-150	74	224	1561	88
1053	4047	7232	-3482	-7535	-308	-314	-1850	61	132	-82	-157	123	295	1565	88
1094	4019	7253	-3423	-7519	-444	-374	-220	60	138	-76	-169	126	253	1538	88
1126	3949	7269	-3332	-7500	-349	-221	60	61	145	-74	-176	108	258	1607	88
1156	3879	7285	-3232	-7472	-465	-502	-1860	62	148	-73	-183	100	184	1558	88
1173	3893	7284	-3250	-7477	-447	-274	340	62	150	-72	-183	81	233	1530	88
1188	3835	7299	-3166	-7455	-485	-466	-1190	62	152	-72	-185	68	164	1537	88
1209	3741	7316	-3039	-7420	-414	-380	-360	67	156	-69	-189	94	152	1551	88
1222	3648	7332	-2915	-7385	-562	-423	-1490	68	158	-69	-194	126	207	1539	88
1244	3644	7332	-2914	-7388	-480	-221	300	68	164	-71	-196	95	196	1540	88
1257	3588	7339	2964	-7360	-334	-419	-1010	66	164	-73	-198	68	271	1556	88
1324	3464	7357	3133	-7307	-438	-288	-600	67	178	-54	-204	106	187	1563	88
1336	3400	7395	3288	-7232	-556	-254	-920	67	178	-52	-205	109	170	1593	88
1358	3367	7390	3321	-7220	-355	-517	-640	66	182	-45	-209	77	197	1580	88
1371	3280	7383	3409	-7196	-531	-369	-870	67	187	-40	-209	72	191	1570	88
1392	3248	7378	3440	-7185	-560	-400	-20	68	190	-38	-209	55	172	1569	88
1405	3248	7378	3440	-7185	-560	-400	-20	70	193	-34	-210	65	146	1586	88
1430	3275	7383	3413	-7196	-509	-327	360	73	200	-32	-207	90	210	1566	88
1443	3269	7382	3419	-7193	-415	-340	160	74	201	-32	-205	74	227	1555	88
1464	3269	7382	3419	-7193	-415	-340	160	79	205	-27	-202	96	193	1552	88
1477	3344	7153	3227	-7075	-2048	-1287	1240	79	209	-25	-201	87	155	1570	88
1499	3382	7150	3176	-7094	-500	-339	990	81	215	-19	-201	98	207	1543	88
1557	3594	7129	-2905	-7188	-694	-402	1410	90	224	-11	-195	49	214	1561	88
1570	3594	7129	-2905	-7188	-694	-402	1410	90	226	-10	-195	49	161	1572	88
1628	3800	7096	-3175	-7262	-662	-299	2470	100	231	-7	-193	86	154	1584	88
1682	3861	7086	-3256	-7285	-278	-169	350	105	234	-14	-198	70	163	1555	88
1695	3885	7083	-3283	-7289	-486	-427	410	109	234	-18	-199	86	149	1541	88
1729	4009	7042	-3469	-7335	-701	-450	1850	112	234	-27	-200	72	152	1575	88
1747	4019	7042	-3478	-7335	-494	-386	180	114	235	-26	-202	94	161	1626	88
1761	4039	7031	-3515	-7346	-643	-270	1070	115	237	-30	-205	73	121	1585	88
1783	4045	7023	-3531	-7349	-619	-280	740	117	236	-35	-209	78	127	1600	88
1837	3990	7031	-3475	-7348	-481	-397	-490	117	234	-45	-210	90	136	1554	88
1864	3990	7031	-3475	-7348	-481	-397	-490	117	231	-48	-214	82	111	1568	88
1877	3924	7037	-3405	-7339	-719	-246	120	119	227	-55	-215	72	190	1565	88
1899	3968	7022	-3471	-7355	-448	-249	1030	115	224	-56	-215	67	156	1573	88
1946	3847	7028	-3351	-7341	-799	-215	80	112	220	-64	-220	84	141	1556	88
1964	3771	7039	-3259	-7322	-500	-280	-480	112	217	-65	-223	86	134	1562	88
1977	3747	7040	-3234	-7317	-439	-306	130	111	216	-65	-222	77	133	1583	88
2020	3457	6840	-2969	-7060	-602	-191	560	106	213	-70	-223	66	144	1554	88
2033	3298	6836	3000	-7014	-567	-191	-340	107	212	-70	-224	67	131	1590	88
2047	3221	6831	3082	-6990	-395	-282	-10	105	210	-67	-222	-42	23	2057	88
2062	3080	6626	3202	-6748	-695	-561	-1150	104	209	-65	-223	1	82	1846	88
2084	2969	6409	3274	-6519	-527	-395	110	104	208	-61	-226	31	121	1629	88
2118	-4198	-2908	3986	-2909	-452	-364	-650	92	206	-49	-218	58	293	1632	88
2131	-4198	-2908	3986	-2909	-452	-364	-650	86	201	-44	-214	84	188	1592	88
2146	-4296	2907	4083	-2913	-607	-325	620	81	196	-41	-212	93	108	1591	88
2167	-4489	2920	4294	2927	-515	-427	680	72	193	-38	-210	93	83	1567	88
2211	-4685	2963	4484	2904	-494	-379	1230	54	182	-23	-183	59	66	1545	88
2224	-4782	2956	4596	2946	-187	-152	-650	50	180	-18	-176	51	47	1551	88
2237	-4879	2964	4700	2962	-607	-551	30	46	175	-14	-169	48	45	1538	88
2263	-5071	3012	4892	2939	-321	-206	1350	39	168	-5	-151	60	75	1578	88
2276	-5172	3011	5004	2972	-206	-338	-370	37	166	-2	-145	122	82	1566	88
2297	-5267	3046	5095	2943	-217	-299	860	33	160	7	-129	125	82	1665	88
2314	-5354	3126	5165	-2955	-101	-262	2460	30	155	11	-119	113	84	1655	88
2327	-5449	3148	5263	-2960	-159	-117	250	27	150	15	-113	126	78	1614	88
2386	-5707	3317	5510	-3127	10	-283	240	13	130	31	-89	132	82	1602	88
2403	-5791	3375	5593	-3181	-188	-238	940	9	121	32	-83	99	88	1592	88
2416	-5877	3419	5682	-3213	63	-264	600	6	118	33	-79	88	83	1592	88
2438	-5960	3471	5767	-3259	-52	-106	660	3	110	35	-76	124	88	1582	88
2451	-6041	3532	5849	-3314	-323	-246	1000	-2	107	34	-73	120	103	1625	88
2464	-6132	3557	5949	-3317	15	-189	-30	-4	102	36	-69	141	93	1606	88
2485	-6223	3585	6047	-3325	15	-189	-30	-8	94	40	-63	131	84	1590	88
2498	-6310	3622	6142	-3344	-126	-256	190	-12	88	41	-60	134	121	1579	88
2535	-6583	3712	6439	-3375	-38	-264	-690	-22	78	46	-53	140	142	1659	88
2548	-6669	3754	6530	-3402	-29	-144	310	-23	76	48	-49	135	132	1623	88
2600	-6922	3886	6803	-3489	-1	-120	800	-37	62	58	-45	107	101	1609	88
2613	-6922	3886	6803	-3489	-1	-120	800	-38	58	60	-43	100	109	1604	88
2634	-7011	3917	6901	-3500	40	-37	30	-45	58	64	-38	228	109	1668	88
2647	-7108	3929	7008	-3485	405	-485	-340	-52	57	64	-36	234	115	1659	88
2662	-7183	3994	7090	-3539	105	-42	380	-55	52	68	-34	223	101	1619	88
2676	-7271	4029	7185	-3557	43	-102	160	-56	54	67	-34	161	89	1603	88
2702	-7462	4068	7396	-3546	172	21	-100	-64	44	72	-32	103	97	1587	88
2732	-7633	4147	7584	-3589	255	-264	480	-74	38	74	-26	137	97	1677	88
2769	-7845	4127	7816	-3504	241	-456	-410	-82	31	80	-24	141	157	1677	88
2808	-8127	4195	8124	-3503	238	-136	70	-93	27	87	-20	150	173	1687	88
2821	-8127	4195	8124	-3503	238	-136	70	-96	27	93	-20	169	200	1697	88
2860	-8336	4180	8352	-3427	221	-150	-590	-106	27	103	-21	207	163	1648	88
2877	-8467	4103	8490	-3304	214	-287	-1140	-109	24	109	-19	144	128	1649	88
2916	-8659	4388	8708	-3576	193	-332	2550	-119	23	118	-19	166	150	1682	88
2972	-8990	4332	9066	-3419	364	-271	-810	-140	20	143	-14	224	196	1761	88
3002	-9172	4385	9265	-3430	347	-363	30	-153	19	149	-13	224	161	1722	88
3043	-9209	4489	9318	-3527	436	-547	1090	-163	16	164	-12	361	143	1946	88
3104	-9249	4393	9362	-3401	319	-311	-160	-183	19	185	-10	378	153	1904	88
3155	-9227	4441	9352	-3448	480	-475	-350	-198	23	204	-13	383	174	1817	88
3173	-9260	4352	9387	-3334	316	-428	-290	-202	25	214	-18	353	176	1736	88
3199	-9206	4485	9342	-3490	453	-565	1160	-207	26	219	-15	275	161	1761	88
3220	-9237	4410	9378	-3391	627	-531	-1080	-215	31	230	-9	290	151	1802	88
3233	-9237	4410	9378	-3391	627	-531	-1080	-217	31	234	-8	260	144	1758	88
3255	-9170	4569	9324	-3575	375	-531	590	-223	35	238	-7	383	148	1808	88
3269	-9143	4629	9303	-3643	475	-432	440	-226	37	241	-4	513	205	1964	88
3291	-9128	4661	9292	-3678	439	-659	350	-231	39	249	-3	422	142	1963	88
3330	-9103	4717	9283	-3730	563	-471	-950	-244	43	261	-2	286	132	1823	88
3343	-9103	4717	9283	-3730	563	-471	-950	-247	42	261	-2	373	142	1920	88
3364	-9103	4714	9289	-3719	613	-847	-150	-254	46	268	1	308	136	1868	88
3377	-9090	4738	9283	-3742	482	-617	170	-256	47	269	3	341	158	1893	88
3416	-9131	4637	9335	-3602	539	-773	-1020	-266	50	278	2	333	152	1700	88
3455	-9064	4781	9283	-3766	492	-819	660	-276	50	291	6	359	163	1926	88
3522	-9067	4757	9316	-3702	852	-1105	230	-290	51	300	4	442	158	1900	88
3562	-9053	4782	9315	-3718	967	-975	-930	-298	53	304	5	256	157	1726	88
3605	-9108	4656	9380	-3550	595	-543	-1640	-308	54	312	-1	205	190	1678	88
3653	-9071	4728	9367	-3612	783	-863	1020	-320	50	326	-2	188	132	1754	88
3707	-9121	4592	9443	-3412	520	-534	-1570	-325	48	331	-3	231	166	1754	88
3720	-9121	4592	9443	-3412	520	-534	-1570	-325	50	328	-3	268	151	1669	88
3734	-9102	4632	9433	-3453	830	-1078	450	-325	50	328	-3	301	160	1808	88
3879	-9112	4523	9559	-3185	654	-716	-850	-350	52	351	-3	258	163	1826	88
3935	-9186	4349	9601	-3006	707	-770	-880	-355	50	354	-8	347	168	1789	88
4087	-9181	4259	9708	3029	588	-485	-620	-362	46	373	6	261	144	1767	88
4100	-9181	4259	9708	3029	588	-485	-620	-360	46	373	8	246	126	1800	88
4178	-9095	4455	9691	-2934	367	-536	480	-360	59	382	14	235	197	1756	88
4191	-9101	4426	9711	2918	929	-1246	-550	-359	62	383	15	216	175	1798	88
4254	-8957	4767	9633	-3231	578	-550	-440	-361	77	394	12	299	131	1866	88
4267	-8844	5011	9544	-3509	1019	-1311	2850	-360	79	397	11	258	118	1821	88
4288	-8732	5233	9470	-3747	661	-707	1610	-362	84	401	12	229	188	1807	88
4329	-8716	5260	9470	-3761	709	-1102	170	-368	88	408	5	194	133	1629	88
4381	-8521	5598	9354	-4101	702	-1156	-100	-369	104	414	-3	180	158	1711	88
4468	-8163	6145	9118	-4664	575	-1283	800	-373	131	422	-20	192	171	1662	88
4485	-8117	6212	9094	-4725	782	-1001	370	-376	135	422	-17	150	153	1659	88
4506	-8013	6354	9007	-4891	552	-849	1360	-373	137	428	-17	157	190	1698	88
4583	-7476	6732	8528	-5363	533	-1126	970	-360	148	432	-16	183	191	1777	88
4613	-7297	6937	8388	-5590	615	-1126	950	-353	158	432	-21	151	170	1683	88
4626	-7114	7132	8222	-5831	501	-1073	2060	-348	162	429	-24	132	142	1646	88
4717	-6259	7900	7468	-6766	461	-1244	1510	-323	201	407	-48	155	211	1691	88
4734	-6139	7996	7362	-6885	246	-800	930	-317	209	405	-55	130	240	1660	88
4756	-5763	8256	6987	-7256	297	-1307	3950	-301	223	400	-67	112	222	1645	88
4821	-5763	8256	6987	-7256	297	-1307	3950	-255	249	364	-100	103	274	1617	88
4842	-5763	8255	6987	-7256	297	-1307	3950	-247	257	357	-105	108	209	1623	88
4920	-4270	9014	5520	-8382	408	-765	1230	-199	286	324	-136	116	254	1647	88
4972	-3347	9323	4641	-8857	8	-910	1160	-169	303	295	-158	119	302	1602	88
4989	-3347	9323	4641	-8857	8	-910	1160	-157	309	286	-168	120	419	1633	88
5027	3062	9415	3949	-9169	-397	-1226	3000	-129	327	260	-186	113	343	1596	88
5149	4550	9438	-3460	-9604	-383	-598	1850	-37	386	175	-255	129	342	1579	88
5205	5363	9288	-4379	-9695	-774	-1053	1950	9	401	125	-283	201	289	1640	88
5222	5573	9223	-4625	-9698	-571	-707	1800	24	402	117	-286	177	276	1606	88
5261	5913	9118	-4999	-9675	-741	-594	1790	54	400	72	-302	125	382	1577	88
5278	6059	9063	-5166	-9660	-894	-801	1420	66	403	59	-312	123	282	1582	88
5348	6344	8952	-5477	-9611	-1223	-624	-230	101	413	10	-350	172	279	1606	88
5388	6587	8850	-5733	-9548	-906	-621	120	122	410	-18	-366	150	280	1581	88
5445	6791	8772	-5924	-9479	-1101	-650	530	143	410	-55	-388	229	358	1610	88
5462	6725	8833	-5813	-9485	-856	-653	-1300	146	411	-60	-393	229	318	1603	88
5484	6852	8758	-5964	-9447	-1139	-858	1200	151	418	-71	-405	196	380	1570	88
5505	6872	8766	-5963	-9437	-1109	-742	-280	155	424	-75	-413	205	319	1567	88
5533	6768	8595	-5862	-9219	-2706	-2024	2360	157	433	-84	-419	223	302	1593	88
5604	6551	8595	-5484	-8992	-1542	-1276	-1270	171	425	-102	-436	145	246	1660	88
5660	6577	8582	-5513	-8985	-657	-398	360	174	423	-111	-440	133	276	1605	88
5694	6310	8467	-5264	-8823	-1003	-863	-2850	174	419	-121	-445	111	279	1613	88
5762	6432	8490	-5283	-8750	-1193	-788	500	173	419	-121	-452	147	239	1558	88
5807	6422	8529	-5224	-8737	-1081	-877	-1540	173	419	-123	-451	114	150	1600	88
5820	6414	8544	-5197	-8732	-747	-569	-580	171	419	-120	-451	104	176	1628	88
5848	6316	8372	-5100	-8512	-1174	-1049	150	171	415	-119	-451	153	257	1593	88
5899	6255	8201	-5021	-8279	-1120	-977	-460	170	416	-116	-456	158	231	1579	88
5912	6139	8027	-4919	-8072	-1111	-754	-730	165	417	-113	-455	125	199	1582	88
5977	5980	7413	-4819	-7389	-1041	-774	-150	161	414	-103	-451	110	213	1560	88
6038	5891	6993	-4761	-6915	-925	-992	-2050	159	409	-98	-443	132	201	1589	88
6109	5694	6344	-4665	-6235	-807	-529	-1160	151	400	-92	-429	106	152	1572	88
6126	5684	6063	-4715	-5974	-814	-608	360	150	398	-90	-426	92	115	1572	88
6165	5493	5351	-4613	-5207	-773	-594	-1800	151	388	-91	-417	132	124	1584	88
6183	5460	5016	-4644	-4883	-1183	-870	0	151	389	-91	-414	127	107	1564	88
6197	5384	4719	-4619	-4580	-623	-502	-210	150	383	-92	-410	106	96	1584	88
6219	5312	4304	-4627	-4173	-1372	-1239	40	153	379	-94	-402	79	99	1588	88
6232	5175	4059	-4498	-3869	-907	-603	-2340	154	376	-94	-399	80	104	1595	88
6253	3220	2956	3089	3377	-831	-905	-1660	158	372	-92	-397	89	74	1561	88
6266	3220	2956	3089	3377	-831	-905	-1660	156	371	-91	-391	73	64	1551	88
6292	3240	-2937	3051	3463	-631	-483	0	150	365	-81	-378	74	86	1547	88
6309	3261	-3030	3016	3551	-1524	-1541	-110	147	351	-68	-357	69	161	1596	88
6322	3318	-3098	2978	3644	-677	-517	-2030	146	345	-66	-348	69	145	1579	88
6344	3336	-3300	2903	3813	-800	-855	260	145	320	-55	-316	52	140	1587	88
6428	3322	-3835	-3042	4255	-358	-216	300	137	241	-35	-235	63	122	1562	88
6482	3309	-4251	-3135	4622	-359	-188	420	115	191	-29	-189	49	94	1553	88
6495	3309	-4251	-3135	4622	-359	-188	420	111	185	-28	-180	42	99	1554	88
6516	3310	-4353	-3160	4713	-253	-51	230	103	166	-28	-160	54	101	1568	88
6529	3274	-4470	-3165	4810	-353	-283	1000	98	154	-27	-149	65	114	1551	88
6544	3281	-4569	-3192	4901	-353	-283	1000	94	147	-26	-139	63	103	1548	88
6565	3273	-4677	-3211	4998	-468	-281	-3310	82	123	-25	-114	75	109	1557	88
6605	3247	-4991	-3264	5280	-121	235	870	73	95	-25	-90	49	108	1577	88
6639	3205	-5208	-3280	5474	-121	-97	510	63	76	-21	-74	66	112	1574	88
6678	3191	-5515	-3335	5757	-3	5	200	55	63	-20	-52	61	113	1563	88
6696	3152	-5630	-3331	5857	2	16	790	50	57	-18	-39	64	113	1544	88
6722	3077	-5854	-3320	6059	-66	114	-100	46	49	-15	-25	46	89	1538	88
6771	3026	-6072	-3323	6261	18	37	600	40	24	-10	-3	41	106	1534	88
6834	-2931	-6515	-3287	6667	130	55	220	33	0	-4	22	99	176	1549	88
6888	-2968	-6824	-3317	6958	40	27	340	23	-18	0	31	65	202	1528	88
6913	-2954	-7021	-3366	7145	144	169	-1050	15	-28	2	34	72	142	1568	88
6931	-2913	-7114	-3418	7235	75	198	-620	11	-36	0	37	72	142	1564	88
7031	3112	-7657	-3717	7748	52	6	-730	3	-66	-12	56	76	189	1555	88
7070	3201	-7836	-3830	7915	287	234	-920	2	-72	-12	64	66	209	1568	88
7109	3176	-8145	-3875	8201	137	293	570	0	-81	-10	78	74	227	1590	88
7127	3089	-8269	-3824	8319	133	37	860	0	-84	-11	83	87	252	1603	88
7140	3090	-8370	-3848	8412	285	494	-50	-2	-88	-10	87	69	284	1543	88
7167	2964	-8607	-3787	8635	310	283	570	0	-95	-8	98	88	239	1592	88
7221	2940	-8914	-3831	8922	229	317	140	4	-105	-10	118	96	305	1574	88
7286	-3225	-9400	-3612	9386	433	444	1810	-6	-137	-12	154	82	377	1571	88
7304	-3115	-9478	-3724	9455	155	166	-1030	-6	-140	-14	157	85	464	1571	88
7325	-3118	-9517	-3732	9489	342	511	0	-13	-163	-15	172	111	393	1595	88
7362	-3070	-9513	-3779	9477	468	515	760	-23	-188	-15	191	125	397	1649	88
7379	-2968	-9491	-3867	9450	138	226	-830	-27	-197	-20	207	101	435	1610	88
7433	3129	-9425	-4126	9366	565	527	-1970	-32	-218	-23	219	117	501	1569	88
7450	3298	-9379	-4267	9314	406	166	-1400	-32	-224	-23	225	115	409	1581	88
7472	3371	-9360	-4330	9290	428	438	-530	-28	-232	-22	236	108	342	1542	88
7485	3436	-9341	-4386	9267	506	524	-560	-25	-237	-22	240	104	314	1574	88
7512	3419	-9348	-4376	9270	338	522	120	-23	-242	-19	247	145	320	1614	88
7531	3401	-9355	-4367	9271	374	593	460	-20	-248	-18	255	125	342	1572	88
7553	3354	-9371	-4333	9283	513	558	420	-17	-246	-16	261	94	546	1568	88
7589	3285	-9396	-4281	9305	446	458	200	-10	-245	-14	271	104	383	1590	88
7613	-2965	-9515	-3912	9427	538	569	2320	-6	-247	-12	278	88	434	1594	88
7626	-3100	-9546	-3802	9458	468	536	1150	-4	-245	-13	281	145	399	1608	88
7647	-3117	-9551	-3792	9460	712	429	200	4	-246	-15	285	125	463	1613	88
7660	-3267	-9584	-3670	9491	567	664	1200	-1	-246	-16	285	135	419	1610	88
7699	-3652	-9657	-3353	9565	522	551	1980	-16	-247	-15	293	115	430	1571	88
7753	-3698	-9668	-3323	9567	659	322	-330	-41	-253	-7	293	103	446	1596	88
7785	-3738	-9677	-3296	9570	341	369	480	-49	-262	-3	297	143	415	1635	88
7872	-3611	-9676	-3434	9533	1139	709	-290	-77	-295	2	308	113	512	1612	88
7889	-3456	-9652	-3571	9499	584	593	-1320	-83	-304	4	314	127	399	1589	88
7911	-3292	-9627	-3721	9457	583	530	-220	-89	-310	1	316	131	463	1597	88
7978	-3133	-9603	-3875	9407	698	537	-880	-97	-338	-8	339	105	388	1574	88
7991	-3191	-9618	-3831	9418	665	500	480	-97	-344	-10	342	75	503	1587	88
8012	-3052	-9592	-3958	9377	897	982	-1140	-98	-353	-15	352	105	386	1574	88
8025	3036	-9524	-4205	9295	625	544	-2250	-99	-358	-18	352	95	346	1575	88
8064	3225	-9481	-4383	9224	526	484	-160	-87	-371	-26	357	119	342	1586	88
8105	3544	-9390	-4662	9107	548	701	-2120	-71	-384	-32	366	94	358	1576	88
8122	3852	-9290	-4930	8982	781	828	-1700	-62	-386	-35	369	110	282	1606	88
8144	3681	-9354	-4800	9040	757	893	1400	-58	-389	-41	377	99	340	1609	88
8183	3709	-9351	-4839	9018	476	696	60	-45	-391	-48	384	91	382	1544	88
8248	3777	-9338	-4925	8972	919	1015	510	-32	-402	-51	403	94	308	1593	88
8261	3692	-9372	-4864	8997	585	853	770	-32	-401	-50	402	99	319	1602	88
8309	3641	-9402	-4854	8994	748	817	-10	-21	-401	-55	414	123	323	1623	88
8384	3307	-9537	-4643	9066	1334	1531	430	-9	-401	-60	425	129	294	1609	88
8405	3229	-9557	-4567	9101	839	1218	760	-5	-403	-58	428	111	388	1619	88
8458	3143	-9578	-4484	9138	851	1054	550	4	-416	-54	441	99	341	1581	88
8488	3119	-9613	-4541	9087	578	637	-20	5	-420	-46	447	165	424	1673	88
8510	-2997	-9709	-4301	9166	649	738	1280	5	-427	-44	449	150	381	1599	88
8527	3031	-9654	-4506	9089	901	1158	-1910	2	-431	-43	452	133	325	1627	88
8540	-2934	-9705	-4381	9130	791	823	1340	-3	-436	-39	455	124	381	1658	88
8575	-3181	-9780	-4206	9177	983	1078	210	-15	-433	-36	460	120	389	1629	88
8646	-3484	-9879	-4025	9205	844	836	-660	-39	-444	-31	461	106	434	1635	88
8664	-3376	-9860	-4128	9168	1119	1024	-1170	-44	-449	-30	464	105	421	1634	88
8685	-3529	-9899	-4015	9193	909	1045	1220	-52	-453	-27	466	116	418	1608	88
8700	-3306	-9860	-4222	9128	808	894	-1730	-55	-458	-26	467	126	332	1611	88
8722	-3562	-9920	-4020	9180	719	765	1830	-61	-464	-27	470	132	317	1625	88
8743	-3289	-9869	-4266	9104	878	988	-2430	-66	-468	-30	472	133	351	1626	88
8756	-3343	-9889	-4238	9106	762	882	420	-69	-466	-34	471	117	454	1635	88
8778	-3342	-9904	-4271	9086	857	981	1280	-72	-469	-38	471	125	363	1633	88
8800	-3134	-9863	-4465	9018	883	871	-1510	-74	-472	-42	467	108	319	1574	88
8852	3129	-9750	-4901	8836	725	939	-730	-65	-482	-52	463	128	485	1643	88
8869	3515	-9631	-5253	8668	805	1011	-2050	-58	-482	-58	465	112	390	1630	88
8891	3690	-9573	-5411	8587	584	771	-1280	-51	-485	-67	457	100	300	1584	88
8904	3911	-9491	-5606	8482	672	857	-1660	-48	-484	-70	455	134	293	1639	88
8934	4003	-9458	-5704	8422	1100	1146	-640	-39	-484	-76	447	141	258	1640	88
8990	4635	-9180	-6272	8057	484	894	-2120	-28	-480	-99	445	91	313	1579	88
9061	4891	-9060	-6549	7846	710	1115	-2470	2	-468	-120	421	95	289	1597	88
9132	5470	-8730	-7087	7404	624	1722	-910	26	-450	-146	400	108	206	1623	88
9150	5635	-8624	-7224	7282	353	855	-1360	30	-446	-149	395	110	211	1643	88
9188	5843	-8481	-7415	7098	193	869	-1910	40	-446	-158	392	123	281	1694	88
9260	5969	-8398	-7563	6951	370	849	-130	75	-425	-191	374	105	249	1628	88
9277	6169	-8246	-7747	6757	538	1259	-1210	87	-421	-196	369	97	215	1627	88
9299	6172	-8249	-7763	6743	268	948	20	95	-417	-204	359	121	222	1631	88
9312	6357	-8100	-7921	6569	602	1469	-1520	96	-413	-208	356	127	196	1654	88
9326	6357	-8100	-7921	6569	602	1469	-1520	95	-413	-211	354	185	274	1766	88
9361	6676	-7825	-8200	6234	442	1597	2040	97	-407	-218	346	139	229	1710	88
9417	6954	-7563	-8445	5916	574	1311	-950	104	-395	-240	331	144	207	1662	88
9473	7307	-7195	-8720	5512	236	1225	-480	128	-379	-269	307	184	198	1743	88
9491	7266	-7242	-8720	5527	475	1340	810	134	-375	-278	303	187	215	1740	88
9512	7532	-6941	-8903	5223	329	1042	-2790	135	-371	-281	293	198	209	1777	88
9525	7532	-6941	-8903	5224	329	1042	-2790	136	-370	-280	287	214	186	1840	88
9590	7532	-6941	-8903	5223	329	1042	-2790	149	-357	-296	264	169	155	1691	88
9608	7532	-6941	-8903	5223	329	1042	-2790	153	-354	-300	259	218	154	1826	88
9656	8072	-6244	-9272	4509	-493	956	-830	164	-345	-311	240	178	149	1732	88
9702	8338	-5844	-9435	4112	-91	1142	-2520	177	-334	-324	218	111	117	1619	88
9715	8383	-5770	-9475	4023	-6	1411	-300	180	-331	-329	213	172	171	1660	88
9737	8546	-5496	-9568	3754	60	1116	-2040	189	-324	-340	206	214	139	1779	88
9758	8757	-5104	-9683	3369	-172	1243	-870	198	-320	-350	193	347	147	1860	88
9771	8916	-4781	-9755	3062	-202	1226	-2280	203	-316	-353	186	294	135	1815	88
9793	9033	-4522	-9803	-2981	-270	1109	-1950	214	-305	-364	171	232	182	1796	88
9814	9121	-4313	-9839	-3181	-183	957	-1400	226	-292	-375	156	241	175	1880	88
9862	9449	-3311	-9911	-4116	-272	1411	-2230	251	-270	-394	117	372	139	1760	88
9948	9689	3762	-9793	-5238	-583	855	-2980	289	-189	-434	24	277	162	1700	88
10004	9541	4872	-9277	-6085	-777	855	-1960	317	-127	-449	-35	288	163	1725	88
10060	9110	5904	-8631	-6971	-1350	1096	-4460	343	-61	-462	-88	435	215	1728	88
10117	8899	6633	-8164	-7488	-1017	620	-2150	363	-13	-463	-138	223	253	1698	88
10203	8235	7363	-7291	-7984	-1169	545	-70	384	54	-457	-204	171	233	1683	88
10220	8071	7588	-7060	-8141	-1089	455	-1290	388	67	-454	-218	209	246	1644	88
10255	7577	7816	-6474	-8214	-950	445	-1180	388	92	-445	-239	201	318	1682	88
10311	6374	7893	-5193	-8001	-1611	487	-550	390	135	-433	-276	128	208	1614	88
10382	4586	7380	-3440	-7122	-1421	285	-550	387	168	-417	-296	85	138	1571	88
10438	3803	7026	3117	-6596	-1245	325	-1030	376	194	-387	-313	-16	44	2068	88
10477	-3002	6239	3979	-5661	-1284	192	290	366	206	-336	-316	83	129	1687	88
10496	-3319	5932	4269	-5276	-1157	-42	-1870	345	213	-310	-318	114	165	1629	88
10518	-3513	5629	4400	-4959	-978	152	200	318	218	-275	-317	94	150	1600	88
10531	-3894	5154	4647	-4490	-1040	252	950	301	219	-261	-313	90	136	1594	88
10553	-3959	4868	4642	-4225	-1042	-56	840	276	222	-236	-305	94	116	1602	88
10574	-3856	4716	4507	-4102	-1042	-56	840	250	220	-215	-297	75	106	1579	88
10587	-4022	4568	4639	-3939	-784	50	220	231	220	-206	-293	65	99	1574	88
10602	-4141	4444	4710	-3828	-1337	-51	2000	226	220	-202	-291	68	96	1573	88
10623	-4367	4181	4871	-3556	-798	-185	790	199	211	-169	-273	91	115	1602	88
10636	-4367	4181	4871	-3556	-798	-185	790	183	210	-158	-267	89	96	1669	88
10658	-4941	4443	5493	-3706	-635	94	840	164	211	-146	-258	93	122	1693	88
10679	-4941	4443	5493	-3706	-635	94	840	143	205	-123	-247	81	101	1633	88
10714	-5093	3808	5503	-3099	-484	-203	1210	116	195	-101	-234	112	109	1569	88
10727	-5093	3808	5503	-3099	-484	-203	1210	109	192	-94	-228	127	104	1666	88
10741	-5142	3704	5543	-2978	-412	-156	-720	102	189	-87	-222	83	81	1608	88
10784	-5278	3314	5618	3231	-558	-396	-280	68	176	-55	-201	82	107	1598	88
10802	-5302	3231	5618	3307	-368	-330	510	49	170	-35	-187	176	98	1589	88
10823	-5348	2948	5638	3617	-387	-352	-990	29	170	-28	-172	126	84	1658	88
10836	-5348	2948	5638	3617	-387	-352	-990	15	169	-21	-163	116	95	1640	88
10851	-5365	2916	5627	3625	-241	-366	1640	0	166	-10	-154	109	96	1633	88
10872	-5390	-2992	5600	3696	-411	-231	2020	-20	162	3	-138	82	85	1609	88
10907	-5399	-3023	5590	3712	-163	-249	870	-54	148	32	-110	153	111	1609	88
10941	-5426	-3022	5565	3654	-388	19	1540	-84	136	36	-91	115	127	1652	88
10963	-5481	-3037	5505	3546	-396	-204	1240	-102	126	37	-77	112	183	1681	88
10993	-5471	-2983	5506	3492	-91	-105	1920	-120	117	43	-67	85	112	1643	88
11006	-5471	-2983	5506	3492	-91	-105	1920	-134	109	48	-58	87	107	1647	88
11027	-5453	2932	5510	3379	-103	-99	1490	-138	97	51	-46	132	121	1605	88
11066	-5469	3055	5438	3135	-93	-145	1770	-128	82	51	-23	85	79	1577	88
11079	-5469	3055	5438	3135	-93	-145	1770	-121	77	53	-19	71	71	1572	88
11100	-5460	3135	5409	3015	45	-25	310	-107	67	55	-12	78	72	1577	88
11139	-5455	3172	5389	2953	10	-227	-60	-82	56	58	2	95	121	1665	88
11152	-5455	3172	5389	2953	10	-227	-60	-75	54	60	4	104	118	1652	88
11165	-5444	3213	5383	2909	123	121	160	-68	52	59	8	87	101	1597	88
11178	-5421	3308	5342	-3027	195	-109	2330	-62	49	61	10	97	98	1605	88
11200	-5406	3357	5318	-3097	128	-130	940	-53	46	61	11	94	94	1565	88
11212	-5411	3347	5320	-3090	-76	-56	170	-50	46	62	13	113	130	1565	88
11234	-5383	3435	5270	-3223	42	-31	1530	-41	43	62	15	117	95	1612	88
11251	-5383	3435	5270	-3223	42	-31	1530	-38	40	60	16	119	130	1617	88
11264	-5354	3513	5229	-3335	99	-122	870	-35	39	59	14	132	111	1660	88
11279	-5345	3538	5216	-3370	65	-31	640	-33	39	58	16	90	85	1632	88
11322	-5300	3646	5143	-3539	54	-10	290	-25	33	53	11	84	111	1608	88
11340	-5296	3652	5131	-3556	-29	-84	610	-22	34	49	10	93	112	1613	88
11353	-5296	3661	5126	-3571	-17	-14	350	-20	32	48	9	99	134	1606	88
11378	-5299	3651	5128	-3561	-37	-12	0	-18	32	43	10	85	117	1617	88
11400	-5299	3651	5128	-3561	-37	-12	0	-16	30	42	9	99	116	1621	88
11417	-5290	3670	5113	-3592	-29	-19	620	-16	29	42	8	102	125	1669	88
11430	-5314	3627	5136	-3538	-64	-217	-330	-15	30	42	7	99	115	1627	88
11469	-5292	3670	5109	-3599	67	-254	280	-15	28	41	8	60	83	1569	88
11486	-5278	3698	5092	-3639	72	-115	640	-16	27	40	7	73	97	1590	88
11499	-5249	3753	5051	-3722	63	93	1210	-15	26	41	7	76	102	1636	88
11521	-5260	3736	5060	-3702	-56	-61	-60	-14	25	42	5	84	71	1591	88
11534	-5259	3738	5061	-3701	26	-43	-90	-13	25	40	5	78	78	1569	88
11547	-5253	3749	5051	-3720	24	-40	390	-12	26	40	5	80	68	1571	88
11568	-5241	3770	5031	-3757	-3	-29	830	-12	26	38	4	61	66	1570	88
11607	-5225	3807	4993	-3829	66	-91	950	-14	24	35	5	85	81	1566	88
11625	-5225	3807	4994	-3828	66	-91	950	-12	22	37	7	82	84	1561	88
11638	-5225	3807	4994	-3828	66	-91	950	-13	22	37	6	80	99	1561	88
11652	-5229	3800	4998	-3819	-10	3	-100	-15	20	35	6	83	96	1570	88
11665	-5216	3818	4989	-3838	216	-379	40	-13	20	35	8	161	97	1593	88
11687	-5223	3804	4998	-3819	3	-78	-200	-13	19	35	7	126	101	1601	88
11704	-5217	3820	4988	-3843	9	5	490	-14	18	34	6	106	104	1574	88
11717	-5217	3820	4988	-3843	9	5	490	-14	18	34	6	121	96	1568	88
11756	-5178	3876	4939	-3927	-65	-48	870	-13	16	31	6	104	107	1617	88
11773	-5170	3889	4937	-3936	78	35	-250	-12	14	29	5	97	84	1591	88
11825	-5150	3919	4913	-3981	21	-128	620	-10	14	27	4	90	103	1585	88
11855	-5152	3916	4914	-3978	-7	-7	0	-8	14	22	3	112	100	1587	88
11872	-5147	3921	4914	-3978	67	-1	-260	-9	12	19	1	102	92	1588	88
11915	-5115	3965	4882	-4036	111	65	640	-7	9	14	-1	119	83	1569	88
11932	-5132	3946	4897	-4013	0	0	-130	-8	8	13	-4	123	95	1600	88
11945	-5132	3946	4897	-4013	0	0	-130	-10	7	13	-3	156	123	1603	88
11966	-5138	3937	4906	-3998	0	0	-440	-8	9	12	-5	101	81	1571	88
12023	-5175	3887	4937	-3939	-14	-10	-350	-7	8	14	-3	89	92	1574	88
12053	-5173	3894	4933	-3951	-4	-23	270	-8	8	14	-2	84	83	1594	88
12071	-5166	3905	4923	-3969	-7	15	-170	-7	8	14	-2	133	87	1603	88
12092	-5158	3915	4917	-3979	48	0	-40	-8	9	17	1	111	99	1604	88
12109	-5158	3913	4916	-3979	-4	-21	60	-9	10	17	1	110	130	1648	88
12122	-5158	3913	4916	-3979	-4	-21	60	-8	9	18	1	95	105	1638	88
12165	-5133	3949	4899	-4016	84	-109	170	-12	9	21	1	78	96	1551	88
12241	-5066	4036	4831	-4131	68	-31	60	-20	9	26	1	87	87	1595	88
12258	-5061	4043	4829	-4136	54	10	-140	-22	10	28	1	143	109	1563	88
12271	-5032	4078	4799	-4183	138	-71	580	-23	12	28	3	104	93	1566	88
12305	-5006	4108	4777	-4219	79	-225	460	-26	18	28	7	64	83	1555	88
12327	-4992	4124	4765	-4238	43	-28	60	-27	16	31	4	71	80	1573	88
12340	-4997	4120	4775	-4227	24	-21	-350	-29	14	30	1	103	93	1563	88
12383	-4971	4150	4755	-4260	39	-37	390	-31	15	35	-1	72	78	1585	88
12400	-4940	4182	4723	-4303	115	-176	360	-33	15	33	-3	71	76	1582	88
12413	-4920	4203	4713	-4320	119	-165	-310	-32	17	35	-3	75	99	1575	88
12447	-4906	4220	4713	-4327	60	-33	-420	-35	15	38	-6	118	103	1554	88
12482	-4878	4248	4696	-4351	176	-208	140	-38	16	38	-5	87	92	1566	88
12505	-4860	4268	4685	-4369	98	-1	-280	-39	16	39	-6	67	81	1575	88
12546	-4834	4294	4670	-4392	74	-173	-470	-41	20	44	-7	74	76	1576	88
12559	-4789	4339	4629	-4447	127	-189	280	-43	19	45	-8	73	109	1603	88
12572	-4788	4337	4621	-4454	-31	-102	510	-43	21	45	-10	86	117	1620	88
12587	-4788	4337	4621	-4454	-31	-102	510	-44	22	44	-9	163	148	1612	88
12640	-4660	4456	4529	-4573	136	-118	410	-47	21	47	-8	117	129	1612	88
12664	-5390	3484	5076	-3517	-5	-55	240	-47	23	49	-8	97	133	1637	88
12677	-5390	3484	5076	-3517	-5	-55	240	-47	23	49	-8	80	116	1598	88
12735	-5740	3623	5461	-3577	246	-36	1370	-43	26	53	-5	69	98	1601	88
12752	-5823	3668	5550	-3608	-1	-107	300	-44	25	55	-4	73	91	1580	88
12765	-5914	3693	5654	-3605	69	-153	-320	-45	25	57	-4	68	75	1557	88
12791	-6050	3844	5795	-3755	-31	-140	980	-44	27	61	-3	78	113	1616	88
12816	-6156	3848	5915	-3724	107	-80	-760	-43	30	62	-2	98	123	1610	88
12829	-6246	3877	6015	-3730	162	-128	-160	-44	29	63	-5	152	109	1621	88
12850	-6308	3962	6081	-3815	51	-277	1020	-44	32	66	-6	147	105	1678	88
12889	-6433	4127	6213	-3977	68	-164	660	-49	31	70	-5	154	113	1639	88
12902	-6484	4225	6268	-4081	51	-190	1200	-51	32	72	-4	166	117	1617	88
12941	-6694	4418	6502	-4242	-2	-180	1230	-53	35	80	-3	180	144	1720	88
12964	-6782	4451	6603	-4249	129	-386	-220	-52	35	82	-3	199	136	1654	88
12977	-6875	4477	6708	-4250	221	51	-350	-56	36	85	-2	164	151	1637	88
13016	-7039	4745	6897	-4507	-16	-78	300	-69	38	97	-2	148	163	1654	88
13040	-7105	4812	6973	-4562	121	-185	460	-71	39	103	-1	99	115	1594	88
13057	-7123	4951	6997	-4715	105	-198	1330	-67	36	111	-1	134	160	1615	88
13078	-7191	5015	7077	-4765	58	-194	290	-70	37	117	-1	136	181	1606	88
13100	-7248	5094	7144	-4836	54	-100	400	-76	38	121	-1	121	135	1612	88
13113	-7303	5176	7209	-4910	92	-239	480	-78	40	125	-1	160	125	1585	88
13147	-7373	5396	7299	-5135	122	-29	1220	-76	40	134	0	206	202	1669	88
13181	-7547	5622	7510	-5326	65	-268	1230	-82	42	136	0	204	136	1640	88
13199	-7547	5622	7510	-5326	65	-268	1230	-84	46	136	0	173	162	1677	88
13220	-7638	5803	7625	-5494	144	-292	1310	-83	46	137	0	181	179	1709	88
13239	-7605	5991	7603	-5709	32	-176	1680	-83	48	138	0	162	198	1693	88
13260	-7689	6174	7714	-5878	237	-500	640	-87	51	140	0	200	155	1687	88
13278	-7767	6224	7805	-5908	58	-75	-90	-88	54	142	0	178	194	1713	88
13299	-7717	6418	7768	-6128	144	-377	1280	-87	58	139	0	245	169	1693	88
13321	-7640	6633	7701	-6383	214	-166	2830	-90	63	142	0	262	182	1696	88
13334	-7700	6703	7775	-6437	74	-361	100	-90	65	145	0	200	173	1663	88
13372	-7609	6969	7702	-6746	261	-472	1430	-92	70	149	-2	182	195	1659	88
13407	-7437	7129	7529	-6966	214	-572	1650	-94	77	155	-6	181	225	1696	88
13431	-7266	7282	7356	-7180	233	-581	1740	-99	82	157	-9	219	215	1674	88
13450	-7169	7364	7256	-7295	275	-314	1020	-98	83	160	-13	235	273	1704	88
13463	-7090	7427	7176	-7386	138	-305	670	-101	91	162	-18	182	212	1670	88
13484	-7009	7492	7093	-7478	-5	-576	1360	-102	94	163	-22	189	248	1660	88
13506	-6913	7565	6996	-7583	193	-567	-70	-108	96	164	-25	213	302	1631	88
13519	-6788	7657	6868	-7717	41	-429	1330	-107	99	166	-30	175	240	1630	88
13540	-6785	7659	6865	-7720	72	-314	10	-110	105	164	-37	189	244	1709	88
13562	-6694	7728	6773	-7818	250	-688	1060	-111	110	164	-42	158	234	1655	88
13575	-6569	7813	6644	-7946	130	-483	1290	-113	112	164	-48	153	217	1643	88
13597	-6588	7801	6666	-7925	87	-460	-210	-114	118	164	-55	148	208	1666	88
13618	-6568	7815	6646	-7944	61	-433	160	-114	120	164	-59	156	228	1643	88
13631	-6535	7838	6615	-7974	-18	-631	350	-116	121	165	-64	167	220	1682	88
13653	-6461	7887	6543	-8043	274	-349	150	-116	125	160	-70	186	246	1712	88
13696	-6430	7908	6516	-8069	90	-416	280	-115	130	155	-84	179	323	1613	88
13713	-6365	7949	6450	-8130	-87	-573	690	-112	132	153	-88	235	387	1583	88
13735	-6422	7919	6516	-8072	59	-1122	-380	-112	136	150	-96	219	319	1697	88
13769	-6421	7920	6517	-8071	-38	-475	0	-112	142	148	-105	174	270	1636	88
13825	-6361	7960	6466	-8119	45	-667	760	-109	153	144	-120	219	296	1720	88
13842	-6377	7951	6485	-8101	-53	-375	-100	-109	153	141	-124	214	298	1757	88
13864	-6400	7937	6515	-8073	-72	-1140	-500	-111	157	141	-131	173	241	1680	88
13885	-6433	7921	6557	-8038	-56	-612	-270	-111	164	141	-132	149	217	1652	88
13900	-6442	7916	6572	-8024	-88	-713	-160	-111	166	141	-138	124	156	1615	88
13922	-6406	7940	6537	-8056	-57	-540	290	-113	171	138	-148	157	220	1683	88
13936	-6406	7941	6543	-8051	-72	-737	-70	-111	175	138	-152	160	245	1645	88
13958	-6380	7959	6522	-8071	-93	-611	-270	-111	179	139	-155	153	299	1609	88
13979	-6332	7989	6475	-8114	-36	-586	460	-111	179	140	-155	901	860	2437	88
14001	-6341	7988	6488	-8106	-29	-572	-110	-129	187	151	-174	400	463	1900	88
14058	-6181	8088	6336	-8243	27	-644	1420	-123	196	153	-184	163	236	1654	88
14115	-6110	8132	6274	-8297	-110	-615	30	-119	204	151	-185	153	239	1644	88
14132	-6146	8117	6321	-8260	-105	-877	-440	-121	208	152	-189	146	238	1625	88
14154	-6162	8108	6341	-8241	-66	-648	-190	-116	208	151	-190	147	229	1652	88
14188	-6144	8122	6341	-8241	-93	-814	270	-120	214	150	-189	137	268	1609	88
14259	-6143	8128	6361	-8222	-53	-729	-340	-117	217	150	-192	125	258	1592	88
14315	-6196	8104	6438	-8157	-210	-731	-790	-115	215	152	-194	200	344	1689	88
14371	-6211	8100	6477	-8120	-343	-1024	-340	-115	219	151	-200	239	336	1713	88
14427	-6245	8086	6536	-8069	-244	-807	490	-114	231	148	-211	128	274	1634	88
14445	-6250	8085	6555	-8052	-175	-1005	-370	-114	235	149	-218	127	236	1619	88
14466	-6264	8078	6577	-8031	-231	-762	-130	-113	238	149	-222	112	191	1607	88
14520	-6319	8053	6662	-7954	-157	-861	-1180	-118	234	150	-220	180	288	1729	88
14572	-6360	8028	6721	-7898	-188	-645	0	-124	232	152	-216	143	246	1608	88
14667	-6526	7929	6944	-7685	-154	-788	590	-128	225	156	-209	156	244	1693	88
14686	-6526	7929	6944	-7685	-154	-788	590	-129	225	156	-209	147	220	1643	88
14708	-6570	7901	7014	-7614	-64	-726	-240	-128	225	156	-209	156	231	1653	88
14729	-6570	7901	7014	-7614	-64	-726	-240	-129	228	158	-207	161	206	1681	88
14742	-6573	7904	7026	-7606	-158	-563	-20	-127	227	157	-207	189	243	1698	88
14807	-6650	7853	7142	-7487	-29	-883	150	-131	228	159	-204	176	207	1701	88
14839	-6562	7919	7065	-7567	-62	-710	920	-129	224	160	-202	158	245	1663	88
14856	-6643	7862	7166	-7463	-19	-647	-540	-130	226	160	-205	142	236	1632	88
14971	-6642	7874	7216	-7415	-10	-602	-700	-131	226	161	-199	190	247	1725	88
15027	-6587	7920	7184	-7454	-229	-748	330	-131	223	164	-195	214	280	1754	88
15085	-6504	7985	7131	-7509	-166	-700	-200	-135	221	167	-187	159	276	1639	88
15107	-6508	7984	7144	-7496	-36	-693	-170	-135	219	168	-187	160	303	1677	88
15150	-6541	7968	7211	-7431	-78	-1059	280	-134	221	168	-182	186	258	1682	88
15206	-6383	8083	7071	-7574	-39	-657	580	-129	219	171	-180	134	241	1637	88
15224	-6368	8096	7075	-7570	-118	-965	130	-127	222	172	-182	145	221	1625	88
15245	-6307	8139	7019	-7625	-213	-715	700	-126	224	170	-187	129	199	1639	88
15269	-6307	8144	7029	-7619	-231	-2037	-582	-122	227	170	-191	169	244	1689	88
15280	-6314	8141	7046	-7603	-82	-650	-70	-121	229	169	-191	168	229	1699	88
15339	-6195	8224	6948	-7697	-76	-731	-50	-122	239	170	-191	145	307	1641	88
15357	-6184	8233	6947	-7698	-81	-755	60	-123	237	171	-189	148	318	1656	88
15378	-6092	8296	6868	-7772	-78	-736	380	-122	236	171	-189	135	430	1618	88
15422	-5972	8380	6776	-7860	-96	-938	500	-122	238	185	-187	115	359	1612	88
15493	-5871	8447	6707	-7919	-130	-574	320	-112	245	174	-192	203	296	1721	88
15553	-5683	8564	6536	-8070	-186	-779	440	-102	272	161	-213	150	220	1670	88
15659	-5111	8870	5990	-8501	-11	-596	-390	-87	296	153	-252	154	250	1650	88
15701	-4855	8987	5741	-8676	-30	-789	1000	-78	302	146	-252	120	258	1624	88
15719	-4809	9009	5702	-8701	-56	-675	280	-78	305	147	-249	129	216	1618	88
15788	-4672	8872	5567	-8562	-1021	-3384	950	-71	296	136	-241	145	326	1608	88
15863	-4291	9025	5196	-8796	-235	-594	-200	-56	300	124	-257	133	329	1591	88
15915	-4164	9075	5089	-8854	-435	-650	550	-49	307	117	-264	159	313	1665	88
15932	-4164	9078	5090	-8857	-435	-650	550	-45	308	115	-265	136	234	1637	88
15954	-4176	9079	5117	-8838	-279	-621	-140	-40	311	110	-268	105	278	1641	88
15997	-4176	9079	5118	-8838	-279	-621	-140	-31	316	105	-274	116	284	1580	88
16053	-4176	9079	5117	-8838	-279	-621	-140	-25	320	99	-284	123	315	1588	88
16109	-3613	9268	4611	-9093	-453	-632	-140	-23	325	90	-292	118	351	1593	88
16165	-3648	9277	4690	-9046	-426	-851	670	-21	327	84	-303	132	360	1587	88
16221	-3518	9323	4588	-9090	-602	-813	810	-22	326	81	-314	118	325	1592	88
16239	-3642	9301	4743	-9006	-693	-912	-1230	-22	329	78	-314	154	312	1600	88
16273	-3747	9283	4884	-8924	-560	-826	-180	-21	335	79	-321	143	363	1612	88
16335	-3940	9249	5146	-8768	-479	-822	-1420	-21	342	73	-330	117	414	1590	88
16361	-3901	9266	5114	-8788	-672	-903	510	-24	342	75	-334	153	335	1662	88
16378	-3844	9285	5060	-8817	-414	-782	550	-23	343	76	-335	100	408	1677	88
16404	-3911	9292	5209	-8715	-504	-948	-40	-23	349	76	-341	117	391	1654	88
16425	-3921	9290	5220	-8712	-660	-839	80	-22	351	77	-342	96	279	1633	88
16502	-3955	9277	5251	-8692	-302	-815	1060	-25	365	83	-352	112	332	1583	88
16536	-4036	9251	5329	-8652	-448	-679	-520	-26	367	87	-354	123	310	1614	88
16572	-4204	9217	5582	-8482	-747	-1371	1400	-28	375	87	-358	101	349	1595	88
16585	-4105	9252	5480	-8544	-489	-927	1140	-28	375	87	-358	124	293	1589	88
16607	-4098	9257	5481	-8542	-533	-899	150	-28	380	90	-358	110	342	1641	88
16686	-4217	9234	5661	-8422	-432	-838	660	-34	385	94	-356	122	323	1637	88
16736	-4052	9294	5490	-8529	-715	-1045	1530	-35	388	95	-358	87	335	1606	88
16749	-4090	9285	5542	-8494	-494	-1033	-370	-35	388	95	-358	95	340	1575	88
16814	-4218	9249	5706	-8387	-439	-750	550	-34	396	103	-365	75	285	1519	88
16831	-4162	9272	5653	-8420	-600	-1169	670	-34	397	102	-365	90	344	1548	88
16870	-4093	9302	5593	-8457	-669	-1141	190	-35	395	103	-363	101	364	1565	88
16926	-4001	9337	5504	-8512	-725	-1154	-60	-35	399	103	-363	87	356	1583	88
16986	-3987	9347	5505	-8509	-536	-703	960	-35	396	107	-357	72	395	1548	88
17043	-3967	9358	5499	-8509	-493	-849	330	-30	398	108	-357	96	427	1588	88
17090	-3714	9437	5228	-8668	-579	-1102	2230	-27	402	108	-355	118	309	1618	88
17120	-3717	9443	5246	-8655	-468	-925	190	-26	399	108	-352	121	296	1568	88
17176	-3318	9546	4816	-8884	-491	-900	580	-19	395	105	-345	104	358	1578	88
17233	-3352	9343	4826	-8667	-593	-878	740	-21	398	101	-345	118	387	1647	88
17304	-3104	9199	4521	-8608	-596	-760	-280	-18	398	94	-348	103	304	1579	88
17343	-2998	8618	4287	-8094	-496	-827	190	-15	394	92	-346	105	266	1609	88
17356	2928	8429	4088	-7980	-790	-887	2290	-16	395	88	-349	123	229	1658	88
17395	2908	8027	4032	-7593	-740	-789	260	-13	395	81	-352	105	217	1606	88
17412	-2999	7802	4099	-7356	-816	-805	180	-7	396	80	-349	87	233	1573	88
17438	3052	7442	3750	-7092	-700	-862	830	-3	394	76	-344	69	188	1538	88
17451	-2905	7212	3871	-6837	-664	-595	-140	2	390	75	-340	71	162	1561	88
17499	2910	-3055	2947	3149	-753	-570	1170	14	373	68	-334	58	156	1552	88
17516	-2923	-3165	2945	3242	-330	-809	1300	25	323	64	-311	61	117	1540	88
17529	-2946	-3266	2950	3344	-525	-867	270	30	300	65	-297	63	113	1560	88
17551	-3017	-3410	2917	3403	-757	-907	1100	30	276	63	-270	64	83	1536	88
17589	-3100	-3612	2962	3610	-572	-301	2050	23	246	50	-234	53	113	1529	88
17641	-3267	-4016	3051	4024	-306	-412	30	18	203	38	-194	59	116	1552	88
17664	-3289	-4224	3031	4224	-324	-578	-560	20	184	32	-181	65	103	1568	88
17720	-3350	-4532	3032	4526	-199	-23	-470	2	136	29	-142	81	121	1548	88
17737	-3371	-4634	3034	4627	-176	-204	-80	2	136	29	-142	86	136	1558	88
17750	-3371	-4634	3034	4627	-176	-204	-80	-9	107	29	-115	64	92	1566	88
17771	-3338	-4795	3050	4869	103	-253	-830	-15	96	28	-104	69	119	1559	88
17794	-3363	-4897	3056	4970	103	-253	-830	-21	85	27	-86	78	149	1555	88
17834	-3274	-5174	2968	5282	18	-34	-1110	-30	71	24	-66	69	118	1591	88
17851	-3317	-5281	2982	5382	192	18	470	-34	60	24	-60	55	80	1565	88
17866	-3250	-5370	2925	5486	60	75	-1810	-35	50	21	-54	53	88	1583	88
17879	-3246	-5467	2908	5585	313	-209	-340	-38	45	23	-54	51	89	1567	88
17894	-3332	-5583	2950	5685	126	153	1480	-39	32	20	-44	81	130	1588	88
17907	-3278	-5672	2900	5783	125	53	-1410	-40	25	20	-38	90	129	1564	88
17928	-3244	-5765	-2940	5880	109	-82	-840	-43	10	20	-28	-48	26	1862	88
17972	-3200	-5955	-3003	6072	155	-69	-320	-46	-9	15	-10	53	125	1607	88
17985	-3214	-6056	-3009	6171	155	-69	-320	-48	-17	13	-4	51	153	1574	88
18000	-3073	-6126	-3128	6254	323	-7	-1380	-49	-23	10	-2	45	134	1562	88
18026	-2976	-6302	-3236	6431	39	83	-310	-51	-34	4	7	65	126	1561	88
18039	-2976	-6302	-3236	6431	39	83	-310	-52	-42	1	11	63	111	1547	88
18052	-2984	-6403	-3248	6528	39	83	-310	-55	-47	-1	17	76	132	1549	88
18067	-2975	-6501	-3273	6622	135	32	-170	-54	-54	-3	20	67	113	1569	88
18089	2919	-6681	-3385	6797	67	222	-960	-55	-64	-7	24	70	122	1570	88
18128	3123	-6825	-3580	6941	291	125	-1130	-51	-76	-16	31	65	154	1539	88
18171	3470	-7015	-3907	7128	30	106	-1590	-39	-90	-22	43	91	145	1552	88
18184	3627	-7060	-4048	7171	366	315	-1770	-34	-92	-23	47	112	159	1619	88
18206	3641	-7157	-4082	7259	64	161	-50	-27	-97	-24	51	109	162	1641	88
18219	3641	-7157	-4082	7259	64	161	-50	-24	-98	-26	58	104	154	1613	88
18253	3887	-7265	-4316	7357	234	420	-1660	-17	-103	-29	65	77	149	1571	88
18292	4074	-7497	-4528	7568	88	96	-1060	-10	-111	-32	78	99	185	1603	88
18311	4110	-7585	-4581	7645	175	262	-120	-7	-114	-32	84	67	250	1584	88
18343	4128	-7783	-4643	7824	241	195	1040	-3	-117	-29	92	141	323	1645	88
18356	4152	-7876	-4687	7906	230	432	0	-3	-119	-31	97	144	275	1657	88
18399	4543	-8012	-5064	8012	111	35	-2940	4	-129	-30	111	147	222	1630	88
18459	4465	-8364	-5082	8327	314	513	970	18	-144	-35	129	102	251	1594	88
18483	4551	-8429	-5175	8381	373	187	-520	20	-150	-36	135	142	324	1588	88
18496	4655	-8486	-5282	8425	271	497	-820	21	-154	-38	140	149	283	1634	88
18517	4831	-8611	-5472	8525	195	162	-450	18	-161	-37	147	142	269	1645	88
18556	4767	-8818	-5468	8709	466	500	430	15	-171	-39	163	151	316	1638	88
18590	4893	-8763	-5575	8644	520	617	1300	14	-185	-39	177	121	283	1621	88
18647	4971	-8727	-5644	8599	341	436	-110	13	-199	-42	194	178	357	1617	88
18664	5009	-8709	-5676	8578	393	435	-200	14	-204	-42	199	149	316	1638	88
18703	4901	-8766	-5600	8626	313	682	970	16	-211	-44	207	163	263	1642	88
18720	4719	-8855	-5462	8712	536	510	1580	18	-217	-44	218	147	268	1646	88
18742	4824	-8807	-5549	8658	457	585	-840	15	-223	-45	226	164	253	1710	88
18755	4877	-8782	-5593	8630	276	532	-390	17	-224	-46	232	151	265	1669	88
18776	4815	-8814	-5552	8654	386	617	-340	16	-234	-48	238	182	285	1683	88
18798	4684	-8878	-5452	8715	395	525	1280	18	-240	-48	244	157	227	1669	88
18810	4684	-8878	-5452	8715	395	525	1280	19	-249	-48	250	133	292	1612	88
18849	4654	-8897	-5443	8718	358	630	-680	19	-256	-51	259	142	348	1651	88
18867	4705	-8875	-5489	8690	451	669	-310	21	-257	-51	265	119	340	1609	88
18905	4520	-8967	-5353	8772	382	639	430	23	-262	-53	272	181	332	1675	88
18923	4488	-8983	-5333	8783	470	699	270	22	-263	-56	274	126	376	1639	88
18944	4337	-9050	-5217	8847	695	749	1650	23	-269	-56	281	108	419	1559	88
18992	4397	-9030	-5281	8809	428	666	60	23	-279	-53	290	144	319	1612	88
19015	4253	-9093	-5170	8869	559	632	1270	22	-283	-53	294	134	240	1652	88
19034	4159	-9135	-5106	8900	363	731	-320	21	-285	-52	298	137	245	1606	88
19073	4179	-9132	-5133	8884	775	947	-150	22	-294	-53	310	108	284	1624	88
19090	4095	-9170	-5079	8910	689	637	550	22	-298	-53	316	103	470	1597	88
19129	4155	-9151	-5138	8877	734	1219	-900	18	-304	-53	326	100	315	1588	88
19168	3784	-9298	-4853	9014	463	597	1100	20	-312	-48	334	81	348	1555	88
19198	3758	-9309	-4839	9019	506	674	190	19	-315	-45	340	108	349	1623	88
19211	3706	-9331	-4804	9033	580	838	390	17	-316	-47	341	110	353	1624	88
19246	3619	-9368	-4757	9045	787	954	1400	13	-330	-44	355	130	317	1598	88
19316	3410	-9450	-4617	9097	718	673	-650	11	-344	-39	367	138	292	1580	88
19334	3424	-9449	-4637	9087	519	716	-120	10	-350	-39	372	103	398	1568	88
19355	3329	-9486	-4577	9106	500	618	-240	11	-353	-40	375	116	472	1640	88
19403	3088	-9578	-4427	9149	715	766	270	8	-362	-36	380	95	385	1563	88
19420	3091	-9578	-4431	9148	776	790	90	9	-365	-34	383	98	353	1566	88
19531	-3124	-9705	-4135	9230	559	568	1000	7	-372	-31	391	109	381	1582	88
19548	-3259	-9746	-4044	9250	873	877	600	-3	-376	-30	395	110	413	1574	88
19576	-3158	-9729	-4141	9216	735	974	-880	-18	-386	-28	407	146	324	1606	88
19589	-3399	-9788	-3953	9267	807	734	1960	-21	-393	-26	413	126	350	1548	88
19673	-3351	-9805	-4055	9215	871	815	1360	-49	-418	-29	424	118	437	1585	88
19691	-3126	-9761	-4259	9147	752	921	-1930	-55	-416	-30	422	122	407	1616	88
19712	-3083	-9757	-4310	9127	865	769	-290	-61	-416	-31	417	116	476	1622	88
19751	2967	-9708	-4561	9024	826	718	-1020	-69	-421	-40	412	136	397	1630	88
19807	3745	-9474	-5259	8705	760	961	-3530	-56	-424	-53	400	119	331	1596	88
19825	3745	-9474	-5259	8705	760	961	-3530	-48	-424	-57	398	121	360	1605	88
19847	3838	-9241	-5325	8446	12068	17529	-27370	-36	-425	-66	399	130	260	1611	88
19890	3908	-9432	-5477	8563	838	928	1750	-16	-429	-80	398	132	321	1656	88
19929	4091	-9363	-5642	8470	867	1143	-1670	-4	-430	-92	400	112	308	1592	88
19972	4483	-9201	-6008	8240	551	923	100	14	-432	-105	399	96	384	1606	88
20007	4932	-8980	-6419	7946	932	1097	-1310	20	-433	-115	398	97	377	1593	88
20063	4989	-8966	-6525	7862	653	1217	-60	27	-435	-128	405	123	324	1614	88
20081	5142	-8879	-6660	7753	404	1054	-1320	27	-436	-130	403	119	225	1628	88
20102	5559	-8628	-7017	7455	798	1200	-2640	25	-437	-132	404	141	224	1638	88
20125	5559	-8628	-7017	7455	798	1200	-2640	28	-438	-134	399	129	336	1667	88
20196	5743	-8519	-7245	7243	1326	2039	-2300	41	-433	-151	390	116	254	1606	88
20235	5893	-8421	-7424	7068	949	1387	170	47	-431	-160	382	150	200	1691	88
20248	5893	-8421	-7424	7068	949	1387	170	47	-431	-163	382	165	206	1690	88
20270	6340	-8080	-7789	6682	789	1361	-2960	51	-428	-167	376	143	239	1702	88
20292	6407	-8028	-7859	6606	576	1096	-430	57	-427	-174	374	168	231	1739	88
20313	6377	-8056	-7879	6585	368	862	-530	60	-426	-182	372	161	194	1694	88
20326	6377	-8056	-7879	6585	368	862	-530	65	-424	-185	371	140	190	1656	88
20348	6674	-7800	-8129	6288	264	1005	-1240	72	-419	-193	362	127	249	1702	88
20387	6867	-7623	-8308	6061	574	1293	-1590	81	-411	-214	350	161	206	1639	88
20458	7353	-7126	-8707	5493	199	979	-1160	94	-405	-226	330	169	192	1697	88
20484	7376	-7094	-8765	5410	272	882	0	98	-407	-231	321	285	278	1774	88
20536	7741	-6657	-9050	4926	171	1237	-730	110	-388	-246	301	238	214	1840	88
20551	7880	-6476	-9147	4737	171	979	-1520	112	-386	-247	300	269	199	1745	88
20572	8241	-5960	-9379	4218	134	1161	-3120	123	-378	-261	286	188	174	1825	88
20594	8391	-5722	-9473	3977	280	1484	-2270	130	-368	-269	277	164	165	1705	88
20607	8449	-5621	-9518	3864	90	1018	-600	134	-366	-273	271	169	161	1666	88
20634	8449	-5621	-9518	3864	90	1018	-600	150	-356	-287	259	201	186	1802	88
20647	8449	-5622	-9518	3864	90	1018	-600	155	-353	-293	254	208	157	1770	88
20669	8451	-5624	-9520	3866	90	1018	-600	167	-348	-302	244	188	133	1777	88
20708	8451	-5624	-9520	3866	90	1018	-600	183	-339	-321	224	160	158	1754	88
20725	8451	-5624	-9520	3866	90	1018	-600	190	-333	-327	218	148	156	1704	88
20747	8452	-5623	-9520	3867	90	1018	-600	203	-317	-340	202	222	130	1795	88
20760	8452	-5623	-9520	3867	90	1018	-600	211	-313	-348	194	234	134	1792	88
20781	8823	-4933	-9717	3192	-731	875	-790	218	-304	-355	185	223	137	1668	88
20839	9172	-4103	-9863	-3406	-400	1333	-1670	242	-282	-377	150	276	182	1846	88
20891	9394	-3426	-9907	-4032	-298	592	-1340	265	-259	-400	97	303	155	1840	88
20947	9359	3094	-9674	-4639	-560	804	-1300	286	-225	-424	36	362	154	1799	88
21027	9526	4871	-9263	-6081	-1218	960	-3040	315	-139	-445	-49	219	150	1711	88
21040	9526	4871	-9263	-6081	-1218	960	-3040	321	-131	-446	-63	344	178	1764	88
21083	9396	5611	-8982	-6751	-868	632	-2370	338	-87	-450	-100	328	168	1702	88
21104	9307	6108	-8718	-7115	-968	436	-2700	345	-52	-453	-125	221	170	1673	88
21160	9196	6445	-8519	-7388	-1001	699	-1200	367	5	-454	-175	247	238	1750	88
21221	8920	7096	-8056	-7885	-1173	516	-700	383	64	-450	-218	206	234	1662	88
21256	8722	7445	-7758	-8143	-1318	492	-30	389	84	-446	-234	283	287	1692	88
21269	8617	7610	-7607	-8264	-1124	441	-1030	394	97	-446	-245	307	252	1635	88
21304	8088	7924	-6972	-8416	-1457	350	-1570	399	112	-443	-257	246	286	1637	88
21338	7829	8200	-6630	-8597	-1242	230	-1690	401	141	-433	-276	223	310	1631	88
21360	7576	8114	-6395	-8473	-1366	374	0	400	154	-429	-291	177	268	1687	88
21373	7362	8304	-6117	-8583	-1026	368	-1780	399	161	-426	-296	196	289	1655	88
21394	7362	8307	-6116	-8586	-1026	368	-1780	399	178	-420	-308	166	264	1657	88
21416	7019	8278	-5764	-8480	-1491	343	-890	398	191	-414	-320	179	298	1608	88
21429	6712	8216	-5454	-8350	-1257	193	-870	398	195	-412	-323	178	291	1606	88
21452	6398	8136	-5149	-8211	-1309	364	-350	393	211	-404	-335	199	325	1567	88
21471	5878	8147	-4596	-8093	-920	137	-1230	392	216	-400	-337	192	300	1556	88
21510	5164	7919	-3905	-7725	-1358	152	-1770	385	234	-387	-349	133	273	1535	88
21527	4824	7777	-3581	-7516	-1118	180	-680	382	237	-383	-354	159	333	1524	88
21566	3652	7217	3327	-6725	-1446	-4	-1260	374	248	-362	-362	115	241	1544	88
21610	2925	6686	3972	-6068	-1236	-73	-1340	363	261	-309	-360	77	166	1662	88
21623	-3229	6358	4255	-5703	-1281	252	420	359	266	-291	-361	89	156	1591	88
21644	-3604	5985	4581	-5256	-1205	-118	-1130	337	271	-262	-359	157	164	1664	88
21696	-4296	4752	4939	-4077	-1112	-225	1910	271	273	-203	-337	119	156	1631	88
21748	-4765	4170	5252	-3491	-880	-175	1190	197	265	-148	-302	132	121	1586	88
21802	-5038	3680	5385	-3030	-806	-295	430	145	250	-112	-273	148	103	1614	88
21823	-5148	3418	5424	3012	-812	-198	1470	126	241	-95	-258	125	113	1592	88
21858	-5229	3138	5447	3288	-627	-349	-470	104	233	-55	-233	112	108	1630	88