0	-6160	2988	6215	3438	0	0	-1680	1	1	1	1	-21	-30	1524	88
9	2942	-2951	2971	3088	23	-7	90	1	1	1	1	-28	-32	1515	88
31	-2924	-3190	2978	3310	24	-34	140	3	1	1	3	8	7	1540	88
53	-2924	-3328	2952	3436	0	0	70	2	3	1	2	30	38	1576	88
76	-2984	-3571	2952	3669	0	0	-460	7	2	-2	2	41	47	1550	88
98	-2996	-3690	2951	3797	0	0	190	6	2	-1	2	36	35	1553	88
110	-3026	-3816	2947	3914	0	0	90	7	2	-1	2	28	46	1565	88
128	-3050	-3957	2941	4041	18	12	-150	7	4	-1	2	36	59	1584	88
141	-3079	-4071	2957	4156	57	-29	-520	4	4	-1	2	30	52	1571	88
154	-3056	-4185	2925	4280	0	0	-150	3	3	-1	1	48	71	1598	88
193	-3085	-4341	2924	4433	80	22	-160	3	4	0	1	47	65	1566	88
214	-3080	-4593	-2912	4675	37	63	10	0	6	0	1	55	69	1573	88
232	-3081	-4593	-2902	4676	37	63	10	0	6	-3	1	36	51	1568	88
245	-3121	-4830	2905	4902	42	33	-150	-2	7	-7	1	41	62	1561	88
258	-3120	-4820	2902	4901	42	33	-150	-2	4	-6	1	57	84	1551	88
271	-3143	-4918	2918	5007	33	-4	80	-4	2	-8	1	53	79	1564	88
284	-3131	-5049	-2924	5136	5	58	0	-4	-1	-7	1	61	88	1581	88
338	-3114	-5539	-2998	5641	160	105	-850	-10	-12	-10	5	57	123	1580	88
377	-3036	-5655	-3063	5790	-60	44	-220	-14	-20	-12	4	40	101	1558	88
418	-2949	-5941	-3151	6107	62	-42	-570	-18	-28	-15	7	34	63	1582	88
480	3007	-6286	-3338	6461	60	92	-990	-17	-37	-21	8	86	101	1565	88
494	3068	-6329	-3398	6510	-19	11	-930	-16	-38	-20	8	67	164	1581	88
507	3111	-6474	-3450	6661	121	51	-980	-18	-40	-20	9	44	119	1566	88
520	3230	-6530	-3571	6707	20	49	-1340	-17	-41	-20	10	35	127	1585	88
541	3300	-6666	-3656	6841	106	119	-1070	-14	-42	-19	14	41	82	1581	88
559	3407	-6784	-3751	6963	39	210	-410	-15	-41	-21	14	60	96	1612	88
572	3310	-6818	-3674	7002	252	-68	-1020	-13	-44	-22	16	41	120	1599	88
585	3495	-6845	-3841	7020	-76	-4	-420	-14	-45	-22	17	38	106	1596	88
613	3558	-7085	-3945	7255	62	43	-470	-9	-50	-25	20	58	101	1584	88
630	3651	-7260	-4063	7417	106	218	-360	-8	-52	-25	23	67	143	1561	88
643	3602	-7408	-4047	7570	184	220	420	-5	-53	-24	25	64	137	1605	88
658	3598	-7397	-4040	7557	184	220	420	-4	-56	-26	29	54	96	1591	88
671	3706	-7386	-4171	7496	24	107	-1250	-2	-58	-28	31	45	155	1550	88
686	3702	-7375	-4171	7482	24	107	-1250	-1	-61	-28	35	34	204	1554	88
699	3741	-7288	-4176	7421	-22	13	-540	-1	-64	-26	38	36	162	1578	88
721	3749	-7450	-4188	7603	207	294	360	-1	-69	-28	42	23	232	1592	88
744	3772	-7338	-4210	7466	119	175	-490	1	-76	-30	51	53	223	1583	88
784	4007	-7327	-4468	7419	310	364	-2480	8	-85	-27	60	45	208	1575	88
797	3954	-7204	-4348	7377	156	171	970	12	-88	-27	63	52	176	1582	88
812	3968	-7101	-4389	7229	124	24	-910	15	-91	-26	68	53	189	1550	88
825	3969	-7104	-4393	7226	124	24	-910	15	-90	-25	69	56	133	1566	88
846	4047	-7147	-4449	7287	368	160	-70	18	-96	-27	77	86	209	1551	88
870	4237	-7106	-4649	7198	194	316	-990	22	-99	-27	83	57	162	1602	88
906	4321	-7075	-4691	7181	328	341	-100	20	-105	-28	92	52	122	1608	88
945	4429	-7081	-4792	7156	193	528	330	27	-111	-35	105	52	215	1600	88
980	4391	-7135	-4747	7232	409	599	1270	32	-117	-40	112	72	259	1636	88
1019	4345	-6889	-4707	6929	222	177	-420	31	-120	-39	121	75	142	1623	88
1054	4429	-6837	-4776	6869	134	223	20	26	-131	-38	131	46	190	1600	88
1072	4442	-7089	-4809	7121	270	643	1330	25	-131	-40	134	72	149	1639	88
1085	4407	-6865	-4781	6862	152	262	-770	26	-134	-41	135	55	155	1591	88
1099	4473	-6987	-4829	7002	175	534	550	25	-135	-44	136	71	143	1579	88
1138	4326	-6852	-4688	6860	394	159	-260	30	-138	-48	141	69	109	1613	88
1156	4550	-6932	-4915	6924	-23	590	490	34	-139	-50	139	66	142	1584	88
1169	4549	-6924	-4905	6908	-23	590	490	34	-141	-53	144	85	119	1627	88
1197	4328	-6952	-4718	6941	409	375	-100	35	-144	-55	146	37	129	1567	88
1236	4459	-6981	-4859	6950	175	589	540	36	-145	-53	147	65	130	1576	88
1255	4348	-6869	-4746	6830	255	277	10	33	-147	-52	151	55	200	1622	88
1268	4394	-6839	-4780	6793	184	283	40	29	-150	-51	154	55	147	1617	88
1307	4456	-6889	-4846	6853	284	419	540	27	-153	-48	154	107	174	1576	88
1329	4526	-6806	-4905	6744	323	336	-320	25	-155	-50	156	109	160	1570	88
1342	4523	-6807	-4904	6751	323	336	-320	26	-155	-50	154	77	122	1569	88
1381	4739	-6903	-5107	6835	302	702	320	22	-158	-50	156	70	134	1597	88
1416	4709	-6719	-5040	6678	350	388	600	21	-164	-50	158	71	160	1609	88
1434	4713	-6719	-5044	6678	350	388	600	20	-164	-49	158	79	133	1606	88
1447	4759	-6705	-5113	6631	244	433	10	24	-164	-50	159	62	108	1626	88
1461	4743	-6641	-5095	6561	314	318	-210	28	-165	-53	161	77	137	1660	88
1501	4858	-6628	-5223	6512	156	451	-480	31	-167	-56	162	83	121	1640	88
1518	4916	-6609	-5274	6493	268	471	-680	30	-170	-55	164	84	121	1610	88
1531	4893	-6522	-5232	6416	128	321	320	32	-168	-54	165	70	120	1610	88
1546	4936	-6686	-5299	6567	280	608	460	31	-169	-55	166	79	103	1623	88
1585	5011	-6561	-5359	6411	281	459	230	32	-165	-54	168	99	119	1620	88
1639	4946	-6521	-5332	6330	230	320	370	34	-164	-55	168	68	114	1594	88
1730	5035	-6621	-5468	6375	266	559	390	41	-160	-59	166	64	127	1603	88
1773	4981	-6641	-5423	6378	269	516	230	41	-157	-68	159	45	118	1626	88
1795	4984	-6565	-5436	6288	178	411	-20	44	-157	-67	159	57	102	1622	88
1895	5103	-6489	-5572	6179	223	425	-350	46	-160	-66	158	66	155	1604	88
1912	5073	-6484	-5533	6176	112	373	620	46	-157	-68	157	72	176	1656	88
1925	5114	-6664	-5613	6332	306	672	430	47	-155	-68	156	59	146	1632	88
1953	5094	-6466	-5577	6114	53	350	-560	48	-152	-71	153	64	128	1613	88
2024	4969	-6517	-5492	6152	312	654	-660	50	-147	-71	148	70	156	1585	88
2048	4941	-6415	-5446	6041	183	444	380	49	-144	-73	147	61	104	1603	88
2061	5000	-6287	-5490	5888	166	322	-790	49	-145	-76	148	67	163	1598	88
2075	4993	-6295	-5493	5895	166	322	-790	51	-143	-75	146	61	118	1583	88
2097	4961	-6312	-5480	5902	136	317	240	55	-143	-78	145	65	114	1587	88
2110	5074	-6313	-5601	5880	216	440	-660	55	-143	-78	143	74	138	1600	88
2132	5166	-6243	-5649	5800	171	454	-410	58	-143	-88	146	73	109	1632	88
2155	5166	-6190	-5657	5767	125	396	180	64	-144	-86	142	56	110	1608	88
2168	5206	-6145	-5699	5710	247	368	-240	64	-145	-86	141	53	104	1583	88
2183	5283	-6190	-5772	5750	60	517	760	62	-144	-85	141	71	120	1605	88
2240	5509	-5982	-5952	5509	226	454	620	54	-147	-84	141	61	89	1605	88
2285	5798	-5603	-6198	5074	31	277	-910	53	-146	-83	136	56	77	1605	88
2302	5838	-5649	-6254	5112	160	384	250	51	-148	-81	135	81	105	1686	88
2315	5837	-5645	-6248	5105	160	384	250	51	-149	-83	137	129	105	1660	88
2343	6129	-5397	-6472	4838	147	441	1220	51	-149	-84	137	142	99	1610	88
2356	6233	-5211	-6578	4623	174	387	-380	53	-152	-86	132	100	81	1659	88
2371	6423	-5009	-6733	4404	133	427	-800	56	-152	-87	130	64	55	1618	88
2384	6416	-5009	-6729	4407	133	427	-800	58	-152	-88	129	74	73	1644	88
2405	-3034	3332	3354	-2993	145	366	380	62	-152	-91	129	213	231	1814	88
2418	-3028	3212	3322	2921	2	607	250	60	-148	-88	124	131	155	1724	88
2431	-3290	3239	3571	2914	84	307	-1110	60	-144	-86	124	77	92	1634	88
2444	-3205	3079	3515	3102	-16	641	1990	53	-134	-78	121	58	60	1597	88
2466	-3501	3045	3730	3096	136	362	340	51	-123	-68	119	54	64	1586	88
2501	-3859	2906	4020	3236	29	315	-530	48	-110	-58	115	34	34	1534	88
2540	-4139	-3009	4264	3342	98	237	910	41	-88	-46	109	66	56	1600	88
2557	-4275	-3069	4357	3391	145	265	1100	39	-85	-40	109	62	61	1578	88
2570	-4474	-3062	4535	3393	187	128	670	39	-85	-40	109	59	52	1575	88
2591	-4561	-3124	4475	3339	42	120	1030	30	-69	-10	106	61	49	1556	88
2609	-4756	-3185	4659	3434	260	75	1460	27	-63	-2	105	90	33	1563	88
2621	-4859	-3233	4736	3497	280	161	970	26	-63	3	103	66	42	1571	88
2643	-4972	-3153	4865	3435	187	-34	1240	14	-53	18	99	81	59	1587	88
2666	-5004	-3135	4925	3444	126	53	1850	6	-50	25	99	64	60	1611	88
2679	-5124	-3207	4982	3485	107	102	-110	3	-47	31	96	49	57	1596	88
2709	-5341	-3077	5257	3435	26	-52	880	-7	-45	39	94	69	37	1586	88
2726	-5450	-3274	5250	3549	186	215	770	-15	-44	43	90	82	45	1597	88
2761	-5826	-3208	5581	3483	219	145	440	-29	-41	56	89	67	72	1599	88
2774	-5804	-3209	5554	3489	219	145	440	-35	-41	64	87	60	55	1578	88
2800	-6124	-3061	5880	3407	241	-153	1240	-43	-40	77	83	104	53	1665	88
2885	-6410	-3055	6146	3425	56	49	460	-100	-32	129	79	70	42	1653	88
2929	-6642	-2913	6363	3273	101	118	870	-127	-28	155	80	58	51	1586	88
2946	-6736	2961	6446	3202	177	93	1350	-138	-26	170	80	115	40	1661	88
2959	-6714	2960	6418	3198	177	93	1350	-144	-26	178	81	92	53	1619	88
2974	-6793	3000	6484	3139	163	140	1010	-148	-23	181	81	133	77	1676	88
2987	-6881	3104	6587	3016	114	95	1060	-153	-21	181	86	114	52	1677	88
3013	-7100	3268	6790	-2944	22	36	830	-149	-18	183	84	142	67	1630	88
3062	-7518	3654	7219	-3244	287	-146	3820	-131	-18	183	79	162	77	1641	88
3123	-7880	3871	7488	-3489	311	-91	1210	-108	-11	170	59	251	93	1688	88
3147	-7989	3938	7621	-3525	296	122	1530	-105	-10	163	54	261	126	1707	88
3160	-8115	4061	7740	-3648	196	17	290	-104	-11	160	50	229	88	1735	88
3203	-8421	4233	8122	-3733	168	-39	-190	-109	-10	146	36	257	139	1726	88
3221	-8417	4236	8119	-3720	168	-39	-190	-110	-11	147	32	256	121	1816	88
3234	-8641	4307	8353	-3752	210	-33	-670	-110	-11	146	31	214	124	1728	88
3255	-8693	4346	8461	-3744	62	-43	-320	-116	-8	143	25	350	115	1763	88
3270	-9017	4450	8818	-3790	318	-438	-50	-118	-5	141	24	402	148	1775	88
3285	-8932	4392	8742	-3734	9	-132	-320	-120	0	142	20	327	180	1741	88
3306	-9248	4489	9093	-3777	389	-490	350	-125	4	144	22	339	158	1838	88
3319	-9130	4451	8982	-3771	94	-137	40	-127	9	144	23	300	141	1887	88
3341	-9387	4500	9253	-3756	368	-376	0	-134	10	149	17	350	148	1852	88
3395	-9546	4761	9495	-3948	318	-400	1110	-153	17	163	10	399	177	1775	88
3408	-9631	4645	9543	-3842	271	-215	-670	-155	16	163	10	385	154	1946	88
3472	-10064	4834	10054	-3834	339	-503	20	-188	24	197	-14	505	193	1901	88
3490	-10144	4743	10128	-3721	459	-381	-300	-200	27	208	-16	416	219	1974	88
3533	-10402	4879	10465	-3763	536	-476	410	-230	27	231	-12	512	252	1960	88
3590	-10593	5200	10737	-3985	381	-578	680	-276	29	277	-15	730	284	2385	88
3607	-10543	5192	10652	-3989	381	-578	680	-289	31	302	-14	645	306	2222	88
3629	-10835	5145	10883	-3922	750	-813	-510	-306	33	330	-12	605	259	2231	88
3644	-10776	5262	10864	-4009	822	-657	840	-317	32	344	-10	633	298	2083	88
3687	-11139	5176	11237	-3808	635	-857	-1280	-358	30	379	-16	665	316	2273	88
3724	-11294	5185	11439	-3734	563	-685	-990	-387	29	408	-10	759	347	2230	88
3800	-11640	5521	11858	-3925	784	-958	-220	-465	31	500	-2	961	376	2664	88
3856	-11586	5510	11825	-3890	830	-1031	0	-526	35	567	9	1046	388	2632	88
3874	-11541	5500	11782	-3897	830	-1031	0	-539	38	579	11	993	374	2668	88
3936	-11334	5698	11625	-4086	1010	-1145	-470	-592	46	635	7	757	309	2434	88
3998	-11174	6152	11573	-4531	1304	-1473	410	-624	61	667	-2	604	302	2257	88
4015	-11159	6141	11546	-4517	1304	-1473	410	-628	64	675	-6	644	273	2300	88
4037	-10644	6166	11040	-4619	697	-861	310	-636	72	689	-10	472	229	2119	88
4080	-10756	6868	11282	-5301	1274	-1782	1280	-649	94	700	-26	463	246	2037	88
4132	-10317	7334	10902	-5850	1254	-1706	1300	-653	119	714	-46	335	249	1974	88
4198	-9821	8137	10509	-6809	1289	-2054	910	-652	167	723	-74	286	197	1858	88
4280	-8626	9097	9466	-8087	1092	-1821	1190	-639	227	720	-95	182	278	1724	88
4334	-8152	9322	9057	-8371	968	-1638	660	-613	277	702	-145	181	332	1754	88
4347	-8014	9667	8990	-8726	981	-1970	1160	-612	281	701	-147	168	286	1714	88
4368	-7846	9804	8858	-8941	969	-2065	1410	-603	311	694	-158	140	420	1718	88
4447	-6966	10396	8124	-9704	757	-2130	-820	-564	387	661	-219	142	590	1688	88
4508	-5819	10776	7131	-10192	507	-1616	530	-525	436	635	-261	158	480	1709	88
4526	-6011	11165	7420	-10540	537	-2508	550	-515	454	623	-273	206	637	1716	88
4565	-4862	11295	6415	-10746	207	-1706	2000	-488	492	601	-310	227	805	1774	88
4661	-4428	11730	6219	-11083	213	-2315	630	-421	573	550	-389	263	924	1753	88
4718	-4069	11572	5814	-11002	-145	-1796	920	-376	615	524	-428	207	1051	1681	88
4771	-4211	11417	5947	-10800	-145	-1796	920	-337	659	487	-486	144	910	1652	88
4823	3479	12025	4371	-11445	-93	-1790	750	-283	700	458	-526	175	1067	1639	88
4875	4216	12208	3679	-11832	-760	-1957	1460	-205	729	411	-575	406	2066	1797	88
4947	5612	11996	-3641	-11816	-999	-1816	1820	-116	825	359	-646	270	1049	1734	88
5037	6761	11685	-4747	-11718	-2407	-3321	5090	-4	881	203	-743	169	420	1592	88
5109	6789	9920	-5180	-10051	-1499	-1594	-470	70	874	131	-770	186	312	1647	88
5165	7066	9509	-5493	-9658	-1894	-984	610	362	699	-198	-694	106	245	1610	88
5184	6973	9855	-5383	-10024	-2525	-2013	-1350	151	849	40	-769	205	251	1617	88
5197	6965	9130	-5460	-9253	-1553	-1653	1780	162	843	30	-768	169	207	1600	88
5219	6809	8921	-5364	-9067	-1724	-1476	-1290	173	835	14	-761	144	194	1571	88
5241	6844	8430	-5456	-8566	-1312	-1254	-290	187	826	-3	-755	86	128	1589	88
5254	6797	8685	-5371	-8809	-2157	-1885	-460	191	824	-8	-756	91	118	1618	88
5293	6702	7712	-5417	-7818	-1581	-1074	-1510	207	812	-33	-754	130	145	1584	88
5410	6432	5845	-5436	-5919	-1628	-1328	1510	232	768	-77	-727	73	48	1582	88
5444	6282	5250	-5410	-5330	-1659	-1189	680	243	752	-90	-715	78	59	1587	88
5570	5159	-3250	-4896	3245	-1964	-1311	300	272	670	-124	-670	60	172	1598	88
5583	4854	-3766	-4683	3797	-1779	-1175	1000	272	670	-124	-670	55	73	1582	88
5635	4885	-4321	-4897	4421	-1990	-940	810	280	517	-137	-564	41	86	1562	88
5648	5094	-4690	-5249	4704	-1696	-1406	-2210	278	486	-136	-547	38	77	1557	88
5675	4876	-5437	-5070	5601	-1045	-611	-1210	277	451	-133	-512	59	96	1571	88
5763	5048	-5321	-5074	5843	-970	-1202	-1160	263	291	-104	-377	47	117	1614	88
5784	5063	-5198	-5109	5753	-970	-1202	-1160	260	255	-93	-353	58	104	1624	88
5847	5749	-4971	-5417	5747	-252	-474	-2690	186	182	-63	-284	100	128	1613	88
5910	6104	-4894	-5532	5728	-401	-188	-310	137	148	-49	-225	112	117	1640	88
5949	6134	-4820	-5466	5679	-288	-221	380	116	124	-45	-189	83	79	1614	88
5962	6164	-4769	-5471	5617	-288	-221	380	107	110	-44	-171	67	70	1596	88
6001	6302	-4748	-5541	5573	-133	-2	-480	90	86	-44	-134	107	103	1590	88
6023	6251	-4752	-5470	5574	24	-41	340	83	75	-42	-113	83	96	1613	88
6036	6257	-4738	-5471	5557	24	-41	340	81	71	-42	-108	85	86	1615	88
6075	6375	-4755	-5558	5541	-11	172	170	71	55	-44	-84	72	63	1598	88
6185	6344	-4577	-5485	5313	55	89	-440	62	9	-51	-21	124	84	1598	88
6269	6403	-4690	-5606	5349	-109	405	10	71	-7	-54	8	92	72	1587	88
6282	6406	-4682	-5603	5336	-109	405	10	70	-9	-55	12	114	96	1625	88
6295	6407	-4669	-5609	5325	-109	405	10	70	-13	-53	15	126	108	1610	88
6317	6232	-4707	-5479	5338	-149	224	400	73	-13	-54	20	112	134	1607	88
6353	6156	-4748	-5442	5348	-28	230	-90	76	-20	-55	32	122	115	1668	88
6448	5968	-4954	-5378	5482	-58	340	430	78	-38	-55	54	58	67	1593	88
6461	5849	-4890	-5259	5413	-29	107	250	78	-39	-57	58	113	85	1590	88
6505	5752	-5108	-5248	5597	-32	319	1000	79	-47	-55	67	113	76	1589	88
6522	5606	-5151	-5129	5624	-27	202	1490	80	-47	-57	72	113	102	1619	88
6535	5607	-5142	-5132	5623	-27	202	1490	80	-50	-56	72	106	97	1623	88
6647	5405	-5351	-5055	5739	-5	289	1330	78	-59	-55	88	76	69	1585	88
6660	5416	-5427	-5106	5774	28	430	70	77	-62	-56	91	68	49	1570	88
6696	5237	-5521	-4979	5860	-23	364	570	76	-64	-56	91	61	79	1568	88
6713	5104	-5615	-4867	5973	6	373	1820	76	-68	-58	92	62	100	1571	88
6748	5008	-5661	-4810	6023	14	340	2270	74	-72	-54	91	54	85	1607	88
6830	4821	-5699	-4680	6027	-124	167	920	69	-67	-53	84	91	136	1650	88
6861	4714	-5810	-4605	6134	52	191	520	67	-65	-54	80	53	89	1580	88
6896	4649	-5895	-4603	6176	7	274	-400	67	-67	-52	83	68	111	1570	88
6943	4480	-6004	-4449	6300	34	267	820	59	-70	-51	85	68	103	1562	88
6956	4542	-6026	-4539	6277	-2	368	-960	59	-69	-51	86	55	96	1548	88
7000	4378	-6048	-4372	6335	126	234	850	59	-72	-54	86	51	64	1595	88
7030	4388	-6047	-4376	6325	126	234	850	56	-72	-53	89	62	123	1571	88
7074	4296	-6063	-4319	6329	39	185	110	51	-75	-49	89	56	100	1581	88
7117	4026	-5987	-4060	6278	-1	253	950	49	-78	-47	91	60	93	1599	88
7130	4064	-6043	-4131	6287	281	310	-960	45	-77	-45	93	70	104	1618	88
7182	4092	-5940	-4114	6208	112	187	1190	42	-80	-45	95	45	105	1583	88
7331	4066	-6050	-4178	6254	159	375	-20	32	-94	-38	104	32	110	1565	88
7371	3296	-6556	-3475	6900	225	442	1250	27	-97	-37	106	54	96	1581	88
7384	3266	-6587	-3499	6875	184	237	-790	26	-96	-35	107	75	121	1624	88
7611	3044	-8159	-3689	8278	59	296	80	12	-122	-19	143	75	173	1644	88
7729	-3335	-9300	-3418	9348	455	463	290	2	-161	-17	185	94	408	1619	88
7790	-3428	-9697	-3400	9728	624	577	-770	-21	-190	-15	204	133	349	1617	88
7808	-3232	-9687	-3582	9704	425	537	-960	-27	-200	-13	210	95	538	1570	88
7887	-2987	-9972	-3815	9982	392	299	-210	-52	-244	-12	248	99	504	1634	88
7904	-3100	-10422	-3765	10437	848	542	170	-58	-254	-15	257	130	461	1630	88
7926	2917	-10373	-3970	10333	527	526	-790	-63	-269	-20	272	154	546	1636	88
7939	3135	-10530	-4215	10460	677	710	-1450	-65	-278	-18	279	175	631	1703	88
7974	3238	-10644	-4319	10603	740	696	410	-56	-303	-22	302	174	670	1692	88
7991	3221	-10727	-4354	10667	814	665	-150	-52	-315	-22	312	155	793	1640	88
8023	3344	-10831	-4521	10750	857	801	-700	-47	-331	-23	323	181	781	1654	88
8073	3826	-11056	-5136	10851	921	938	-1630	-15	-377	-31	372	217	806	1720	88
8095	3806	-11095	-5154	10877	921	938	-1630	-6	-399	-35	395	181	1088	1735	88
8108	4092	-12196	-5616	12071	2467	2792	-1360	-4	-407	-33	400	301	1328	1734	88
8134	4115	-11150	-5443	10919	937	894	1470	-3	-447	-35	451	260	1197	1763	88
8187	4480	-11199	-5864	10831	890	960	140	-2	-507	-43	519	236	917	1750	88
8219	4716	-11511	-6134	11143	1119	1499	1550	-6	-554	-45	559	199	798	1658	88
8236	4758	-11226	-6193	10785	880	946	-830	-10	-575	-45	578	184	736	1659	88
8258	4721	-11514	-6197	11094	1145	1247	610	-9	-589	-45	591	221	824	1723	88
8290	4344	-11550	-5896	11138	1033	1196	1580	-2	-607	-43	613	264	915	1750	88
8386	3823	-11596	-5588	11095	1197	1243	-90	-5	-673	-35	676	181	855	1664	88
8453	-3074	-11737	-4654	11272	1266	1021	1770	-7	-704	-29	714	264	1448	1752	88
8492	-3058	-11896	-4736	11384	1477	1420	490	-20	-733	-24	739	254	955	1701	88
8536	-3380	-11957	-4484	11351	1550	1372	560	-49	-753	-20	766	242	1032	1755	88
8607	-3513	-11940	-4328	11218	1468	1359	100	-97	-779	-23	802	199	950	1668	88
8687	-2906	-11512	-4853	10599	1060	1037	-390	-132	-819	-37	834	168	859	1651	88
8724	3342	-11493	-5298	10493	1556	1551	-990	-126	-827	-51	836	212	935	1663	88
8778	4140	-11312	-6132	10193	1691	1770	-400	-86	-842	-74	833	163	609	1704	88
8791	4129	-11242	-6148	10093	1558	1670	50	-74	-841	-83	829	162	603	1662	88
8857	5079	-10472	-7019	9125	1102	1563	580	-41	-846	-119	821	136	375	1666	88
8874	5292	-10822	-7334	9379	1897	2604	-1420	-37	-845	-123	819	129	416	1639	88
8918	5811	-10154	-7810	8529	1374	2003	-1430	-14	-843	-155	810	139	334	1630	88
8972	5828	-10071	-7859	8376	1584	2224	1460	15	-830	-188	790	120	262	1726	88
8985	6152	-9791	-8229	7928	1323	2092	-1890	18	-828	-193	787	124	282	1693	88
9050	6723	-9280	-8810	7187	1129	2272	-1960	48	-813	-232	763	124	251	1700	88
9089	7065	-8750	-9110	6522	994	1839	-980	67	-803	-263	745	106	198	1766	88
9102	7028	-8771	-9059	6550	994	1839	-980	77	-797	-278	737	115	164	1694	88
9182	7562	-8066	-9505	5699	677	1872	-330	111	-775	-326	699	186	156	1803	88
9200	7534	-8078	-9480	5720	677	1872	-330	119	-772	-333	693	158	133	1773	88
9222	7485	-8117	-9415	5773	677	1872	-330	132	-761	-352	678	172	157	1807	88
9235	7466	-8142	-9378	5800	677	1872	-330	138	-753	-364	670	133	152	1820	88
9256	7423	-8177	-9339	5846	677	1872	-330	150	-743	-375	657	98	105	1756	88
9278	7372	-8217	-9288	5891	677	1872	-330	164	-732	-390	644	162	146	1819	88
9291	7351	-8228	-9269	5919	677	1872	-330	170	-729	-395	636	128	124	1849	88
9313	7305	-8264	-9222	5969	677	1872	-330	183	-719	-408	622	128	151	1728	88
9334	8528	-7298	-10435	4640	55	2156	-610	195	-710	-417	609	218	182	1739	88
9382	8665	-6081	-10321	3478	450	2261	-1490	231	-683	-454	570	209	139	1823	88
9426	8982	-5631	-10470	3050	349	3210	-3290	260	-657	-497	532	196	120	1829	88
9458	8457	-4752	-9715	-3381	93	2219	-1360	280	-635	-521	484	249	119	1897	88
9508	8679	-3915	-9703	-3987	-74	2808	-2980	316	-597	-560	380	207	89	1708	88
9522	8476	-3234	-9332	-4510	-143	1839	-1580	329	-581	-574	342	184	80	1765	88
9602	8140	4501	-8377	-6090	-694	2055	-4850	380	-456	-631	210	129	151	1644	88
9656	6790	5991	-6373	-6960	-781	1544	-4260	411	-331	-660	103	172	203	1631	88
9743	5290	6310	-4605	-6754	-1263	1291	-250	450	-169	-643	-29	85	175	1565	88
9778	4419	6264	-3778	-6541	-1402	921	-1940	466	-120	-628	-73	98	184	1548	88
9800	4131	5942	-3517	-6127	-1187	1168	-400	467	-101	-620	-90	47	126	1562	88
9839	3165	5508	3158	-5495	-1455	914	-1570	474	-45	-595	-139	38	83	1696	88
9880	-3278	4945	3525	-4819	-1215	725	-810	474	3	-511	-176	245	162	1690	88
9893	-3217	4642	3395	-4521	-1610	1099	-1450	459	14	-484	-184	181	158	1624	88
9952	-3491	3746	3522	-3583	-1231	866	70	368	52	-388	-209	164	128	1632	88
9975	-3342	3213	3215	-3140	-1494	951	840	322	65	-335	-218	99	86	1618	88
9988	-3581	3959	3599	-3801	-857	590	2710	304	67	-321	-223	76	61	1597	88
10015	-3469	4648	3535	-4512	-927	776	1770	286	72	-289	-231	57	52	1607	88
10028	-3492	5479	3674	-5306	-1003	672	1420	267	69	-265	-234	50	57	1589	88
10049	-3591	6225	3926	-5997	-631	487	2360	246	71	-253	-239	70	125	1636	88
10081	-3616	6162	3798	-6008	-870	590	1630	232	68	-225	-248	81	124	1618	88
10114	-3722	6150	3790	-5997	-531	318	1420	204	64	-186	-265	86	101	1630	88
10131	-3769	6046	3780	-5905	-300	358	980	192	65	-171	-270	88	149	1621	88
10146	-3844	6078	3833	-5954	-148	139	890	182	66	-162	-271	56	106	1602	88
10185	-3477	6349	3508	-6224	-982	96	1740	148	57	-128	-277	114	155	1591	88
10202	-3453	6355	3487	-6228	-982	96	1740	141	55	-122	-276	80	130	1612	88
10230	-3633	6178	3588	-6178	-291	36	980	113	52	-95	-235	56	98	1599	88
10275	-3704	6102	3622	-6284	-66	6	-1240	82	55	-71	-184	63	98	1614	88
10292	-3637	6181	3610	-6365	-250	-27	-70	72	53	-65	-170	47	99	1602	88
10307	-3662	6161	3637	-6369	-139	-69	210	66	56	-60	-162	32	100	1587	88
10355	-3708	6289	3707	-6543	-126	-358	540	51	55	-45	-137	70	113	1582	88
10420	-3589	6182	3586	-6521	-94	-143	320	25	60	-17	-108	56	170	1562	88
10437	-3579	6176	3572	-6530	-94	-143	320	22	62	-13	-105	45	128	1571	88
10450	-3608	6150	3591	-6514	-115	-91	-600	20	61	-10	-100	65	140	1569	88
10472	-3626	6172	3629	-6536	-132	-159	-260	15	64	-6	-96	49	95	1574	88
10494	-3618	6169	3602	-6552	-132	-159	-260	13	65	2	-91	66	132	1589	88
10534	-3546	6154	3540	-6545	6	-165	530	6	67	6	-92	51	90	1591	88
10565	-3515	6165	3504	-6570	-173	-114	-120	2	68	13	-89	62	129	1597	88
10604	-3603	6147	3635	-6502	-110	-159	40	-6	70	16	-89	55	168	1560	88
10621	-3620	6191	3670	-6535	-29	-302	880	-6	72	15	-91	53	89	1559	88
10636	-3679	6216	3718	-6582	-154	-350	-1230	-9	73	15	-89	57	90	1592	88
10649	-3595	6127	3649	-6469	-95	-136	150	-9	73	17	-89	82	146	1581	88
10671	-3634	6148	3697	-6479	-130	-173	-500	-12	71	17	-89	90	173	1581	88
10686	-3634	6141	3697	-6471	-433	-869	-500	-13	73	17	-91	64	119	1573	88
10729	-3783	6094	3881	-6357	41	-206	-500	-11	73	15	-89	57	116	1569	88
10746	-3807	6223	3938	-6473	-206	-387	-600	-10	74	13	-89	85	155	1554	88
10759	-3711	6130	3844	-6380	-135	-173	610	-9	76	14	-89	60	122	1564	88
10813	-3852	6071	3998	-6295	-127	-161	-540	-8	78	7	-90	65	97	1581	88
10830	-3880	6132	4064	-6310	-155	-275	480	-9	76	6	-92	35	93	1587	88
10843	-3880	6128	4065	-6303	-155	-275	480	-9	77	6	-94	40	107	1578	88
10883	-4049	6083	4254	-6225	0	-376	-560	-13	80	2	-96	68	135	1606	88
10917	-4014	6071	4250	-6186	-151	-284	-630	-16	81	2	-98	74	102	1603	88
10983	-4257	5950	4535	-5942	-80	-284	-930	-16	85	2	-106	47	110	1593	88
11006	-4182	5910	4479	-5885	-168	-105	-110	-18	81	4	-101	61	97	1616	88
11019	-4286	5898	4571	-5861	-135	-168	-630	-16	80	6	-98	63	147	1598	88
11063	-4334	5978	4634	-5913	-264	-312	-670	-17	78	13	-94	51	99	1603	88
11143	-4469	5860	4790	-5746	60	-289	100	-20	79	16	-87	66	95	1624	88
11178	-4377	5836	4710	-5728	-114	-145	640	-21	81	20	-83	69	96	1602	88
11196	-4386	5845	4708	-5732	-114	-145	640	-18	78	21	-82	74	115	1603	88
11209	-4383	5842	4701	-5735	-114	-145	640	-19	79	23	-81	80	155	1604	88
11236	-4501	5826	4814	-5706	-222	-210	250	-19	79	26	-76	72	126	1624	88
11249	-4586	5878	4902	-5748	46	-423	660	-19	79	26	-76	79	121	1605	88
11264	-4514	5786	4805	-5684	59	-187	-480	-20	77	26	-74	77	119	1632	88
11286	-4493	5851	4802	-5730	-170	-243	-160	-21	76	29	-75	81	118	1599	88
11334	-4540	5785	4831	-5669	-205	-174	160	-21	76	33	-69	49	90	1564	88
11351	-4623	5814	4904	-5694	61	-334	340	-19	76	34	-68	67	101	1605	88
11364	-4563	5792	4839	-5693	54	-241	-230	-21	76	35	-66	55	99	1592	88
11379	-4490	5882	4787	-5784	-334	-279	840	-18	79	35	-67	39	87	1603	88
11413	-4564	5734	4812	-5655	-41	-152	0	-17	80	37	-65	56	85	1581	88
11448	-4606	5794	4842	-5737	-253	-257	-320	-13	81	33	-65	66	123	1609	88
11466	-4663	5743	4898	-5669	43	-268	-10	-12	81	33	-64	71	95	1598	88
11492	-4636	5769	4861	-5711	-216	-253	230	-10	82	33	-65	77	94	1599	88
11505	-4681	5744	4894	-5677	-72	-265	320	-9	80	33	-65	64	80	1589	88
11526	-4623	5709	4820	-5655	-70	-157	630	-10	80	37	-65	80	102	1614	88
11580	-4816	5591	4989	-5528	-160	-226	-40	-19	84	41	-68	64	89	1598	88
11594	-4806	5594	4978	-5529	-160	-226	-40	-22	83	44	-68	80	131	1608	88
11633	-4751	5524	4898	-5450	-118	-63	410	-23	82	52	-71	67	119	1600	88
11656	-4919	5604	5083	-5526	-156	-389	-110	-26	84	49	-69	55	86	1610	88
11721	-6176	-3037	5821	3239	-113	-188	730	-32	81	54	-69	95	77	1624	88
11756	-6603	-2980	6279	3228	4	-332	-940	-45	74	49	-60	136	54	1609	88
11778	-6524	2973	6280	3108	-401	-306	410	-53	71	50	-57	155	68	1597	88
11791	-6693	-2991	6428	3292	-18	-140	-120	-61	68	54	-51	108	47	1605	88
11817	-6702	2921	6478	3192	-129	-60	1410	-62	65	53	-44	95	58	1633	88
11843	-6948	2944	6695	3167	-140	-55	-250	-65	60	55	-36	98	56	1656	88
11871	-7291	3099	7053	3076	69	-291	610	-68	59	62	-34	183	67	1653	88
11901	-7374	3120	7118	3064	135	-200	780	-70	55	69	-30	187	88	1658	88
11919	-7390	3170	7114	2983	64	-18	1050	-65	55	71	-22	149	78	1689	88
11932	-7480	3276	7188	-2933	45	-6	1180	-61	52	74	-15	155	80	1682	88
11954	-7625	3346	7295	-3023	63	-57	580	-57	53	79	-10	139	72	1632	88
12008	-7886	3849	7558	-3549	45	-28	1360	-58	50	88	-3	195	142	1698	88
12021	-7991	3930	7650	-3629	76	-39	760	-60	48	91	-3	203	99	1753	88
12042	-8258	4084	7920	-3757	248	-390	260	-64	46	96	0	239	125	1676	88
12055	-8161	4139	7851	-3801	189	-76	1540	-65	44	96	0	238	154	1729	88
12070	-8274	4247	7942	-3927	-8	-212	-210	-68	44	101	0	195	128	1685	88
12085	-8423	4362	8144	-3994	298	-316	1280	-73	45	100	0	147	114	1657	88
12112	-8622	4458	8344	-4074	168	-361	-290	-79	43	104	2	121	107	1621	88
12125	-8612	4464	8343	-4075	168	-361	-290	-82	41	104	2	175	116	1694	88
12164	-8673	4593	8415	-4205	141	-215	-560	-94	41	115	4	200	120	1699	88
12210	-8856	4918	8678	-4460	138	-291	710	-107	41	125	3	220	158	1795	88
12244	-9223	4817	9030	-4296	420	-359	-770	-119	42	135	2	343	195	1740	88
12262	-9291	4858	9124	-4299	377	-344	-150	-123	41	140	4	307	183	1730	88
12276	-9181	5008	9060	-4449	101	-208	560	-128	42	143	4	354	193	1827	88
12324	-9540	5207	9447	-4574	271	-451	120	-151	43	168	5	365	156	1967	88
12395	-9764	5364	9765	-4618	267	-411	550	-194	49	202	-2	488	193	2109	88
12412	-9940	5363	9925	-4587	390	-476	-260	-198	50	208	-6	515	307	2059	88
12440	-10094	5251	10107	-4392	365	-299	-370	-215	50	221	-9	428	216	1968	88
12453	-10267	5437	10322	-4531	449	-598	430	-221	53	228	-10	530	224	1935	88
12502	-10520	5398	10578	-4353	431	-516	-820	-251	50	260	-28	564	251	1950	88
12589	-10794	5996	10984	-4737	656	-694	810	-321	57	336	-57	646	290	2237	88
12606	-10900	6152	11098	-4892	649	-833	280	-326	57	343	-54	662	318	2227	88
12701	-10930	6345	11057	-5056	455	-603	-430	-417	55	479	-32	775	306	2127	88
12772	-11384	6400	11579	-4967	700	-921	-10	-477	67	545	-26	1064	418	2488	88
12790	-11356	6476	11572	-5038	851	-1021	430	-492	71	560	-28	837	406	2410	88
12811	-11231	6461	11446	-5047	818	-859	110	-502	72	569	-27	926	355	2367	88
12850	-11340	6525	11563	-5099	1059	-1232	-990	-533	77	599	-27	800	408	2275	88
12922	-10932	6946	11297	-5581	1119	-1297	500	-572	97	626	-29	683	321	2116	88
12939	-10804	7187	11212	-5834	1158	-1392	1160	-576	100	631	-32	627	323	2167	88
12974	-10650	7351	11073	-6069	1044	-1409	180	-579	115	634	-38	527	266	2131	88
12991	-10592	7449	11049	-6170	1166	-1460	650	-583	122	636	-42	517	286	2096	88
13026	-10353	7690	10859	-6474	1190	-1471	930	-589	141	642	-51	396	291	1843	88
13065	-10032	8321	10619	-7173	1138	-1846	1420	-588	160	648	-67	358	373	1960	88
13087	-9758	8194	10324	-7123	1091	-1340	600	-587	176	645	-79	343	387	1923	88
13100	-9625	8583	10247	-7550	1079	-1691	1650	-586	186	649	-81	314	349	1872	88
13121	-9501	8729	10140	-7768	1044	-1779	770	-589	200	650	-84	242	347	1764	88
13143	-9085	8715	9733	-7827	827	-1248	750	-588	211	649	-93	271	377	1825	88
13182	-8686	9380	9441	-8569	776	-1696	1450	-579	237	643	-117	229	344	1732	88
13221	-8202	9546	8952	-8868	849	-1403	1530	-569	265	645	-133	233	371	1778	88
13269	-8720	10341	9539	-9666	1566	-3699	840	-559	293	638	-152	277	511	1828	88
13361	-6676	10488	7604	-10180	523	-1886	550	-517	388	599	-230	191	641	1701	88
13457	-5919	10879	7061	-10571	335	-1915	1220	-474	454	562	-291	169	685	1646	88
13533	-5147	11288	6454	-10976	0	-2064	110	-428	522	525	-375	233	880	1699	88
13551	-4849	11141	6176	-10865	35	-1646	800	-417	545	518	-388	190	790	1688	88
13573	-4772	11195	6123	-10901	291	-1795	880	-404	561	509	-409	199	630	1689	88
13587	-4844	11559	6283	-11209	-2	-2420	-20	-400	564	504	-416	240	602	1704	88
13609	-4515	11196	5945	-10860	-95	-1522	-90	-382	584	491	-433	227	637	1669	88
13631	-4845	11436	6369	-10989	-155	-2246	-780	-374	599	481	-449	250	746	1665	88
13670	-4356	11497	6028	-11000	-269	-1954	-930	-355	622	462	-470	240	861	1701	88
13731	-4006	11737	5859	-11108	-289	-2091	560	-324	642	444	-492	225	1087	1746	88
13787	-4153	11588	5964	-10942	-289	-2091	560	-282	684	415	-539	216	903	1684	88
13843	-4259	11487	6036	-10857	-289	-2091	560	-252	713	395	-562	239	778	1736	88
13900	-2994	12051	5222	-11203	-722	-2057	1150	-215	739	366	-593	191	846	1720	88
13960	3375	12128	4645	-11394	-1165	-2394	860	-152	789	333	-631	233	1109	1676	88
14032	4797	12093	3194	-11663	-1633	-2521	3490	-82	857	284	-690	194	772	1664	88
14112	5698	11231	-3807	-11185	-1168	-1636	130	25	888	185	-728	239	573	1653	88
14179	7133	10335	-5494	-10692	-1801	-1523	3580	113	887	87	-750	257	346	1615	88
14255	7953	10267	-6484	-10916	-4374	-3073	5570	204	867	-5	-758	152	264	1590	88
14294	7694	7687	-6798	-8459	-1785	-899	1450	249	847	-51	-761	170	207	1608	88
14392	7372	5904	-6939	-6811	-1726	-710	2080	344	791	-158	-739	117	104	1702	88
14427	7150	5540	-6803	-6449	-2148	-991	1780	369	772	-189	-727	116	100	1668	88
14440	7085	5185	-6816	-6109	-2224	-1033	1370	376	764	-200	-724	75	89	1644	88
14522	6112	-3129	-6336	-3574	-1893	-642	660	414	722	-249	-689	45	35	1565	88
14552	5653	-3572	-5987	-3034	-2510	-991	360	422	685	-262	-676	72	97	1627	88
14577	5269	-4082	-5673	3513	-2162	-775	1630	428	621	-275	-666	84	173	1609	88
14590	5260	-3988	-5657	3472	-2162	-775	1630	431	593	-279	-656	92	209	1695	88
14638	3926	-4895	-4565	4658	-1671	-542	-80	433	486	-283	-591	52	148	1561	88
14709	3655	-5558	-4298	5471	-1372	-719	-3820	431	359	-273	-428	71	123	1594	88
14798	4755	-5090	-5040	5552	-741	-748	-5170	405	245	-191	-365	60	151	1577	88
14819	4778	-4865	-4956	5478	-347	-912	-4150	395	220	-173	-349	72	120	1580	88
15060	7215	-2967	-5884	4048	-81	63	-440	114	50	-51	-97	80	68	1600	88
15222	7402	-2911	-5967	3851	63	34	-30	39	19	-18	-20	179	91	1607	88
15296	7411	-2905	-6007	3783	-80	-19	0	32	11	-12	-2	160	89	1712	88
15401	7397	-2939	-6007	3791	-84	2	40	32	8	-17	2	106	69	1587	88
15447	7376	-2972	-5991	3802	7	68	-770	36	8	-26	4	122	94	1666	88
15482	7397	2903	-6016	3733	-301	-22	-260	45	6	-28	3	133	73	1632	88
15499	7243	-3048	-5871	3906	135	-17	630	46	8	-32	5	105	58	1658	88
15512	7293	-3053	-5939	3878	-148	-3	610	48	7	-34	7	179	73	1626	88
15525	7285	-3060	-5919	3882	-148	-3	610	50	9	-40	6	149	89	1610	88
15553	7275	-3049	-5932	3861	-143	33	10	58	7	-43	7	138	91	1619	88
15592	7149	-3143	-5868	3951	65	65	0	75	9	-47	7	146	99	1705	88
15622	7190	-3050	-5924	3833	-61	75	-1650	80	6	-50	6	181	83	1622	88
15666	7169	-3169	-5887	3993	-118	88	820	77	2	-53	5	179	63	1584	88
15688	7142	-3132	-5858	3951	-137	-8	370	75	2	-52	6	209	80	1655	88
15727	7132	-3212	-5867	4028	-1	121	230	77	-1	-55	7	114	85	1621	88
15917	7069	-3570	-5930	4309	-272	401	200	94	-1	-73	4	107	74	1603	88
15978	6962	-3659	-5853	4383	-256	347	420	98	-2	-79	7	126	70	1575	88
16000	6767	-3817	-5715	4552	-46	251	1260	99	-4	-78	6	161	66	1560	88
16066	6743	-3850	-5706	4564	-116	263	590	99	-8	-84	8	117	84	1604	88
16092	6743	-3825	-5719	4526	-322	207	270	101	-9	-86	7	125	102	1617	88
16115	6635	-3932	-5639	4631	-212	183	500	101	-10	-88	8	106	70	1650	88
16137	6704	-4012	-5733	4680	-346	349	-130	100	-8	-87	7	122	71	1602	88
16181	6557	-4131	-5610	4816	-262	291	320	102	-10	-89	10	187	87	1601	88
16194	6564	-4135	-5611	4820	-262	291	320	100	-9	-89	9	122	74	1605	88
16283	6168	-4496	-5364	5144	15	221	1380	109	-8	-85	20	121	78	1613	88
16317	6146	-4591	-5408	5172	-218	291	1120	110	-8	-80	30	73	75	1598	88
16873	3592	-7474	-3955	7697	202	291	1110	36	-87	-32	114	65	129	1602	88
16959	3574	-8269	-4128	8425	272	460	350	21	-106	-26	123	90	214	1580	88
16977	3480	-8453	-4101	8574	385	463	-320	20	-105	-25	124	94	230	1616	88
16990	3484	-8425	-4108	8545	385	463	-320	19	-113	-23	132	87	222	1607	88
17033	3447	-8593	-4108	8713	228	196	340	14	-126	-21	142	40	337	1576	88
17083	3624	-8918	-4336	8998	200	333	380	12	-138	-22	155	54	465	1531	88
17157	3498	-9643	-4412	9653	492	569	-180	9	-168	-19	185	95	425	1598	88
17170	3492	-9626	-4414	9639	492	569	-180	11	-173	-18	189	93	479	1664	88
17185	3490	-9628	-4410	9630	261	468	450	10	-180	-20	199	119	398	1661	88
17234	3090	-10196	-4191	10180	665	428	550	9	-207	-16	226	138	459	1618	88
17252	3093	-10167	-4188	10142	665	428	550	8	-215	-17	237	142	503	1622	88
17291	3254	-10276	-4395	10176	426	490	-290	6	-238	-19	264	165	527	1673	88
17347	3131	-10833	-4439	10687	660	742	-600	6	-277	-18	300	238	899	1697	88
17364	3087	-10712	-4378	10575	495	381	-40	6	-289	-19	312	237	890	1734	88
17386	2977	-11084	-4345	10966	840	871	1240	10	-311	-18	335	270	768	1700	88
17399	-3047	-11115	-4167	10995	811	608	830	9	-317	-17	339	230	823	1671	88
17550	3195	-11549	-4840	11229	755	756	-270	10	-491	-22	514	224	1014	1678	88
17567	3545	-11706	-5255	11320	966	1124	-1620	14	-516	-20	534	279	1098	1760	88
17619	3369	-12004	-5179	11554	1254	1134	-630	5	-569	-14	605	354	1563	1750	88
17641	2960	-11942	-4829	11463	932	835	540	2	-596	-7	649	301	1498	1756	88
17654	-3010	-12194	-4758	12205	1790	1897	2190	2	-606	-6	657	330	1824	1822	88
17699	-3898	-12204	-3888	11949	1257	1123	3140	-14	-658	-2	667	361	2282	1880	88
17717	-3872	-12117	-3948	11680	1106	887	-190	-28	-649	-2	684	544	3403	1962	88
17743	-3865	-12206	-3981	11771	1318	1125	-490	-41	-650	-2	700	617	2710	2062	88
17782	-3907	-12210	-3997	12127	1598	1420	210	-75	-692	5	642	556	2287	2001	88
17800	-3944	-12010	-3864	11762	1042	909	520	-88	-716	7	651	460	2023	1845	88
17821	-4046	-12210	-3783	12215	2057	1569	450	-102	-737	1	688	354	1512	1735	88
17860	-3463	-12046	-4252	11542	1331	1415	-1260	-123	-773	-16	756	302	1261	1667	88
17917	4165	-11491	-5826	10632	1296	1463	-3150	-122	-797	-51	826	220	885	1660	88
17978	5589	-10775	-7027	9826	1693	2121	-2650	-85	-808	-90	821	180	774	1609	88
18030	5735	-10462	-7091	9549	1548	1819	-50	-51	-810	-123	811	171	412	1661	88
18051	6182	-10259	-7555	9227	1275	1913	-2280	-32	-802	-135	801	174	447	1662	88
18095	6057	-10410	-7494	9341	1448	2011	370	2	-788	-165	787	195	387	1668	88
18112	6134	-10090	-7575	8951	958	1617	-370	11	-785	-171	784	201	342	1745	88
18134	6108	-10419	-7705	9171	1402	2038	-120	24	-779	-179	776	160	402	1638	88
18160	6216	-10159	-7725	8937	1337	1711	1600	31	-776	-189	772	148	341	1672	88
18179	6585	-9936	-8129	8573	1006	1757	-1390	36	-777	-194	771	192	257	1727	88
18200	6708	-10052	-8264	8680	1361	2007	-1000	42	-771	-197	764	185	301	1717	88
18222	6542	-10048	-8162	8629	1089	1824	1120	45	-768	-203	757	196	291	1811	88
18294	6447	-9970	-8171	8392	1182	1923	1830	62	-754	-230	739	144	356	1724	88
18311	6426	-9819	-8217	8149	1126	1652	-450	69	-751	-236	732	146	315	1740	88
18333	6619	-9936	-8459	8194	1389	1991	-810	73	-747	-242	725	120	288	1657	88
18346	6605	-9937	-8434	8211	1389	1991	-810	77	-747	-249	720	137	284	1672	88
18394	6912	-9598	-8861	7640	1255	2176	740	88	-747	-262	708	113	335	1717	88
18481	7720	-9139	-9687	6824	1176	2373	-1010	113	-723	-317	679	176	207	1930	88
18602	8176	-8658	-10162	6108	867	2270	-1900	141	-702	-378	627	228	200	1826	88
18642	8118	-8692	-10086	6184	867	2270	-1900	157	-693	-400	605	215	200	1908	88
18655	8108	-8694	-10078	6201	867	2270	-1900	160	-693	-402	600	178	178	2016	88
18716	7991	-8761	-9971	6322	867	2270	-1900	193	-675	-432	565	238	250	1890	88
18786	9597	-6416	-11221	3684	288	1654	-1800	244	-639	-496	503	368	203	2057	88
18805	10123	-6372	-11689	3604	289	2928	-3490	258	-625	-515	480	424	193	2379	88
18853	10465	-4053	-11433	-4283	-39	1755	-2110	303	-593	-576	416	393	177	2181	88
18872	10711	-3722	-11568	-4562	-285	2373	-2620	312	-588	-586	399	508	193	2255	88
18917	10588	3774	-10936	-5890	-651	2045	-3060	373	-513	-653	276	447	461	2063	88
18993	9838	5855	-9521	-7558	-981	1741	-3080	459	-341	-713	136	539	228	1887	88
19029	9092	6524	-8544	-7922	-1080	1573	-2440	495	-264	-727	58	270	177	1666	88
19086	7605	7181	-6831	-8081	-1311	1408	-1680	532	-166	-721	-43	171	225	1647	88
19152	5887	7342	-5031	-7787	-1399	874	-1560	552	-70	-700	-140	112	200	1595	88
19206	4339	7022	-3442	-7047	-1757	1074	-2310	557	9	-674	-212	60	155	1564	88
19219	4343	6959	-3462	-6996	-1757	1074	-2310	556	27	-668	-226	76	166	1549	88
19299	-3066	5917	3708	-5630	-1845	728	-1530	545	113	-589	-293	48	117	1598	88
19360	-3727	4671	4101	-4208	-1793	789	-700	443	154	-442	-324	150	125	1649	88
19378	-3891	4382	4239	-3879	-1448	520	380	404	161	-409	-329	109	112	1607	88
19399	-4249	4986	4730	-4394	-955	320	50	355	169	-364	-326	106	118	1607	88
19412	-3167	5097	3692	-4673	-3483	1138	830	344	169	-353	-321	82	120	1618	88
19427	-4148	5456	4706	-4866	-1605	567	1860	304	169	-302	-307	64	101	1583	88
19518	-5096	5530	5614	-4922	-1058	337	170	183	171	-190	-267	78	93	1616	88
19572	-5471	5126	5863	-4577	-1067	275	-1150	134	170	-143	-243	96	115	1622	88
19619	-5681	4959	5978	-4386	-891	77	1220	102	165	-84	-224	156	110	1715	88
19654	-5856	4751	6102	-4194	-734	66	320	85	161	-71	-213	84	71	1632	88
19679	-6184	4521	6385	-3933	-568	-100	-1020	79	157	-67	-204	163	103	1679	88
19802	-6335	4191	6450	-3624	-540	-36	-640	44	131	-25	-157	117	107	1673	88
19820	-6481	4129	6598	-3529	-253	-182	-210	36	127	-18	-150	132	79	1685	88
19847	-6500	4095	6622	-3491	-88	-203	-60	18	118	-3	-136	140	86	1687	88
19887	-6568	4049	6706	-3407	-54	-323	110	3	108	10	-124	116	73	1675	88
19900	-6551	4057	6691	-3428	-54	-323	110	-2	106	14	-118	138	63	1635	88
19939	-6498	4051	6638	-3431	-43	-306	840	-20	96	35	-99	108	75	1638	88
19974	-6440	4072	6560	-3496	-50	-248	760	-28	89	45	-85	111	105	1688	88
19991	-6468	4006	6557	-3457	-41	-238	-440	-34	88	51	-80	150	85	1692	88
20004	-6419	3948	6509	-3401	-34	-135	-120	-40	87	58	-75	112	76	1639	88
20058	-6508	4088	6605	-3555	272	-420	970	-56	81	75	-59	158	95	1626	88
20088	-6290	4131	6363	-3648	-74	-214	1460	-60	78	88	-53	167	99	1639	88
20123	-6311	4103	6352	-3668	-38	-243	-730	-72	78	95	-50	104	78	1635	88
20140	-6405	4242	6493	-3763	115	-534	1190	-73	77	95	-49	89	64	1665	88
20153	-6263	4125	6309	-3696	64	-192	180	-77	76	100	-47	111	66	1633	88
20192	-6341	4224	6369	-3764	238	-410	800	-82	72	116	-48	137	106	1642	88
20216	-6342	4218	6375	-3770	238	-410	800	-82	74	114	-46	99	99	1646	88
20229	-6269	4196	6297	-3775	-62	-338	-530	-85	73	112	-46	97	105	1648	88
20251	-6248	4111	6277	-3686	-14	-205	-90	-85	73	112	-43	78	84	1619	88
20304	-6410	4132	6440	-3683	196	-448	-180	-87	71	113	-41	106	84	1598	88
20335	-6318	4098	6347	-3660	196	-267	350	-89	70	113	-42	121	87	1643	88
20348	-6350	4155	6359	-3724	23	-400	-280	-87	68	117	-40	110	111	1665	88
20391	-6320	4014	6311	-3593	9	-181	-840	-84	68	112	-40	115	99	1601	88
20435	-6427	4261	6434	-3851	80	-1054	-180	-87	68	112	-41	113	103	1586	88
20467	-6149	3985	6147	-3603	97	-321	380	-91	67	111	-39	81	60	1640	88
20480	-6133	3985	6143	-3607	97	-321	380	-96	67	112	-38	66	57	1604	88
20512	-6205	4000	6214	-3604	129	-483	10	-103	66	118	-40	102	106	1588	88
20530	-6098	3921	6064	-3526	47	-239	-150	-103	62	130	-40	74	85	1606	88
20543	-6101	3927	6058	-3527	47	-239	-150	-102	60	132	-40	149	109	1605	88
20564	-6249	3912	6170	-3474	344	-413	-210	-106	57	146	-42	88	74	1614	88
20577	-6043	3900	5962	-3480	-146	-219	-160	-110	57	154	-43	94	55	1643	88
20605	-6159	3732	6066	-3246	39	-267	-200	-119	55	164	-48	67	57	1602	88
20631	-6288	3692	6160	-3193	44	-443	-1510	-117	54	167	-50	96	64	1580	88
20666	-6169	3541	5996	-2974	-182	-166	-440	-113	45	183	-57	88	67	1593	88
20679	-6382	3402	6195	2993	280	-271	-1290	-113	48	180	-58	153	76	1614	88
20707	-6371	3416	6192	3016	13	-334	-560	-105	43	179	-56	138	85	1619	88
20720	-6343	3263	6184	3161	-79	-169	-1330	-102	43	163	-54	119	79	1658	88
20741	-6436	3096	6321	3340	-96	-232	-1940	-99	45	142	-48	90	62	1597	88
20825	-6492	2920	6474	3532	-23	-103	1020	-82	41	95	-33	132	83	1725	88
20869	-6496	2934	6459	3410	-35	-58	400	-82	42	82	-20	189	78	1643	88
20882	-6481	2942	6412	3389	-16	23	500	-77	39	85	-18	152	86	1608	88
20895	-6441	2977	6370	3350	85	151	1520	-74	37	87	-14	141	80	1669	88
20909	-6446	2982	6389	3337	85	151	1520	-73	36	81	-10	160	86	1626	88
20924	-6453	3096	6391	3176	-9	31	740	-75	36	79	-7	106	67	1591	88
20969	-6479	3209	6353	2948	5	44	690	-62	35	72	7	126	58	1672	88
20987	-6424	3277	6318	-2935	33	101	1780	-62	36	71	11	158	80	1635	88
21009	-6459	3381	6347	-3081	-28	-96	970	-69	37	72	12	100	87	1612	88
21048	-6408	3493	6179	-3275	24	30	740	-58	36	86	11	118	90	1596	88
21061	-6370	3583	6148	-3359	24	29	740	-57	34	88	10	97	75	1589	88
21082	-6339	3698	6080	-3526	-6	-26	1680	-58	32	95	13	114	85	1624	88
21100	-6363	3711	6057	-3584	-74	-76	450	-58	32	98	14	174	77	1705	88
21113	-6496	3637	6125	-3505	108	-131	-1090	-53	28	104	15	197	92	1647	88
21134	-6394	3650	6085	-3486	-28	-22	410	-52	29	94	10	137	82	1666	88
21165	-6590	3657	6292	-3450	8	-331	-350	-50	25	82	4	94	73	1621	88
21201	-6548	3519	6267	-3289	-36	-139	-910	-50	24	71	-3	134	107	1637	88
21236	-6585	3414	6336	-3153	27	-52	-520	-42	25	55	-4	98	111	1655	88
21254	-6587	3503	6375	-3206	-12	-128	1080	-37	22	48	-6	143	84	1625	88
21267	-6596	3419	6354	-3142	-50	-47	-420	-36	20	43	-8	125	105	1663	88
21281	-6572	3395	6337	-3103	-66	38	110	-32	18	39	-9	157	96	1632	88
21307	-6680	3410	6449	-3098	16	-108	-200	-29	15	32	-10	138	98	1645	88
21320	-6680	3414	6453	-3102	16	-108	-200	-29	14	31	-9	142	94	1605	88
21348	-6684	3415	6472	-3086	63	-82	170	-27	12	26	-10	154	83	1697	88
21365	-6666	3367	6465	-3031	-20	-31	280	-25	10	21	-8	159	85	1633	88
21384	-6669	3367	6458	-3031	-20	-31	280	-24	10	23	-8	177	82	1688	88
21406	-6679	3301	6462	-2958	-26	40	-440	-20	8	18	-8	126	86	1654	88
21419	-6676	3298	6458	-2961	-26	40	-440	-21	9	19	-7	190	100	1639	88
21458	-6848	3435	6672	-3041	-121	-462	290	-20	7	17	-7	159	83	1640	88
21502	-6722	3211	6497	2939	-15	6	-560	-23	8	21	-5	167	86	1642	88
21520	-6711	3266	6520	2917	66	-30	680	-27	7	23	-7	153	68	1678	88
21533	-6703	3268	6514	2920	66	-30	680	-29	6	25	-8	120	82	1671	88
21546	-6711	3229	6483	2939	-27	-43	-790	-31	6	30	-10	136	73	1639	88
21560	-6679	3226	6462	2971	-3	13	200	-31	5	33	-12	100	58	1613	88
21573	-6856	3292	6637	2922	182	-313	120	-32	5	35	-11	115	63	1608	88
21601	-6692	3290	6485	2907	95	-36	650	-33	4	38	-6	103	45	1630	88
21619	-6667	3273	6435	-2907	90	32	-500	-35	4	42	-3	120	46	1679	88
21632	-6663	3373	6463	-2997	61	-72	490	-35	3	41	0	114	52	1676	88
21658	-6648	3378	6430	-3027	140	15	240	-31	5	41	2	96	76	1637	88
21671	-6660	3517	6464	-3170	128	-107	800	-28	4	37	4	123	72	1614	88
